RelativeTime,PacketsSent,PacketsReceived,BytesSent,BytesReceived,IPSrc0,IPDst0,Protocol0,PacketsSent0,PacketsReceived0,BytesSent0,BytesReceived0,IPSrc1,IPDst1,Protocol1,PacketsSent1,PacketsReceived1,BytesSent1,BytesReceived1,IPSrc2,IPDst2,Protocol2,PacketsSent2,PacketsReceived2,BytesSent2,BytesReceived2,IPSrc3,IPDst3,Protocol3,PacketsSent3,PacketsReceived3,BytesSent3,BytesReceived3,IPSrc4,IPDst4,Protocol4,PacketsSent4,PacketsReceived4,BytesSent4,BytesReceived4,IPSrc5,IPDst5,Protocol5,PacketsSent5,PacketsReceived5,BytesSent5,BytesReceived5,IPSrc6,IPDst6,Protocol6,PacketsSent6,PacketsReceived6,BytesSent6,BytesReceived6,IPSrc7,IPDst7,Protocol7,PacketsSent7,PacketsReceived7,BytesSent7,BytesReceived7,IPSrc8,IPDst8,Protocol8,PacketsSent8,PacketsReceived8,BytesSent8,BytesReceived8,IPSrc9,IPDst9,Protocol9,PacketsSent9,PacketsReceived9,BytesSent9,BytesReceived9,IPSrc10,IPDst10,Protocol10,PacketsSent10,PacketsReceived10,BytesSent10,BytesReceived10,IPSrc11,IPDst11,Protocol11,PacketsSent11,PacketsReceived11,BytesSent11,BytesReceived11,IPSrc12,IPDst12,Protocol12,PacketsSent12,PacketsReceived12,BytesSent12,BytesReceived12,IPSrc13,IPDst13,Protocol13,PacketsSent13,PacketsReceived13,BytesSent13,BytesReceived13,IPSrc14,IPDst14,Protocol14,PacketsSent14,PacketsReceived14,BytesSent14,BytesReceived14,IPSrc15,IPDst15,Protocol15,PacketsSent15,PacketsReceived15,BytesSent15,BytesReceived15,IPSrc16,IPDst16,Protocol16,PacketsSent16,PacketsReceived16,BytesSent16,BytesReceived16,IPSrc17,IPDst17,Protocol17,PacketsSent17,PacketsReceived17,BytesSent17,BytesReceived17,IPSrc18,IPDst18,Protocol18,PacketsSent18,PacketsReceived18,BytesSent18,BytesReceived18,IPSrc19,IPDst19,Protocol19,PacketsSent19,PacketsReceived19,BytesSent19,BytesReceived19,IPSrc20,IPDst20,Protocol20,PacketsSent20,PacketsReceived20,BytesSent20,BytesReceived20,IPSrc21,IPDst21,Protocol21,PacketsSent21,PacketsReceived21,BytesSent21,BytesReceived21,IPSrc22,IPDst22,Protocol22,PacketsSent22,PacketsReceived22,BytesSent22,BytesReceived22,IPSrc23,IPDst23,Protocol23,PacketsSent23,PacketsReceived23,BytesSent23,BytesReceived23,IPSrc24,IPDst24,Protocol24,PacketsSent24,PacketsReceived24,BytesSent24,BytesReceived24,IPSrc25,IPDst25,Protocol25,PacketsSent25,PacketsReceived25,BytesSent25,BytesReceived25,Buffering,Paused,Playing,CollectData,EpochTime,StartTime,PlaybackProgress,Length,UnlabelledQuality,q144p,q240p,q360p,q480p,q720p,q1080p,q1440p,q2160p,BufferHealth,BufferProgress,BufferValid
0.0,1,0,217,0, 192.168.1.111,173.194.184.10,0,0,0,0,0, 192.168.1.111,172.217.135.9,0,0,0,0,0, 192.168.1.111,172.217.11.35,0,0,0,0,0, 192.168.1.111,172.217.6.238,0,0,0,0,0, 192.168.1.111,172.217.11.3,0,0,0,0,0, 192.168.1.111,172.217.10.78,0,0,0,0,0, 192.168.1.111,172.217.7.14,0,0,0,0,0, 192.168.1.111,172.217.12.174,0,0,0,0,0, 192.168.1.111,172.217.17.35,0,0,0,0,0, 192.168.1.111,172.217.19.195,0,0,0,0,0, 192.168.1.111,172.217.9.227,0,0,0,0,0, 192.168.1.111,172.217.11.42,0,0,0,0,0, 192.168.1.111,172.217.12.162,0,0,0,0,0, 192.168.1.111,172.217.135.41,0,0,0,0,0, 192.168.1.111,172.217.11.38,0,0,0,0,0, 192.168.1.111,173.194.7.25,0,0,0,0,0, 192.168.1.111,172.217.11.13,0,0,0,0,0, 192.168.1.111,172.217.11.46,0,0,0,0,0, 192.168.1.111,172.217.11.33,0,0,0,0,0, 192.168.1.111,172.217.13.228,0,0,0,0,0, 192.168.1.111,172.217.13.227,0,0,0,0,0, 192.168.1.111,172.217.11.51,0,0,0,0,0, 192.168.1.111,10.0.1.2,0,0,0,0,0, 192.168.1.111,0,0,0,0,0,0, 192.168.1.111,0,0,0,0,0,0, 192.168.1.111,0.0.0.0,0,1,0,217,0,0,0,0,0,0,1526510405250,0.0,31732.921,0,0,0,0,0,0,0,0,0,0.0,0.0,-1
0.1,0,0,0,0, 192.168.1.111,173.194.184.10,0,0,0,0,0, 192.168.1.111,172.217.135.9,0,0,0,0,0, 192.168.1.111,172.217.11.35,0,0,0,0,0, 192.168.1.111,172.217.6.238,0,0,0,0,0, 192.168.1.111,172.217.11.3,0,0,0,0,0, 192.168.1.111,172.217.10.78,0,0,0,0,0, 192.168.1.111,172.217.7.14,0,0,0,0,0, 192.168.1.111,172.217.12.174,0,0,0,0,0, 192.168.1.111,172.217.17.35,0,0,0,0,0, 192.168.1.111,172.217.19.195,0,0,0,0,0, 192.168.1.111,172.217.9.227,0,0,0,0,0, 192.168.1.111,172.217.11.42,0,0,0,0,0, 192.168.1.111,172.217.12.162,0,0,0,0,0, 192.168.1.111,172.217.135.41,0,0,0,0,0, 192.168.1.111,172.217.11.38,0,0,0,0,0, 192.168.1.111,173.194.7.25,0,0,0,0,0, 192.168.1.111,172.217.11.13,0,0,0,0,0, 192.168.1.111,172.217.11.46,0,0,0,0,0, 192.168.1.111,172.217.11.33,0,0,0,0,0, 192.168.1.111,172.217.13.228,0,0,0,0,0, 192.168.1.111,172.217.13.227,0,0,0,0,0, 192.168.1.111,172.217.11.51,0,0,0,0,0, 192.168.1.111,10.0.1.2,0,0,0,0,0, 192.168.1.111,0,0,0,0,0,0, 192.168.1.111,0,0,0,0,0,0, 192.168.1.111,0.0.0.0,0,0,0,0,0,0,0,0,0,0,1526510405250,0.0,31732.921,0,0,0,0,0,0,0,0,0,0.0,0.0,-1
0.2,0,0,0,0, 192.168.1.111,173.194.184.10,0,0,0,0,0, 192.168.1.111,172.217.135.9,0,0,0,0,0, 192.168.1.111,172.217.11.35,0,0,0,0,0, 192.168.1.111,172.217.6.238,0,0,0,0,0, 192.168.1.111,172.217.11.3,0,0,0,0,0, 192.168.1.111,172.217.10.78,0,0,0,0,0, 192.168.1.111,172.217.7.14,0,0,0,0,0, 192.168.1.111,172.217.12.174,0,0,0,0,0, 192.168.1.111,172.217.17.35,0,0,0,0,0, 192.168.1.111,172.217.19.195,0,0,0,0,0, 192.168.1.111,172.217.9.227,0,0,0,0,0, 192.168.1.111,172.217.11.42,0,0,0,0,0, 192.168.1.111,172.217.12.162,0,0,0,0,0, 192.168.1.111,172.217.135.41,0,0,0,0,0, 192.168.1.111,172.217.11.38,0,0,0,0,0, 192.168.1.111,173.194.7.25,0,0,0,0,0, 192.168.1.111,172.217.11.13,0,0,0,0,0, 192.168.1.111,172.217.11.46,0,0,0,0,0, 192.168.1.111,172.217.11.33,0,0,0,0,0, 192.168.1.111,172.217.13.228,0,0,0,0,0, 192.168.1.111,172.217.13.227,0,0,0,0,0, 192.168.1.111,172.217.11.51,0,0,0,0,0, 192.168.1.111,10.0.1.2,0,0,0,0,0, 192.168.1.111,0,0,0,0,0,0, 192.168.1.111,0,0,0,0,0,0, 192.168.1.111,0.0.0.0,0,0,0,0,0,0,0,0,0,0,1526510405250,0.0,31732.921,0,0,0,0,0,0,0,0,0,0.0,0.0,-1
0.3,2,1,1471,95, 192.168.1.111,173.194.184.10,0,0,0,0,0, 192.168.1.111,172.217.135.9,0,0,0,0,0, 192.168.1.111,172.217.11.35,0,0,0,0,0, 192.168.1.111,172.217.6.238,0,0,0,0,0, 192.168.1.111,172.217.11.3,0,0,0,0,0, 192.168.1.111,172.217.10.78,0,0,0,0,0, 192.168.1.111,172.217.7.14,0,0,0,0,0, 192.168.1.111,172.217.12.174,0,0,0,0,0, 192.168.1.111,172.217.17.35,0,0,0,0,0, 192.168.1.111,172.217.19.195,0,0,0,0,0, 192.168.1.111,172.217.9.227,0,0,0,0,0, 192.168.1.111,172.217.11.42,0,0,0,0,0, 192.168.1.111,172.217.12.162,0,0,0,0,0, 192.168.1.111,172.217.135.41,0,0,0,0,0, 192.168.1.111,172.217.11.38,0,0,0,0,0, 192.168.1.111,173.194.7.25,0,0,0,0,0, 192.168.1.111,172.217.11.13,QUIC,1,0,1392,0, 192.168.1.111,172.217.11.46,0,0,0,0,0, 192.168.1.111,172.217.11.33,0,0,0,0,0, 192.168.1.111,172.217.13.228,0,0,0,0,0, 192.168.1.111,172.217.13.227,0,0,0,0,0, 192.168.1.111,172.217.11.51,0,0,0,0,0, 192.168.1.111,10.0.1.2,0,0,0,0,0, 192.168.1.111,0,0,0,0,0,0, 192.168.1.111,0,0,0,0,0,0, 192.168.1.111,0.0.0.0,0,1,1,79,95,0,0,0,0,0,1526510405250,0.0,31732.921,0,0,0,0,0,0,0,0,0,0.0,0.0,-1
0.4,8,8,3012,5725, 192.168.1.111,173.194.184.10,0,0,0,0,0, 192.168.1.111,172.217.135.9,0,0,0,0,0, 192.168.1.111,172.217.11.35,0,0,0,0,0, 192.168.1.111,172.217.6.238,0,0,0,0,0, 192.168.1.111,172.217.11.3,0,0,0,0,0, 192.168.1.111,172.217.10.78,0,0,0,0,0, 192.168.1.111,172.217.7.14,0,0,0,0,0, 192.168.1.111,172.217.12.174,0,0,0,0,0, 192.168.1.111,172.217.17.35,0,0,0,0,0, 192.168.1.111,172.217.19.195,0,0,0,0,0, 192.168.1.111,172.217.9.227,0,0,0,0,0, 192.168.1.111,172.217.11.42,0,0,0,0,0, 192.168.1.111,172.217.12.162,0,0,0,0,0, 192.168.1.111,172.217.135.41,0,0,0,0,0, 192.168.1.111,172.217.11.38,0,0,0,0,0, 192.168.1.111,173.194.7.25,0,0,0,0,0, 192.168.1.111,172.217.11.13,QUIC,8,8,3012,5725, 192.168.1.111,172.217.11.46,0,0,0,0,0, 192.168.1.111,172.217.11.33,0,0,0,0,0, 192.168.1.111,172.217.13.228,0,0,0,0,0, 192.168.1.111,172.217.13.227,0,0,0,0,0, 192.168.1.111,172.217.11.51,0,0,0,0,0, 192.168.1.111,10.0.1.2,0,0,0,0,0, 192.168.1.111,0,0,0,0,0,0, 192.168.1.111,0,0,0,0,0,0, 192.168.1.111,0.0.0.0,0,0,0,0,0,0,0,0,0,0,1526510405250,0.0,31732.921,0,0,0,0,0,0,0,0,0,0.0,0.0,-1
0.5,1,1,77,72, 192.168.1.111,173.194.184.10,0,0,0,0,0, 192.168.1.111,172.217.135.9,0,0,0,0,0, 192.168.1.111,172.217.11.35,0,0,0,0,0, 192.168.1.111,172.217.6.238,0,0,0,0,0, 192.168.1.111,172.217.11.3,0,0,0,0,0, 192.168.1.111,172.217.10.78,0,0,0,0,0, 192.168.1.111,172.217.7.14,0,0,0,0,0, 192.168.1.111,172.217.12.174,0,0,0,0,0, 192.168.1.111,172.217.17.35,0,0,0,0,0, 192.168.1.111,172.217.19.195,0,0,0,0,0, 192.168.1.111,172.217.9.227,0,0,0,0,0, 192.168.1.111,172.217.11.42,0,0,0,0,0, 192.168.1.111,172.217.12.162,0,0,0,0,0, 192.168.1.111,172.217.135.41,0,0,0,0,0, 192.168.1.111,172.217.11.38,0,0,0,0,0, 192.168.1.111,173.194.7.25,0,0,0,0,0, 192.168.1.111,172.217.11.13,QUIC,1,1,77,72, 192.168.1.111,172.217.11.46,0,0,0,0,0, 192.168.1.111,172.217.11.33,0,0,0,0,0, 192.168.1.111,172.217.13.228,0,0,0,0,0, 192.168.1.111,172.217.13.227,0,0,0,0,0, 192.168.1.111,172.217.11.51,0,0,0,0,0, 192.168.1.111,10.0.1.2,0,0,0,0,0, 192.168.1.111,0,0,0,0,0,0, 192.168.1.111,0,0,0,0,0,0, 192.168.1.111,0.0.0.0,0,0,0,0,0,0,0,0,0,0,1526510405250,0.0,31732.921,0,0,0,0,0,0,0,0,0,0.0,0.0,-1
0.6,0,0,0,0, 192.168.1.111,173.194.184.10,0,0,0,0,0, 192.168.1.111,172.217.135.9,0,0,0,0,0, 192.168.1.111,172.217.11.35,0,0,0,0,0, 192.168.1.111,172.217.6.238,0,0,0,0,0, 192.168.1.111,172.217.11.3,0,0,0,0,0, 192.168.1.111,172.217.10.78,0,0,0,0,0, 192.168.1.111,172.217.7.14,0,0,0,0,0, 192.168.1.111,172.217.12.174,0,0,0,0,0, 192.168.1.111,172.217.17.35,0,0,0,0,0, 192.168.1.111,172.217.19.195,0,0,0,0,0, 192.168.1.111,172.217.9.227,0,0,0,0,0, 192.168.1.111,172.217.11.42,0,0,0,0,0, 192.168.1.111,172.217.12.162,0,0,0,0,0, 192.168.1.111,172.217.135.41,0,0,0,0,0, 192.168.1.111,172.217.11.38,0,0,0,0,0, 192.168.1.111,173.194.7.25,0,0,0,0,0, 192.168.1.111,172.217.11.13,0,0,0,0,0, 192.168.1.111,172.217.11.46,0,0,0,0,0, 192.168.1.111,172.217.11.33,0,0,0,0,0, 192.168.1.111,172.217.13.228,0,0,0,0,0, 192.168.1.111,172.217.13.227,0,0,0,0,0, 192.168.1.111,172.217.11.51,0,0,0,0,0, 192.168.1.111,10.0.1.2,0,0,0,0,0, 192.168.1.111,0,0,0,0,0,0, 192.168.1.111,0,0,0,0,0,0, 192.168.1.111,0.0.0.0,0,0,0,0,0,0,0,0,0,0,1526510405250,0.0,31732.921,0,0,0,0,0,0,0,0,0,0.0,0.0,-1
0.7,2,2,923,1202, 192.168.1.111,173.194.184.10,0,0,0,0,0, 192.168.1.111,172.217.135.9,0,0,0,0,0, 192.168.1.111,172.217.11.35,0,0,0,0,0, 192.168.1.111,172.217.6.238,QUIC,2,2,923,1202, 192.168.1.111,172.217.11.3,0,0,0,0,0, 192.168.1.111,172.217.10.78,0,0,0,0,0, 192.168.1.111,172.217.7.14,0,0,0,0,0, 192.168.1.111,172.217.12.174,0,0,0,0,0, 192.168.1.111,172.217.17.35,0,0,0,0,0, 192.168.1.111,172.217.19.195,0,0,0,0,0, 192.168.1.111,172.217.9.227,0,0,0,0,0, 192.168.1.111,172.217.11.42,0,0,0,0,0, 192.168.1.111,172.217.12.162,0,0,0,0,0, 192.168.1.111,172.217.135.41,0,0,0,0,0, 192.168.1.111,172.217.11.38,0,0,0,0,0, 192.168.1.111,173.194.7.25,0,0,0,0,0, 192.168.1.111,172.217.11.13,0,0,0,0,0, 192.168.1.111,172.217.11.46,0,0,0,0,0, 192.168.1.111,172.217.11.33,0,0,0,0,0, 192.168.1.111,172.217.13.228,0,0,0,0,0, 192.168.1.111,172.217.13.227,0,0,0,0,0, 192.168.1.111,172.217.11.51,0,0,0,0,0, 192.168.1.111,10.0.1.2,0,0,0,0,0, 192.168.1.111,0,0,0,0,0,0, 192.168.1.111,0,0,0,0,0,0, 192.168.1.111,0.0.0.0,0,0,0,0,0,0,0,0,0,0,1526510405250,0.0,31732.921,0,0,0,0,0,0,0,0,0,0.0,0.0,-1
0.7999999999999999,6,5,3102,4378, 192.168.1.111,173.194.184.10,0,0,0,0,0, 192.168.1.111,172.217.135.9,0,0,0,0,0, 192.168.1.111,172.217.11.35,QUIC,5,4,3025,4249, 192.168.1.111,172.217.6.238,0,0,0,0,0, 192.168.1.111,172.217.11.3,0,0,0,0,0, 192.168.1.111,172.217.10.78,0,0,0,0,0, 192.168.1.111,172.217.7.14,0,0,0,0,0, 192.168.1.111,172.217.12.174,0,0,0,0,0, 192.168.1.111,172.217.17.35,0,0,0,0,0, 192.168.1.111,172.217.19.195,0,0,0,0,0, 192.168.1.111,172.217.9.227,0,0,0,0,0, 192.168.1.111,172.217.11.42,0,0,0,0,0, 192.168.1.111,172.217.12.162,0,0,0,0,0, 192.168.1.111,172.217.135.41,0,0,0,0,0, 192.168.1.111,172.217.11.38,0,0,0,0,0, 192.168.1.111,173.194.7.25,0,0,0,0,0, 192.168.1.111,172.217.11.13,0,0,0,0,0, 192.168.1.111,172.217.11.46,0,0,0,0,0, 192.168.1.111,172.217.11.33,0,0,0,0,0, 192.168.1.111,172.217.13.228,0,0,0,0,0, 192.168.1.111,172.217.13.227,0,0,0,0,0, 192.168.1.111,172.217.11.51,0,0,0,0,0, 192.168.1.111,10.0.1.2,0,0,0,0,0, 192.168.1.111,0,0,0,0,0,0, 192.168.1.111,0,0,0,0,0,0, 192.168.1.111,0.0.0.0,0,1,1,77,129,0,0,0,0,0,1526510405250,0.0,31732.921,0,0,0,0,0,0,0,0,0,0.0,0.0,-1
0.8999999999999999,0,1,0,72, 192.168.1.111,173.194.184.10,0,0,0,0,0, 192.168.1.111,172.217.135.9,0,0,0,0,0, 192.168.1.111,172.217.11.35,QUIC,0,1,0,72, 192.168.1.111,172.217.6.238,0,0,0,0,0, 192.168.1.111,172.217.11.3,0,0,0,0,0, 192.168.1.111,172.217.10.78,0,0,0,0,0, 192.168.1.111,172.217.7.14,0,0,0,0,0, 192.168.1.111,172.217.12.174,0,0,0,0,0, 192.168.1.111,172.217.17.35,0,0,0,0,0, 192.168.1.111,172.217.19.195,0,0,0,0,0, 192.168.1.111,172.217.9.227,0,0,0,0,0, 192.168.1.111,172.217.11.42,0,0,0,0,0, 192.168.1.111,172.217.12.162,0,0,0,0,0, 192.168.1.111,172.217.135.41,0,0,0,0,0, 192.168.1.111,172.217.11.38,0,0,0,0,0, 192.168.1.111,173.194.7.25,0,0,0,0,0, 192.168.1.111,172.217.11.13,0,0,0,0,0, 192.168.1.111,172.217.11.46,0,0,0,0,0, 192.168.1.111,172.217.11.33,0,0,0,0,0, 192.168.1.111,172.217.13.228,0,0,0,0,0, 192.168.1.111,172.217.13.227,0,0,0,0,0, 192.168.1.111,172.217.11.51,0,0,0,0,0, 192.168.1.111,10.0.1.2,0,0,0,0,0, 192.168.1.111,0,0,0,0,0,0, 192.168.1.111,0,0,0,0,0,0, 192.168.1.111,0.0.0.0,0,0,0,0,0,0,0,0,0,0,1526510405250,0.0,31732.921,0,0,0,0,0,0,0,0,0,0.0,0.0,-1
1.0,0,0,0,0, 192.168.1.111,173.194.184.10,0,0,0,0,0, 192.168.1.111,172.217.135.9,0,0,0,0,0, 192.168.1.111,172.217.11.35,0,0,0,0,0, 192.168.1.111,172.217.6.238,0,0,0,0,0, 192.168.1.111,172.217.11.3,0,0,0,0,0, 192.168.1.111,172.217.10.78,0,0,0,0,0, 192.168.1.111,172.217.7.14,0,0,0,0,0, 192.168.1.111,172.217.12.174,0,0,0,0,0, 192.168.1.111,172.217.17.35,0,0,0,0,0, 192.168.1.111,172.217.19.195,0,0,0,0,0, 192.168.1.111,172.217.9.227,0,0,0,0,0, 192.168.1.111,172.217.11.42,0,0,0,0,0, 192.168.1.111,172.217.12.162,0,0,0,0,0, 192.168.1.111,172.217.135.41,0,0,0,0,0, 192.168.1.111,172.217.11.38,0,0,0,0,0, 192.168.1.111,173.194.7.25,0,0,0,0,0, 192.168.1.111,172.217.11.13,0,0,0,0,0, 192.168.1.111,172.217.11.46,0,0,0,0,0, 192.168.1.111,172.217.11.33,0,0,0,0,0, 192.168.1.111,172.217.13.228,0,0,0,0,0, 192.168.1.111,172.217.13.227,0,0,0,0,0, 192.168.1.111,172.217.11.51,0,0,0,0,0, 192.168.1.111,10.0.1.2,0,0,0,0,0, 192.168.1.111,0,0,0,0,0,0, 192.168.1.111,0,0,0,0,0,0, 192.168.1.111,0.0.0.0,0,0,0,0,0,0,0,0,0,0,1526510405250,0.0,31732.921,0,0,0,0,0,0,0,0,0,0.0,0.0,-1
1.1,1,0,217,0, 192.168.1.111,173.194.184.10,0,0,0,0,0, 192.168.1.111,172.217.135.9,0,0,0,0,0, 192.168.1.111,172.217.11.35,0,0,0,0,0, 192.168.1.111,172.217.6.238,0,0,0,0,0, 192.168.1.111,172.217.11.3,0,0,0,0,0, 192.168.1.111,172.217.10.78,0,0,0,0,0, 192.168.1.111,172.217.7.14,0,0,0,0,0, 192.168.1.111,172.217.12.174,0,0,0,0,0, 192.168.1.111,172.217.17.35,0,0,0,0,0, 192.168.1.111,172.217.19.195,0,0,0,0,0, 192.168.1.111,172.217.9.227,0,0,0,0,0, 192.168.1.111,172.217.11.42,0,0,0,0,0, 192.168.1.111,172.217.12.162,0,0,0,0,0, 192.168.1.111,172.217.135.41,0,0,0,0,0, 192.168.1.111,172.217.11.38,0,0,0,0,0, 192.168.1.111,173.194.7.25,0,0,0,0,0, 192.168.1.111,172.217.11.13,0,0,0,0,0, 192.168.1.111,172.217.11.46,0,0,0,0,0, 192.168.1.111,172.217.11.33,0,0,0,0,0, 192.168.1.111,172.217.13.228,0,0,0,0,0, 192.168.1.111,172.217.13.227,0,0,0,0,0, 192.168.1.111,172.217.11.51,0,0,0,0,0, 192.168.1.111,10.0.1.2,0,0,0,0,0, 192.168.1.111,0,0,0,0,0,0, 192.168.1.111,0,0,0,0,0,0, 192.168.1.111,0.0.0.0,0,1,0,217,0,0,0,0,0,0,1526510405250,0.0,31732.921,0,0,0,0,0,0,0,0,0,0.0,0.0,-1
1.2,22,21,13766,20323, 192.168.1.111,173.194.184.10,0,0,0,0,0, 192.168.1.111,172.217.135.9,0,0,0,0,0, 192.168.1.111,172.217.11.35,0,0,0,0,0, 192.168.1.111,172.217.6.238,QUIC,1,1,239,72, 192.168.1.111,172.217.11.3,0,0,0,0,0, 192.168.1.111,172.217.10.78,0,0,0,0,0, 192.168.1.111,172.217.7.14,0,0,0,0,0, 192.168.1.111,172.217.12.174,0,0,0,0,0, 192.168.1.111,172.217.17.35,0,0,0,0,0, 192.168.1.111,172.217.19.195,0,0,0,0,0, 192.168.1.111,172.217.9.227,0,0,0,0,0, 192.168.1.111,172.217.11.42,0,0,0,0,0, 192.168.1.111,172.217.12.162,QUIC,6,5,4417,5641, 192.168.1.111,172.217.135.41,QUIC,3,3,2864,4176, 192.168.1.111,172.217.11.38,QUIC,3,2,2864,2784, 192.168.1.111,173.194.7.25,QUIC,2,3,1472,4176, 192.168.1.111,172.217.11.13,0,0,0,0,0, 192.168.1.111,172.217.11.46,0,0,0,0,0, 192.168.1.111,172.217.11.33,QUIC,2,2,1472,2784, 192.168.1.111,172.217.13.228,0,0,0,0,0, 192.168.1.111,172.217.13.227,0,0,0,0,0, 192.168.1.111,172.217.11.51,0,0,0,0,0, 192.168.1.111,10.0.1.2,0,0,0,0,0, 192.168.1.111,0,0,0,0,0,0, 192.168.1.111,0,0,0,0,0,0, 192.168.1.111,0.0.0.0,0,5,5,438,690,0,0,0,0,0,1526510405250,0.0,31732.921,0,0,0,0,0,0,0,0,0,0.0,0.0,-1
1.3,20,34,4266,29623, 192.168.1.111,173.194.184.10,0,0,0,0,0, 192.168.1.111,172.217.135.9,0,0,0,0,0, 192.168.1.111,172.217.11.35,0,0,0,0,0, 192.168.1.111,172.217.6.238,QUIC,7,14,563,16286, 192.168.1.111,172.217.11.3,0,0,0,0,0, 192.168.1.111,172.217.10.78,0,0,0,0,0, 192.168.1.111,172.217.7.14,0,0,0,0,0, 192.168.1.111,172.217.12.174,0,0,0,0,0, 192.168.1.111,172.217.17.35,0,0,0,0,0, 192.168.1.111,172.217.19.195,0,0,0,0,0, 192.168.1.111,172.217.9.227,0,0,0,0,0, 192.168.1.111,172.217.11.42,0,0,0,0,0, 192.168.1.111,172.217.12.162,QUIC,1,1,80,72, 192.168.1.111,172.217.135.41,QUIC,3,6,257,4398, 192.168.1.111,172.217.11.38,QUIC,3,5,241,4324, 192.168.1.111,173.194.7.25,QUIC,3,5,1572,3006, 192.168.1.111,172.217.11.13,0,0,0,0,0, 192.168.1.111,172.217.11.46,0,0,0,0,0, 192.168.1.111,172.217.11.33,QUIC,3,3,1553,1537, 192.168.1.111,172.217.13.228,0,0,0,0,0, 192.168.1.111,172.217.13.227,0,0,0,0,0, 192.168.1.111,172.217.11.51,0,0,0,0,0, 192.168.1.111,10.0.1.2,0,0,0,0,0, 192.168.1.111,0,0,0,0,0,0, 192.168.1.111,0,0,0,0,0,0, 192.168.1.111,0.0.0.0,0,0,0,0,0,0,0,0,0,0,1526510405250,0.0,31732.921,0,0,0,0,0,0,0,0,0,0.0,0.0,-1
1.4,2,0,162,0, 192.168.1.111,173.194.184.10,0,0,0,0,0, 192.168.1.111,172.217.135.9,0,0,0,0,0, 192.168.1.111,172.217.11.35,0,0,0,0,0, 192.168.1.111,172.217.6.238,0,0,0,0,0, 192.168.1.111,172.217.11.3,0,0,0,0,0, 192.168.1.111,172.217.10.78,0,0,0,0,0, 192.168.1.111,172.217.7.14,0,0,0,0,0, 192.168.1.111,172.217.12.174,0,0,0,0,0, 192.168.1.111,172.217.17.35,0,0,0,0,0, 192.168.1.111,172.217.19.195,0,0,0,0,0, 192.168.1.111,172.217.9.227,0,0,0,0,0, 192.168.1.111,172.217.11.42,0,0,0,0,0, 192.168.1.111,172.217.12.162,0,0,0,0,0, 192.168.1.111,172.217.135.41,QUIC,1,0,81,0, 192.168.1.111,172.217.11.38,0,0,0,0,0, 192.168.1.111,173.194.7.25,QUIC,1,0,81,0, 192.168.1.111,172.217.11.13,0,0,0,0,0, 192.168.1.111,172.217.11.46,0,0,0,0,0, 192.168.1.111,172.217.11.33,0,0,0,0,0, 192.168.1.111,172.217.13.228,0,0,0,0,0, 192.168.1.111,172.217.13.227,0,0,0,0,0, 192.168.1.111,172.217.11.51,0,0,0,0,0, 192.168.1.111,10.0.1.2,0,0,0,0,0, 192.168.1.111,0,0,0,0,0,0, 192.168.1.111,0,0,0,0,0,0, 192.168.1.111,0.0.0.0,0,0,0,0,0,0,0,0,0,0,1526510405250,0.0,31732.921,0,0,0,0,0,0,0,0,0,0.0,0.0,-1
1.5000000000000002,3,8,244,1112, 192.168.1.111,173.194.184.10,0,0,0,0,0, 192.168.1.111,172.217.135.9,0,0,0,0,0, 192.168.1.111,172.217.11.35,0,0,0,0,0, 192.168.1.111,172.217.6.238,QUIC,1,2,80,675, 192.168.1.111,172.217.11.3,0,0,0,0,0, 192.168.1.111,172.217.10.78,0,0,0,0,0, 192.168.1.111,172.217.7.14,0,0,0,0,0, 192.168.1.111,172.217.12.174,0,0,0,0,0, 192.168.1.111,172.217.17.35,0,0,0,0,0, 192.168.1.111,172.217.19.195,0,0,0,0,0, 192.168.1.111,172.217.9.227,0,0,0,0,0, 192.168.1.111,172.217.11.42,0,0,0,0,0, 192.168.1.111,172.217.12.162,0,0,0,0,0, 192.168.1.111,172.217.135.41,QUIC,1,2,81,147, 192.168.1.111,172.217.11.38,0,0,0,0,0, 192.168.1.111,173.194.7.25,QUIC,1,4,83,290, 192.168.1.111,172.217.11.13,0,0,0,0,0, 192.168.1.111,172.217.11.46,0,0,0,0,0, 192.168.1.111,172.217.11.33,0,0,0,0,0, 192.168.1.111,172.217.13.228,0,0,0,0,0, 192.168.1.111,172.217.13.227,0,0,0,0,0, 192.168.1.111,172.217.11.51,0,0,0,0,0, 192.168.1.111,10.0.1.2,0,0,0,0,0, 192.168.1.111,0,0,0,0,0,0, 192.168.1.111,0,0,0,0,0,0, 192.168.1.111,0.0.0.0,0,0,0,0,0,0,0,0,0,0,1526510405250,0.0,31732.921,0,0,0,0,0,0,0,0,0,0.0,0.0,-1
1.6000000000000003,0,0,0,0, 192.168.1.111,173.194.184.10,0,0,0,0,0, 192.168.1.111,172.217.135.9,0,0,0,0,0, 192.168.1.111,172.217.11.35,0,0,0,0,0, 192.168.1.111,172.217.6.238,0,0,0,0,0, 192.168.1.111,172.217.11.3,0,0,0,0,0, 192.168.1.111,172.217.10.78,0,0,0,0,0, 192.168.1.111,172.217.7.14,0,0,0,0,0, 192.168.1.111,172.217.12.174,0,0,0,0,0, 192.168.1.111,172.217.17.35,0,0,0,0,0, 192.168.1.111,172.217.19.195,0,0,0,0,0, 192.168.1.111,172.217.9.227,0,0,0,0,0, 192.168.1.111,172.217.11.42,0,0,0,0,0, 192.168.1.111,172.217.12.162,0,0,0,0,0, 192.168.1.111,172.217.135.41,0,0,0,0,0, 192.168.1.111,172.217.11.38,0,0,0,0,0, 192.168.1.111,173.194.7.25,0,0,0,0,0, 192.168.1.111,172.217.11.13,0,0,0,0,0, 192.168.1.111,172.217.11.46,0,0,0,0,0, 192.168.1.111,172.217.11.33,0,0,0,0,0, 192.168.1.111,172.217.13.228,0,0,0,0,0, 192.168.1.111,172.217.13.227,0,0,0,0,0, 192.168.1.111,172.217.11.51,0,0,0,0,0, 192.168.1.111,10.0.1.2,0,0,0,0,0, 192.168.1.111,0,0,0,0,0,0, 192.168.1.111,0,0,0,0,0,0, 192.168.1.111,0.0.0.0,0,0,0,0,0,0,0,0,0,0,1526510405250,0.0,31732.921,0,0,0,0,0,0,0,0,0,0.0,0.0,-1
1.7000000000000004,4,4,1253,1426, 192.168.1.111,173.194.184.10,0,0,0,0,0, 192.168.1.111,172.217.135.9,0,0,0,0,0, 192.168.1.111,172.217.11.35,0,0,0,0,0, 192.168.1.111,172.217.6.238,0,0,0,0,0, 192.168.1.111,172.217.11.3,0,0,0,0,0, 192.168.1.111,172.217.10.78,0,0,0,0,0, 192.168.1.111,172.217.7.14,0,0,0,0,0, 192.168.1.111,172.217.12.174,0,0,0,0,0, 192.168.1.111,172.217.17.35,0,0,0,0,0, 192.168.1.111,172.217.19.195,0,0,0,0,0, 192.168.1.111,172.217.9.227,0,0,0,0,0, 192.168.1.111,172.217.11.42,0,0,0,0,0, 192.168.1.111,172.217.12.162,QUIC,2,2,623,1114, 192.168.1.111,172.217.135.41,0,0,0,0,0, 192.168.1.111,172.217.11.38,QUIC,2,2,630,312, 192.168.1.111,173.194.7.25,0,0,0,0,0, 192.168.1.111,172.217.11.13,0,0,0,0,0, 192.168.1.111,172.217.11.46,0,0,0,0,0, 192.168.1.111,172.217.11.33,0,0,0,0,0, 192.168.1.111,172.217.13.228,0,0,0,0,0, 192.168.1.111,172.217.13.227,0,0,0,0,0, 192.168.1.111,172.217.11.51,0,0,0,0,0, 192.168.1.111,10.0.1.2,0,0,0,0,0, 192.168.1.111,0,0,0,0,0,0, 192.168.1.111,0,0,0,0,0,0, 192.168.1.111,0.0.0.0,0,0,0,0,0,0,0,0,0,0,1526510405250,0.0,31732.921,0,0,0,0,0,0,0,0,0,0.0,0.0,-1
1.8000000000000005,0,0,0,0, 192.168.1.111,173.194.184.10,0,0,0,0,0, 192.168.1.111,172.217.135.9,0,0,0,0,0, 192.168.1.111,172.217.11.35,0,0,0,0,0, 192.168.1.111,172.217.6.238,0,0,0,0,0, 192.168.1.111,172.217.11.3,0,0,0,0,0, 192.168.1.111,172.217.10.78,0,0,0,0,0, 192.168.1.111,172.217.7.14,0,0,0,0,0, 192.168.1.111,172.217.12.174,0,0,0,0,0, 192.168.1.111,172.217.17.35,0,0,0,0,0, 192.168.1.111,172.217.19.195,0,0,0,0,0, 192.168.1.111,172.217.9.227,0,0,0,0,0, 192.168.1.111,172.217.11.42,0,0,0,0,0, 192.168.1.111,172.217.12.162,0,0,0,0,0, 192.168.1.111,172.217.135.41,0,0,0,0,0, 192.168.1.111,172.217.11.38,0,0,0,0,0, 192.168.1.111,173.194.7.25,0,0,0,0,0, 192.168.1.111,172.217.11.13,0,0,0,0,0, 192.168.1.111,172.217.11.46,0,0,0,0,0, 192.168.1.111,172.217.11.33,0,0,0,0,0, 192.168.1.111,172.217.13.228,0,0,0,0,0, 192.168.1.111,172.217.13.227,0,0,0,0,0, 192.168.1.111,172.217.11.51,0,0,0,0,0, 192.168.1.111,10.0.1.2,0,0,0,0,0, 192.168.1.111,0,0,0,0,0,0, 192.168.1.111,0,0,0,0,0,0, 192.168.1.111,0.0.0.0,0,0,0,0,0,0,0,0,0,0,1526510405250,0.0,31732.921,0,0,0,0,0,0,0,0,0,0.0,0.0,-1
1.9000000000000008,2,1,891,78, 192.168.1.111,173.194.184.10,0,0,0,0,0, 192.168.1.111,172.217.135.9,0,0,0,0,0, 192.168.1.111,172.217.11.35,0,0,0,0,0, 192.168.1.111,172.217.6.238,QUIC,2,1,891,78, 192.168.1.111,172.217.11.3,0,0,0,0,0, 192.168.1.111,172.217.10.78,0,0,0,0,0, 192.168.1.111,172.217.7.14,0,0,0,0,0, 192.168.1.111,172.217.12.174,0,0,0,0,0, 192.168.1.111,172.217.17.35,0,0,0,0,0, 192.168.1.111,172.217.19.195,0,0,0,0,0, 192.168.1.111,172.217.9.227,0,0,0,0,0, 192.168.1.111,172.217.11.42,0,0,0,0,0, 192.168.1.111,172.217.12.162,0,0,0,0,0, 192.168.1.111,172.217.135.41,0,0,0,0,0, 192.168.1.111,172.217.11.38,0,0,0,0,0, 192.168.1.111,173.194.7.25,0,0,0,0,0, 192.168.1.111,172.217.11.13,0,0,0,0,0, 192.168.1.111,172.217.11.46,0,0,0,0,0, 192.168.1.111,172.217.11.33,0,0,0,0,0, 192.168.1.111,172.217.13.228,0,0,0,0,0, 192.168.1.111,172.217.13.227,0,0,0,0,0, 192.168.1.111,172.217.11.51,0,0,0,0,0, 192.168.1.111,10.0.1.2,0,0,0,0,0, 192.168.1.111,0,0,0,0,0,0, 192.168.1.111,0,0,0,0,0,0, 192.168.1.111,0.0.0.0,0,0,0,0,0,0,0,0,0,0,1526510405250,0.0,31732.921,0,0,0,0,0,0,0,0,0,0.0,0.0,-1
2.0000000000000004,0,1,0,191, 192.168.1.111,173.194.184.10,0,0,0,0,0, 192.168.1.111,172.217.135.9,0,0,0,0,0, 192.168.1.111,172.217.11.35,0,0,0,0,0, 192.168.1.111,172.217.6.238,QUIC,0,1,0,191, 192.168.1.111,172.217.11.3,0,0,0,0,0, 192.168.1.111,172.217.10.78,0,0,0,0,0, 192.168.1.111,172.217.7.14,0,0,0,0,0, 192.168.1.111,172.217.12.174,0,0,0,0,0, 192.168.1.111,172.217.17.35,0,0,0,0,0, 192.168.1.111,172.217.19.195,0,0,0,0,0, 192.168.1.111,172.217.9.227,0,0,0,0,0, 192.168.1.111,172.217.11.42,0,0,0,0,0, 192.168.1.111,172.217.12.162,0,0,0,0,0, 192.168.1.111,172.217.135.41,0,0,0,0,0, 192.168.1.111,172.217.11.38,0,0,0,0,0, 192.168.1.111,173.194.7.25,0,0,0,0,0, 192.168.1.111,172.217.11.13,0,0,0,0,0, 192.168.1.111,172.217.11.46,0,0,0,0,0, 192.168.1.111,172.217.11.33,0,0,0,0,0, 192.168.1.111,172.217.13.228,0,0,0,0,0, 192.168.1.111,172.217.13.227,0,0,0,0,0, 192.168.1.111,172.217.11.51,0,0,0,0,0, 192.168.1.111,10.0.1.2,0,0,0,0,0, 192.168.1.111,0,0,0,0,0,0, 192.168.1.111,0,0,0,0,0,0, 192.168.1.111,0.0.0.0,0,0,0,0,0,0,0,0,0,0,1526510405250,0.0,31732.921,0,0,0,0,0,0,0,0,0,0.0,0.0,-1
2.1000000000000005,2,1,162,102, 192.168.1.111,173.194.184.10,0,0,0,0,0, 192.168.1.111,172.217.135.9,0,0,0,0,0, 192.168.1.111,172.217.11.35,0,0,0,0,0, 192.168.1.111,172.217.6.238,QUIC,1,0,80,0, 192.168.1.111,172.217.11.3,0,0,0,0,0, 192.168.1.111,172.217.10.78,0,0,0,0,0, 192.168.1.111,172.217.7.14,0,0,0,0,0, 192.168.1.111,172.217.12.174,0,0,0,0,0, 192.168.1.111,172.217.17.35,0,0,0,0,0, 192.168.1.111,172.217.19.195,0,0,0,0,0, 192.168.1.111,172.217.9.227,0,0,0,0,0, 192.168.1.111,172.217.11.42,0,0,0,0,0, 192.168.1.111,172.217.12.162,0,0,0,0,0, 192.168.1.111,172.217.135.41,0,0,0,0,0, 192.168.1.111,172.217.11.38,0,0,0,0,0, 192.168.1.111,173.194.7.25,0,0,0,0,0, 192.168.1.111,172.217.11.13,0,0,0,0,0, 192.168.1.111,172.217.11.46,0,0,0,0,0, 192.168.1.111,172.217.11.33,0,0,0,0,0, 192.168.1.111,172.217.13.228,0,0,0,0,0, 192.168.1.111,172.217.13.227,0,0,0,0,0, 192.168.1.111,172.217.11.51,0,0,0,0,0, 192.168.1.111,10.0.1.2,0,0,0,0,0, 192.168.1.111,0,0,0,0,0,0, 192.168.1.111,0,0,0,0,0,0, 192.168.1.111,0.0.0.0,0,1,0,82,0,0,0,0,0,0,1526510405250,0.0,31732.921,0,0,0,0,0,0,0,0,0,0.0,0.0,-1
2.2000000000000006,0,0,0,0, 192.168.1.111,173.194.184.10,0,0,0,0,0, 192.168.1.111,172.217.135.9,0,0,0,0,0, 192.168.1.111,172.217.11.35,0,0,0,0,0, 192.168.1.111,172.217.6.238,0,0,0,0,0, 192.168.1.111,172.217.11.3,0,0,0,0,0, 192.168.1.111,172.217.10.78,0,0,0,0,0, 192.168.1.111,172.217.7.14,0,0,0,0,0, 192.168.1.111,172.217.12.174,0,0,0,0,0, 192.168.1.111,172.217.17.35,0,0,0,0,0, 192.168.1.111,172.217.19.195,0,0,0,0,0, 192.168.1.111,172.217.9.227,0,0,0,0,0, 192.168.1.111,172.217.11.42,0,0,0,0,0, 192.168.1.111,172.217.12.162,0,0,0,0,0, 192.168.1.111,172.217.135.41,0,0,0,0,0, 192.168.1.111,172.217.11.38,0,0,0,0,0, 192.168.1.111,173.194.7.25,0,0,0,0,0, 192.168.1.111,172.217.11.13,0,0,0,0,0, 192.168.1.111,172.217.11.46,0,0,0,0,0, 192.168.1.111,172.217.11.33,0,0,0,0,0, 192.168.1.111,172.217.13.228,0,0,0,0,0, 192.168.1.111,172.217.13.227,0,0,0,0,0, 192.168.1.111,172.217.11.51,0,0,0,0,0, 192.168.1.111,10.0.1.2,0,0,0,0,0, 192.168.1.111,0,0,0,0,0,0, 192.168.1.111,0,0,0,0,0,0, 192.168.1.111,0.0.0.0,0,0,0,0,0,0,0,0,0,0,1526510405250,0.0,31732.921,0,0,0,0,0,0,0,0,0,0.0,0.0,-1
2.3000000000000007,1,0,427,0, 192.168.1.111,173.194.184.10,0,0,0,0,0, 192.168.1.111,172.217.135.9,0,0,0,0,0, 192.168.1.111,172.217.11.35,0,0,0,0,0, 192.168.1.111,172.217.6.238,QUIC,1,0,427,0, 192.168.1.111,172.217.11.3,0,0,0,0,0, 192.168.1.111,172.217.10.78,0,0,0,0,0, 192.168.1.111,172.217.7.14,0,0,0,0,0, 192.168.1.111,172.217.12.174,0,0,0,0,0, 192.168.1.111,172.217.17.35,0,0,0,0,0, 192.168.1.111,172.217.19.195,0,0,0,0,0, 192.168.1.111,172.217.9.227,0,0,0,0,0, 192.168.1.111,172.217.11.42,0,0,0,0,0, 192.168.1.111,172.217.12.162,0,0,0,0,0, 192.168.1.111,172.217.135.41,0,0,0,0,0, 192.168.1.111,172.217.11.38,0,0,0,0,0, 192.168.1.111,173.194.7.25,0,0,0,0,0, 192.168.1.111,172.217.11.13,0,0,0,0,0, 192.168.1.111,172.217.11.46,0,0,0,0,0, 192.168.1.111,172.217.11.33,0,0,0,0,0, 192.168.1.111,172.217.13.228,0,0,0,0,0, 192.168.1.111,172.217.13.227,0,0,0,0,0, 192.168.1.111,172.217.11.51,0,0,0,0,0, 192.168.1.111,10.0.1.2,0,0,0,0,0, 192.168.1.111,0,0,0,0,0,0, 192.168.1.111,0,0,0,0,0,0, 192.168.1.111,0.0.0.0,0,0,0,0,0,0,0,0,0,0,1526510405250,0.0,31732.921,0,0,0,0,0,0,0,0,0,0.0,0.0,-1
5.999999999999995,18,82,3247,111741, 192.168.1.111,173.194.184.10,QUIC,16,81,2085,111666, 192.168.1.111,172.217.135.9,0,0,0,0,0, 192.168.1.111,172.217.11.35,0,0,0,0,0, 192.168.1.111,172.217.6.238,QUIC,2,1,1162,75, 192.168.1.111,172.217.11.3,0,0,0,0,0, 192.168.1.111,172.217.10.78,0,0,0,0,0, 192.168.1.111,172.217.7.14,0,0,0,0,0, 192.168.1.111,172.217.12.174,0,0,0,0,0, 192.168.1.111,172.217.17.35,0,0,0,0,0, 192.168.1.111,172.217.19.195,0,0,0,0,0, 192.168.1.111,172.217.9.227,0,0,0,0,0, 192.168.1.111,172.217.11.42,0,0,0,0,0, 192.168.1.111,172.217.12.162,0,0,0,0,0, 192.168.1.111,172.217.135.41,0,0,0,0,0, 192.168.1.111,172.217.11.38,0,0,0,0,0, 192.168.1.111,173.194.7.25,0,0,0,0,0, 192.168.1.111,172.217.11.13,0,0,0,0,0, 192.168.1.111,172.217.11.46,0,0,0,0,0, 192.168.1.111,172.217.11.33,0,0,0,0,0, 192.168.1.111,172.217.13.228,0,0,0,0,0, 192.168.1.111,172.217.13.227,0,0,0,0,0, 192.168.1.111,172.217.11.51,0,0,0,0,0, 192.168.1.111,10.0.1.2,0,0,0,0,0, 192.168.1.111,0,0,0,0,0,0, 192.168.1.111,0,0,0,0,0,0, 192.168.1.111,0.0.0.0,0,0,0,0,0,0,0,1,0,1526510410396,1526510405250,5740.007999897003,31732.921,0,0,0,1,0,0,0,0,0,-5740.007999897003,0.0,true
1799.9999999994584,0,0,0,0, 192.168.1.111,173.194.184.10,0,0,0,0,0, 192.168.1.111,172.217.135.9,0,0,0,0,0, 192.168.1.111,172.217.11.35,0,0,0,0,0, 192.168.1.111,172.217.6.238,0,0,0,0,0, 192.168.1.111,172.217.11.3,0,0,0,0,0, 192.168.1.111,172.217.10.78,0,0,0,0,0, 192.168.1.111,172.217.7.14,0,0,0,0,0, 192.168.1.111,172.217.12.174,0,0,0,0,0, 192.168.1.111,172.217.17.35,0,0,0,0,0, 192.168.1.111,172.217.19.195,0,0,0,0,0, 192.168.1.111,172.217.9.227,0,0,0,0,0, 192.168.1.111,172.217.11.42,0,0,0,0,0, 192.168.1.111,172.217.12.162,0,0,0,0,0, 192.168.1.111,172.217.135.41,0,0,0,0,0, 192.168.1.111,172.217.11.38,0,0,0,0,0, 192.168.1.111,173.194.7.25,0,0,0,0,0, 192.168.1.111,172.217.11.13,0,0,0,0,0, 192.168.1.111,172.217.11.46,0,0,0,0,0, 192.168.1.111,172.217.11.33,0,0,0,0,0, 192.168.1.111,172.217.13.228,0,0,0,0,0, 192.168.1.111,172.217.13.227,0,0,0,0,0, 192.168.1.111,172.217.11.51,0,0,0,0,0, 192.168.1.111,10.0.1.2,0,0,0,0,0, 192.168.1.111,0,0,0,0,0,0, 192.168.1.111,0,0,0,0,0,0, 192.168.1.111,0.0.0.0,0,0,0,0,0,0,0,0,0,0,1526510405250,0.0,31732.921,0,0,0,0,0,0,0,0,0,0.0,0.0,-1
1800.0999999994583,0,0,0,0, 192.168.1.111,173.194.184.10,0,0,0,0,0, 192.168.1.111,172.217.135.9,0,0,0,0,0, 192.168.1.111,172.217.11.35,0,0,0,0,0, 192.168.1.111,172.217.6.238,0,0,0,0,0, 192.168.1.111,172.217.11.3,0,0,0,0,0, 192.168.1.111,172.217.10.78,0,0,0,0,0, 192.168.1.111,172.217.7.14,0,0,0,0,0, 192.168.1.111,172.217.12.174,0,0,0,0,0, 192.168.1.111,172.217.17.35,0,0,0,0,0, 192.168.1.111,172.217.19.195,0,0,0,0,0, 192.168.1.111,172.217.9.227,0,0,0,0,0, 192.168.1.111,172.217.11.42,0,0,0,0,0, 192.168.1.111,172.217.12.162,0,0,0,0,0, 192.168.1.111,172.217.135.41,0,0,0,0,0, 192.168.1.111,172.217.11.38,0,0,0,0,0, 192.168.1.111,173.194.7.25,0,0,0,0,0, 192.168.1.111,172.217.11.13,0,0,0,0,0, 192.168.1.111,172.217.11.46,0,0,0,0,0, 192.168.1.111,172.217.11.33,0,0,0,0,0, 192.168.1.111,172.217.13.228,0,0,0,0,0, 192.168.1.111,172.217.13.227,0,0,0,0,0, 192.168.1.111,172.217.11.51,0,0,0,0,0, 192.168.1.111,10.0.1.2,0,0,0,0,0, 192.168.1.111,0,0,0,0,0,0, 192.168.1.111,0,0,0,0,0,0, 192.168.1.111,0.0.0.0,0,0,0,0,0,0,0,0,0,0,1526510405250,0.0,31732.921,0,0,0,0,0,0,0,0,0,0.0,0.0,-1
1800.1999999994582,0,0,0,0, 192.168.1.111,173.194.184.10,0,0,0,0,0, 192.168.1.111,172.217.135.9,0,0,0,0,0, 192.168.1.111,172.217.11.35,0,0,0,0,0, 192.168.1.111,172.217.6.238,0,0,0,0,0, 192.168.1.111,172.217.11.3,0,0,0,0,0, 192.168.1.111,172.217.10.78,0,0,0,0,0, 192.168.1.111,172.217.7.14,0,0,0,0,0, 192.168.1.111,172.217.12.174,0,0,0,0,0, 192.168.1.111,172.217.17.35,0,0,0,0,0, 192.168.1.111,172.217.19.195,0,0,0,0,0, 192.168.1.111,172.217.9.227,0,0,0,0,0, 192.168.1.111,172.217.11.42,0,0,0,0,0, 192.168.1.111,172.217.12.162,0,0,0,0,0, 192.168.1.111,172.217.135.41,0,0,0,0,0, 192.168.1.111,172.217.11.38,0,0,0,0,0, 192.168.1.111,173.194.7.25,0,0,0,0,0, 192.168.1.111,172.217.11.13,0,0,0,0,0, 192.168.1.111,172.217.11.46,0,0,0,0,0, 192.168.1.111,172.217.11.33,0,0,0,0,0, 192.168.1.111,172.217.13.228,0,0,0,0,0, 192.168.1.111,172.217.13.227,0,0,0,0,0, 192.168.1.111,172.217.11.51,0,0,0,0,0, 192.168.1.111,10.0.1.2,0,0,0,0,0, 192.168.1.111,0,0,0,0,0,0, 192.168.1.111,0,0,0,0,0,0, 192.168.1.111,0.0.0.0,0,0,0,0,0,0,0,0,0,0,1526510405250,0.0,31732.921,0,0,0,0,0,0,0,0,0,0.0,0.0,-1
1800.299999999458,0,0,0,0, 192.168.1.111,173.194.184.10,0,0,0,0,0, 192.168.1.111,172.217.135.9,0,0,0,0,0, 192.168.1.111,172.217.11.35,0,0,0,0,0, 192.168.1.111,172.217.6.238,0,0,0,0,0, 192.168.1.111,172.217.11.3,0,0,0,0,0, 192.168.1.111,172.217.10.78,0,0,0,0,0, 192.168.1.111,172.217.7.14,0,0,0,0,0, 192.168.1.111,172.217.12.174,0,0,0,0,0, 192.168.1.111,172.217.17.35,0,0,0,0,0, 192.168.1.111,172.217.19.195,0,0,0,0,0, 192.168.1.111,172.217.9.227,0,0,0,0,0, 192.168.1.111,172.217.11.42,0,0,0,0,0, 192.168.1.111,172.217.12.162,0,0,0,0,0, 192.168.1.111,172.217.135.41,0,0,0,0,0, 192.168.1.111,172.217.11.38,0,0,0,0,0, 192.168.1.111,173.194.7.25,0,0,0,0,0, 192.168.1.111,172.217.11.13,0,0,0,0,0, 192.168.1.111,172.217.11.46,0,0,0,0,0, 192.168.1.111,172.217.11.33,0,0,0,0,0, 192.168.1.111,172.217.13.228,0,0,0,0,0, 192.168.1.111,172.217.13.227,0,0,0,0,0, 192.168.1.111,172.217.11.51,0,0,0,0,0, 192.168.1.111,10.0.1.2,0,0,0,0,0, 192.168.1.111,0,0,0,0,0,0, 192.168.1.111,0,0,0,0,0,0, 192.168.1.111,0.0.0.0,0,0,0,0,0,0,0,0,0,0,1526510405250,0.0,31732.921,0,0,0,0,0,0,0,0,0,0.0,0.0,-1
1800.399999999458,0,0,0,0, 192.168.1.111,173.194.184.10,0,0,0,0,0, 192.168.1.111,172.217.135.9,0,0,0,0,0, 192.168.1.111,172.217.11.35,0,0,0,0,0, 192.168.1.111,172.217.6.238,0,0,0,0,0, 192.168.1.111,172.217.11.3,0,0,0,0,0, 192.168.1.111,172.217.10.78,0,0,0,0,0, 192.168.1.111,172.217.7.14,0,0,0,0,0, 192.168.1.111,172.217.12.174,0,0,0,0,0, 192.168.1.111,172.217.17.35,0,0,0,0,0, 192.168.1.111,172.217.19.195,0,0,0,0,0, 192.168.1.111,172.217.9.227,0,0,0,0,0, 192.168.1.111,172.217.11.42,0,0,0,0,0, 192.168.1.111,172.217.12.162,0,0,0,0,0, 192.168.1.111,172.217.135.41,0,0,0,0,0, 192.168.1.111,172.217.11.38,0,0,0,0,0, 192.168.1.111,173.194.7.25,0,0,0,0,0, 192.168.1.111,172.217.11.13,0,0,0,0,0, 192.168.1.111,172.217.11.46,0,0,0,0,0, 192.168.1.111,172.217.11.33,0,0,0,0,0, 192.168.1.111,172.217.13.228,0,0,0,0,0, 192.168.1.111,172.217.13.227,0,0,0,0,0, 192.168.1.111,172.217.11.51,0,0,0,0,0, 192.168.1.111,10.0.1.2,0,0,0,0,0, 192.168.1.111,0,0,0,0,0,0, 192.168.1.111,0,0,0,0,0,0, 192.168.1.111,0.0.0.0,0,0,0,0,0,0,0,0,0,0,1526510405250,0.0,31732.921,0,0,0,0,0,0,0,0,0,0.0,0.0,-1
1800.499999999458,0,0,0,0, 192.168.1.111,173.194.184.10,0,0,0,0,0, 192.168.1.111,172.217.135.9,0,0,0,0,0, 192.168.1.111,172.217.11.35,0,0,0,0,0, 192.168.1.111,172.217.6.238,0,0,0,0,0, 192.168.1.111,172.217.11.3,0,0,0,0,0, 192.168.1.111,172.217.10.78,0,0,0,0,0, 192.168.1.111,172.217.7.14,0,0,0,0,0, 192.168.1.111,172.217.12.174,0,0,0,0,0, 192.168.1.111,172.217.17.35,0,0,0,0,0, 192.168.1.111,172.217.19.195,0,0,0,0,0, 192.168.1.111,172.217.9.227,0,0,0,0,0, 192.168.1.111,172.217.11.42,0,0,0,0,0, 192.168.1.111,172.217.12.162,0,0,0,0,0, 192.168.1.111,172.217.135.41,0,0,0,0,0, 192.168.1.111,172.217.11.38,0,0,0,0,0, 192.168.1.111,173.194.7.25,0,0,0,0,0, 192.168.1.111,172.217.11.13,0,0,0,0,0, 192.168.1.111,172.217.11.46,0,0,0,0,0, 192.168.1.111,172.217.11.33,0,0,0,0,0, 192.168.1.111,172.217.13.228,0,0,0,0,0, 192.168.1.111,172.217.13.227,0,0,0,0,0, 192.168.1.111,172.217.11.51,0,0,0,0,0, 192.168.1.111,10.0.1.2,0,0,0,0,0, 192.168.1.111,0,0,0,0,0,0, 192.168.1.111,0,0,0,0,0,0, 192.168.1.111,0.0.0.0,0,0,0,0,0,0,0,0,0,0,1526510405250,0.0,31732.921,0,0,0,0,0,0,0,0,0,0.0,0.0,-1
1800.599999999458,0,0,0,0, 192.168.1.111,173.194.184.10,0,0,0,0,0, 192.168.1.111,172.217.135.9,0,0,0,0,0, 192.168.1.111,172.217.11.35,0,0,0,0,0, 192.168.1.111,172.217.6.238,0,0,0,0,0, 192.168.1.111,172.217.11.3,0,0,0,0,0, 192.168.1.111,172.217.10.78,0,0,0,0,0, 192.168.1.111,172.217.7.14,0,0,0,0,0, 192.168.1.111,172.217.12.174,0,0,0,0,0, 192.168.1.111,172.217.17.35,0,0,0,0,0, 192.168.1.111,172.217.19.195,0,0,0,0,0, 192.168.1.111,172.217.9.227,0,0,0,0,0, 192.168.1.111,172.217.11.42,0,0,0,0,0, 192.168.1.111,172.217.12.162,0,0,0,0,0, 192.168.1.111,172.217.135.41,0,0,0,0,0, 192.168.1.111,172.217.11.38,0,0,0,0,0, 192.168.1.111,173.194.7.25,0,0,0,0,0, 192.168.1.111,172.217.11.13,0,0,0,0,0, 192.168.1.111,172.217.11.46,0,0,0,0,0, 192.168.1.111,172.217.11.33,0,0,0,0,0, 192.168.1.111,172.217.13.228,0,0,0,0,0, 192.168.1.111,172.217.13.227,0,0,0,0,0, 192.168.1.111,172.217.11.51,0,0,0,0,0, 192.168.1.111,10.0.1.2,0,0,0,0,0, 192.168.1.111,0,0,0,0,0,0, 192.168.1.111,0,0,0,0,0,0, 192.168.1.111,0.0.0.0,0,0,0,0,0,0,0,0,0,0,1526510405250,0.0,31732.921,0,0,0,0,0,0,0,0,0,0.0,0.0,-1
1800.6999999994578,0,0,0,0, 192.168.1.111,173.194.184.10,0,0,0,0,0, 192.168.1.111,172.217.135.9,0,0,0,0,0, 192.168.1.111,172.217.11.35,0,0,0,0,0, 192.168.1.111,172.217.6.238,0,0,0,0,0, 192.168.1.111,172.217.11.3,0,0,0,0,0, 192.168.1.111,172.217.10.78,0,0,0,0,0, 192.168.1.111,172.217.7.14,0,0,0,0,0, 192.168.1.111,172.217.12.174,0,0,0,0,0, 192.168.1.111,172.217.17.35,0,0,0,0,0, 192.168.1.111,172.217.19.195,0,0,0,0,0, 192.168.1.111,172.217.9.227,0,0,0,0,0, 192.168.1.111,172.217.11.42,0,0,0,0,0, 192.168.1.111,172.217.12.162,0,0,0,0,0, 192.168.1.111,172.217.135.41,0,0,0,0,0, 192.168.1.111,172.217.11.38,0,0,0,0,0, 192.168.1.111,173.194.7.25,0,0,0,0,0, 192.168.1.111,172.217.11.13,0,0,0,0,0, 192.168.1.111,172.217.11.46,0,0,0,0,0, 192.168.1.111,172.217.11.33,0,0,0,0,0, 192.168.1.111,172.217.13.228,0,0,0,0,0, 192.168.1.111,172.217.13.227,0,0,0,0,0, 192.168.1.111,172.217.11.51,0,0,0,0,0, 192.168.1.111,10.0.1.2,0,0,0,0,0, 192.168.1.111,0,0,0,0,0,0, 192.168.1.111,0,0,0,0,0,0, 192.168.1.111,0.0.0.0,0,0,0,0,0,0,0,0,0,0,1526510405250,0.0,31732.921,0,0,0,0,0,0,0,0,0,0.0,0.0,-1
1800.7999999994577,0,0,0,0, 192.168.1.111,173.194.184.10,0,0,0,0,0, 192.168.1.111,172.217.135.9,0,0,0,0,0, 192.168.1.111,172.217.11.35,0,0,0,0,0, 192.168.1.111,172.217.6.238,0,0,0,0,0, 192.168.1.111,172.217.11.3,0,0,0,0,0, 192.168.1.111,172.217.10.78,0,0,0,0,0, 192.168.1.111,172.217.7.14,0,0,0,0,0, 192.168.1.111,172.217.12.174,0,0,0,0,0, 192.168.1.111,172.217.17.35,0,0,0,0,0, 192.168.1.111,172.217.19.195,0,0,0,0,0, 192.168.1.111,172.217.9.227,0,0,0,0,0, 192.168.1.111,172.217.11.42,0,0,0,0,0, 192.168.1.111,172.217.12.162,0,0,0,0,0, 192.168.1.111,172.217.135.41,0,0,0,0,0, 192.168.1.111,172.217.11.38,0,0,0,0,0, 192.168.1.111,173.194.7.25,0,0,0,0,0, 192.168.1.111,172.217.11.13,0,0,0,0,0, 192.168.1.111,172.217.11.46,0,0,0,0,0, 192.168.1.111,172.217.11.33,0,0,0,0,0, 192.168.1.111,172.217.13.228,0,0,0,0,0, 192.168.1.111,172.217.13.227,0,0,0,0,0, 192.168.1.111,172.217.11.51,0,0,0,0,0, 192.168.1.111,10.0.1.2,0,0,0,0,0, 192.168.1.111,0,0,0,0,0,0, 192.168.1.111,0,0,0,0,0,0, 192.168.1.111,0.0.0.0,0,0,0,0,0,0,0,0,0,0,1526510405250,0.0,31732.921,0,0,0,0,0,0,0,0,0,0.0,0.0,-1
1800.8999999994576,0,0,0,0, 192.168.1.111,173.194.184.10,0,0,0,0,0, 192.168.1.111,172.217.135.9,0,0,0,0,0, 192.168.1.111,172.217.11.35,0,0,0,0,0, 192.168.1.111,172.217.6.238,0,0,0,0,0, 192.168.1.111,172.217.11.3,0,0,0,0,0, 192.168.1.111,172.217.10.78,0,0,0,0,0, 192.168.1.111,172.217.7.14,0,0,0,0,0, 192.168.1.111,172.217.12.174,0,0,0,0,0, 192.168.1.111,172.217.17.35,0,0,0,0,0, 192.168.1.111,172.217.19.195,0,0,0,0,0, 192.168.1.111,172.217.9.227,0,0,0,0,0, 192.168.1.111,172.217.11.42,0,0,0,0,0, 192.168.1.111,172.217.12.162,0,0,0,0,0, 192.168.1.111,172.217.135.41,0,0,0,0,0, 192.168.1.111,172.217.11.38,0,0,0,0,0, 192.168.1.111,173.194.7.25,0,0,0,0,0, 192.168.1.111,172.217.11.13,0,0,0,0,0, 192.168.1.111,172.217.11.46,0,0,0,0,0, 192.168.1.111,172.217.11.33,0,0,0,0,0, 192.168.1.111,172.217.13.228,0,0,0,0,0, 192.168.1.111,172.217.13.227,0,0,0,0,0, 192.168.1.111,172.217.11.51,0,0,0,0,0, 192.168.1.111,10.0.1.2,0,0,0,0,0, 192.168.1.111,0,0,0,0,0,0, 192.168.1.111,0,0,0,0,0,0, 192.168.1.111,0.0.0.0,0,0,0,0,0,0,0,0,0,0,1526510405250,0.0,31732.921,0,0,0,0,0,0,0,0,0,0.0,0.0,-1
0.0,0,1,0,73, 192.168.1.111,173.194.7.91,0,0,0,0,0, 192.168.1.111,172.217.12.131,0,0,0,0,0, 192.168.1.111,172.217.6.206,0,0,0,0,0, 192.168.1.111,172.217.12.129,0,0,0,0,0, 192.168.1.111,172.217.12.142,QUIC,0,1,0,73, 192.168.1.111,172.217.11.2,0,0,0,0,0, 192.168.1.111,172.217.12.134,0,0,0,0,0, 192.168.1.111,172.217.12.138,0,0,0,0,0, 192.168.1.111,172.217.12.206,0,0,0,0,0, 192.168.1.111,172.217.9.238,0,0,0,0,0, 192.168.1.111,172.217.10.150,0,0,0,0,0, 192.168.1.111,172.217.13.68,0,0,0,0,0, 192.168.1.111,23.66.1.128,0,0,0,0,0, 192.168.1.111,172.217.12.141,0,0,0,0,0, 192.168.1.111,172.217.11.3,0,0,0,0,0, 192.168.1.111,23.194.141.207,0,0,0,0,0, 192.168.1.111,23.194.142.246,0,0,0,0,0, 192.168.1.111,172.217.10.86,0,0,0,0,0, 192.168.1.111,172.217.12.147,0,0,0,0,0, 192.168.1.111,0,0,0,0,0,0, 192.168.1.111,0,0,0,0,0,0, 192.168.1.111,0,0,0,0,0,0, 192.168.1.111,0,0,0,0,0,0, 192.168.1.111,0,0,0,0,0,0, 192.168.1.111,0,0,0,0,0,0, 192.168.1.111,0.0.0.0,0,0,0,0,0,0,0,0,0,0,1526922711769,0.0,1479.681,0,0,0,0,0,0,0,0,0,0.0,0.0,-1
0.1,6,7,496,3146, 192.168.1.111,173.194.7.91,0,0,0,0,0, 192.168.1.111,172.217.12.131,0,0,0,0,0, 192.168.1.111,172.217.6.206,QUIC,2,3,174,1537, 192.168.1.111,172.217.12.129,0,0,0,0,0, 192.168.1.111,172.217.12.142,QUIC,2,1,161,72, 192.168.1.111,172.217.11.2,0,0,0,0,0, 192.168.1.111,172.217.12.134,0,0,0,0,0, 192.168.1.111,172.217.12.138,QUIC,2,3,161,1537, 192.168.1.111,172.217.12.206,0,0,0,0,0, 192.168.1.111,172.217.9.238,0,0,0,0,0, 192.168.1.111,172.217.10.150,0,0,0,0,0, 192.168.1.111,172.217.13.68,0,0,0,0,0, 192.168.1.111,23.66.1.128,0,0,0,0,0, 192.168.1.111,172.217.12.141,0,0,0,0,0, 192.168.1.111,172.217.11.3,0,0,0,0,0, 192.168.1.111,23.194.141.207,0,0,0,0,0, 192.168.1.111,23.194.142.246,0,0,0,0,0, 192.168.1.111,172.217.10.86,0,0,0,0,0, 192.168.1.111,172.217.12.147,0,0,0,0,0, 192.168.1.111,0,0,0,0,0,0, 192.168.1.111,0,0,0,0,0,0, 192.168.1.111,0,0,0,0,0,0, 192.168.1.111,0,0,0,0,0,0, 192.168.1.111,0,0,0,0,0,0, 192.168.1.111,0,0,0,0,0,0, 192.168.1.111,0.0.0.0,0,0,0,0,0,0,0,0,0,0,1526922711769,0.0,1479.681,0,0,0,0,0,0,0,0,0,0.0,0.0,-1
0.2,1,0,217,0, 192.168.1.111,173.194.7.91,0,0,0,0,0, 192.168.1.111,172.217.12.131,0,0,0,0,0, 192.168.1.111,172.217.6.206,0,0,0,0,0, 192.168.1.111,172.217.12.129,0,0,0,0,0, 192.168.1.111,172.217.12.142,0,0,0,0,0, 192.168.1.111,172.217.11.2,0,0,0,0,0, 192.168.1.111,172.217.12.134,0,0,0,0,0, 192.168.1.111,172.217.12.138,0,0,0,0,0, 192.168.1.111,172.217.12.206,0,0,0,0,0, 192.168.1.111,172.217.9.238,0,0,0,0,0, 192.168.1.111,172.217.10.150,0,0,0,0,0, 192.168.1.111,172.217.13.68,0,0,0,0,0, 192.168.1.111,23.66.1.128,0,0,0,0,0, 192.168.1.111,172.217.12.141,0,0,0,0,0, 192.168.1.111,172.217.11.3,0,0,0,0,0, 192.168.1.111,23.194.141.207,0,0,0,0,0, 192.168.1.111,23.194.142.246,0,0,0,0,0, 192.168.1.111,172.217.10.86,0,0,0,0,0, 192.168.1.111,172.217.12.147,0,0,0,0,0, 192.168.1.111,0,0,0,0,0,0, 192.168.1.111,0,0,0,0,0,0, 192.168.1.111,0,0,0,0,0,0, 192.168.1.111,0,0,0,0,0,0, 192.168.1.111,0,0,0,0,0,0, 192.168.1.111,0,0,0,0,0,0, 192.168.1.111,0.0.0.0,0,1,0,217,0,0,0,0,0,0,1526922711769,0.0,1479.681,0,0,0,0,0,0,0,0,0,0.0,0.0,-1
0.3,0,0,0,0, 192.168.1.111,173.194.7.91,0,0,0,0,0, 192.168.1.111,172.217.12.131,0,0,0,0,0, 192.168.1.111,172.217.6.206,0,0,0,0,0, 192.168.1.111,172.217.12.129,0,0,0,0,0, 192.168.1.111,172.217.12.142,0,0,0,0,0, 192.168.1.111,172.217.11.2,0,0,0,0,0, 192.168.1.111,172.217.12.134,0,0,0,0,0, 192.168.1.111,172.217.12.138,0,0,0,0,0, 192.168.1.111,172.217.12.206,0,0,0,0,0, 192.168.1.111,172.217.9.238,0,0,0,0,0, 192.168.1.111,172.217.10.150,0,0,0,0,0, 192.168.1.111,172.217.13.68,0,0,0,0,0, 192.168.1.111,23.66.1.128,0,0,0,0,0, 192.168.1.111,172.217.12.141,0,0,0,0,0, 192.168.1.111,172.217.11.3,0,0,0,0,0, 192.168.1.111,23.194.141.207,0,0,0,0,0, 192.168.1.111,23.194.142.246,0,0,0,0,0, 192.168.1.111,172.217.10.86,0,0,0,0,0, 192.168.1.111,172.217.12.147,0,0,0,0,0, 192.168.1.111,0,0,0,0,0,0, 192.168.1.111,0,0,0,0,0,0, 192.168.1.111,0,0,0,0,0,0, 192.168.1.111,0,0,0,0,0,0, 192.168.1.111,0,0,0,0,0,0, 192.168.1.111,0,0,0,0,0,0, 192.168.1.111,0.0.0.0,0,0,0,0,0,0,0,0,0,0,1526922711769,0.0,1479.681,0,0,0,0,0,0,0,0,0,0.0,0.0,-1
0.4,0,0,0,0, 192.168.1.111,173.194.7.91,0,0,0,0,0, 192.168.1.111,172.217.12.131,0,0,0,0,0, 192.168.1.111,172.217.6.206,0,0,0,0,0, 192.168.1.111,172.217.12.129,0,0,0,0,0, 192.168.1.111,172.217.12.142,0,0,0,0,0, 192.168.1.111,172.217.11.2,0,0,0,0,0, 192.168.1.111,172.217.12.134,0,0,0,0,0, 192.168.1.111,172.217.12.138,0,0,0,0,0, 192.168.1.111,172.217.12.206,0,0,0,0,0, 192.168.1.111,172.217.9.238,0,0,0,0,0, 192.168.1.111,172.217.10.150,0,0,0,0,0, 192.168.1.111,172.217.13.68,0,0,0,0,0, 192.168.1.111,23.66.1.128,0,0,0,0,0, 192.168.1.111,172.217.12.141,0,0,0,0,0, 192.168.1.111,172.217.11.3,0,0,0,0,0, 192.168.1.111,23.194.141.207,0,0,0,0,0, 192.168.1.111,23.194.142.246,0,0,0,0,0, 192.168.1.111,172.217.10.86,0,0,0,0,0, 192.168.1.111,172.217.12.147,0,0,0,0,0, 192.168.1.111,0,0,0,0,0,0, 192.168.1.111,0,0,0,0,0,0, 192.168.1.111,0,0,0,0,0,0, 192.168.1.111,0,0,0,0,0,0, 192.168.1.111,0,0,0,0,0,0, 192.168.1.111,0,0,0,0,0,0, 192.168.1.111,0.0.0.0,0,0,0,0,0,0,0,0,0,0,1526922711769,0.0,1479.681,0,0,0,0,0,0,0,0,0,0.0,0.0,-1
0.5,0,0,0,0, 192.168.1.111,173.194.7.91,0,0,0,0,0, 192.168.1.111,172.217.12.131,0,0,0,0,0, 192.168.1.111,172.217.6.206,0,0,0,0,0, 192.168.1.111,172.217.12.129,0,0,0,0,0, 192.168.1.111,172.217.12.142,0,0,0,0,0, 192.168.1.111,172.217.11.2,0,0,0,0,0, 192.168.1.111,172.217.12.134,0,0,0,0,0, 192.168.1.111,172.217.12.138,0,0,0,0,0, 192.168.1.111,172.217.12.206,0,0,0,0,0, 192.168.1.111,172.217.9.238,0,0,0,0,0, 192.168.1.111,172.217.10.150,0,0,0,0,0, 192.168.1.111,172.217.13.68,0,0,0,0,0, 192.168.1.111,23.66.1.128,0,0,0,0,0, 192.168.1.111,172.217.12.141,0,0,0,0,0, 192.168.1.111,172.217.11.3,0,0,0,0,0, 192.168.1.111,23.194.141.207,0,0,0,0,0, 192.168.1.111,23.194.142.246,0,0,0,0,0, 192.168.1.111,172.217.10.86,0,0,0,0,0, 192.168.1.111,172.217.12.147,0,0,0,0,0, 192.168.1.111,0,0,0,0,0,0, 192.168.1.111,0,0,0,0,0,0, 192.168.1.111,0,0,0,0,0,0, 192.168.1.111,0,0,0,0,0,0, 192.168.1.111,0,0,0,0,0,0, 192.168.1.111,0,0,0,0,0,0, 192.168.1.111,0.0.0.0,0,0,0,0,0,0,0,0,0,0,1526922711769,0.0,1479.681,0,0,0,0,0,0,0,0,0,0.0,0.0,-1
0.6,0,0,0,0, 192.168.1.111,173.194.7.91,0,0,0,0,0, 192.168.1.111,172.217.12.131,0,0,0,0,0, 192.168.1.111,172.217.6.206,0,0,0,0,0, 192.168.1.111,172.217.12.129,0,0,0,0,0, 192.168.1.111,172.217.12.142,0,0,0,0,0, 192.168.1.111,172.217.11.2,0,0,0,0,0, 192.168.1.111,172.217.12.134,0,0,0,0,0, 192.168.1.111,172.217.12.138,0,0,0,0,0, 192.168.1.111,172.217.12.206,0,0,0,0,0, 192.168.1.111,172.217.9.238,0,0,0,0,0, 192.168.1.111,172.217.10.150,0,0,0,0,0, 192.168.1.111,172.217.13.68,0,0,0,0,0, 192.168.1.111,23.66.1.128,0,0,0,0,0, 192.168.1.111,172.217.12.141,0,0,0,0,0, 192.168.1.111,172.217.11.3,0,0,0,0,0, 192.168.1.111,23.194.141.207,0,0,0,0,0, 192.168.1.111,23.194.142.246,0,0,0,0,0, 192.168.1.111,172.217.10.86,0,0,0,0,0, 192.168.1.111,172.217.12.147,0,0,0,0,0, 192.168.1.111,0,0,0,0,0,0, 192.168.1.111,0,0,0,0,0,0, 192.168.1.111,0,0,0,0,0,0, 192.168.1.111,0,0,0,0,0,0, 192.168.1.111,0,0,0,0,0,0, 192.168.1.111,0,0,0,0,0,0, 192.168.1.111,0.0.0.0,0,0,0,0,0,0,0,0,0,0,1526922711769,0.0,1479.681,0,0,0,0,0,0,0,0,0,0.0,0.0,-1
0.7,2,1,1471,95, 192.168.1.111,173.194.7.91,0,0,0,0,0, 192.168.1.111,172.217.12.131,0,0,0,0,0, 192.168.1.111,172.217.6.206,0,0,0,0,0, 192.168.1.111,172.217.12.129,0,0,0,0,0, 192.168.1.111,172.217.12.142,0,0,0,0,0, 192.168.1.111,172.217.11.2,0,0,0,0,0, 192.168.1.111,172.217.12.134,0,0,0,0,0, 192.168.1.111,172.217.12.138,0,0,0,0,0, 192.168.1.111,172.217.12.206,0,0,0,0,0, 192.168.1.111,172.217.9.238,0,0,0,0,0, 192.168.1.111,172.217.10.150,0,0,0,0,0, 192.168.1.111,172.217.13.68,0,0,0,0,0, 192.168.1.111,23.66.1.128,0,0,0,0,0, 192.168.1.111,172.217.12.141,QUIC,1,0,1392,0, 192.168.1.111,172.217.11.3,0,0,0,0,0, 192.168.1.111,23.194.141.207,0,0,0,0,0, 192.168.1.111,23.194.142.246,0,0,0,0,0, 192.168.1.111,172.217.10.86,0,0,0,0,0, 192.168.1.111,172.217.12.147,0,0,0,0,0, 192.168.1.111,0,0,0,0,0,0, 192.168.1.111,0,0,0,0,0,0, 192.168.1.111,0,0,0,0,0,0, 192.168.1.111,0,0,0,0,0,0, 192.168.1.111,0,0,0,0,0,0, 192.168.1.111,0,0,0,0,0,0, 192.168.1.111,0.0.0.0,0,1,1,79,95,0,0,0,0,0,1526922711769,0.0,1479.681,0,0,0,0,0,0,0,0,0,0.0,0.0,-1
0.7999999999999999,7,8,4250,7177, 192.168.1.111,173.194.7.91,0,0,0,0,0, 192.168.1.111,172.217.12.131,0,0,0,0,0, 192.168.1.111,172.217.6.206,0,0,0,0,0, 192.168.1.111,172.217.12.129,0,0,0,0,0, 192.168.1.111,172.217.12.142,0,0,0,0,0, 192.168.1.111,172.217.11.2,0,0,0,0,0, 192.168.1.111,172.217.12.134,0,0,0,0,0, 192.168.1.111,172.217.12.138,0,0,0,0,0, 192.168.1.111,172.217.12.206,0,0,0,0,0, 192.168.1.111,172.217.9.238,0,0,0,0,0, 192.168.1.111,172.217.10.150,0,0,0,0,0, 192.168.1.111,172.217.13.68,0,0,0,0,0, 192.168.1.111,23.66.1.128,0,0,0,0,0, 192.168.1.111,172.217.12.141,QUIC,7,8,4250,7177, 192.168.1.111,172.217.11.3,0,0,0,0,0, 192.168.1.111,23.194.141.207,0,0,0,0,0, 192.168.1.111,23.194.142.246,0,0,0,0,0, 192.168.1.111,172.217.10.86,0,0,0,0,0, 192.168.1.111,172.217.12.147,0,0,0,0,0, 192.168.1.111,0,0,0,0,0,0, 192.168.1.111,0,0,0,0,0,0, 192.168.1.111,0,0,0,0,0,0, 192.168.1.111,0,0,0,0,0,0, 192.168.1.111,0,0,0,0,0,0, 192.168.1.111,0,0,0,0,0,0, 192.168.1.111,0.0.0.0,0,0,0,0,0,0,0,0,0,0,1526922711769,0.0,1479.681,0,0,0,0,0,0,0,0,0,0.0,0.0,-1
0.8999999999999999,2,2,163,1322, 192.168.1.111,173.194.7.91,0,0,0,0,0, 192.168.1.111,172.217.12.131,0,0,0,0,0, 192.168.1.111,172.217.6.206,0,0,0,0,0, 192.168.1.111,172.217.12.129,0,0,0,0,0, 192.168.1.111,172.217.12.142,0,0,0,0,0, 192.168.1.111,172.217.11.2,0,0,0,0,0, 192.168.1.111,172.217.12.134,0,0,0,0,0, 192.168.1.111,172.217.12.138,0,0,0,0,0, 192.168.1.111,172.217.12.206,0,0,0,0,0, 192.168.1.111,172.217.9.238,0,0,0,0,0, 192.168.1.111,172.217.10.150,0,0,0,0,0, 192.168.1.111,172.217.13.68,0,0,0,0,0, 192.168.1.111,23.66.1.128,0,0,0,0,0, 192.168.1.111,172.217.12.141,QUIC,2,2,163,1322, 192.168.1.111,172.217.11.3,0,0,0,0,0, 192.168.1.111,23.194.141.207,0,0,0,0,0, 192.168.1.111,23.194.142.246,0,0,0,0,0, 192.168.1.111,172.217.10.86,0,0,0,0,0, 192.168.1.111,172.217.12.147,0,0,0,0,0, 192.168.1.111,0,0,0,0,0,0, 192.168.1.111,0,0,0,0,0,0, 192.168.1.111,0,0,0,0,0,0, 192.168.1.111,0,0,0,0,0,0, 192.168.1.111,0,0,0,0,0,0, 192.168.1.111,0,0,0,0,0,0, 192.168.1.111,0.0.0.0,0,0,0,0,0,0,0,0,0,0,1526922711769,0.0,1479.681,0,0,0,0,0,0,0,0,0,0.0,0.0,-1
1.0,0,0,0,0, 192.168.1.111,173.194.7.91,0,0,0,0,0, 192.168.1.111,172.217.12.131,0,0,0,0,0, 192.168.1.111,172.217.6.206,0,0,0,0,0, 192.168.1.111,172.217.12.129,0,0,0,0,0, 192.168.1.111,172.217.12.142,0,0,0,0,0, 192.168.1.111,172.217.11.2,0,0,0,0,0, 192.168.1.111,172.217.12.134,0,0,0,0,0, 192.168.1.111,172.217.12.138,0,0,0,0,0, 192.168.1.111,172.217.12.206,0,0,0,0,0, 192.168.1.111,172.217.9.238,0,0,0,0,0, 192.168.1.111,172.217.10.150,0,0,0,0,0, 192.168.1.111,172.217.13.68,0,0,0,0,0, 192.168.1.111,23.66.1.128,0,0,0,0,0, 192.168.1.111,172.217.12.141,0,0,0,0,0, 192.168.1.111,172.217.11.3,0,0,0,0,0, 192.168.1.111,23.194.141.207,0,0,0,0,0, 192.168.1.111,23.194.142.246,0,0,0,0,0, 192.168.1.111,172.217.10.86,0,0,0,0,0, 192.168.1.111,172.217.12.147,0,0,0,0,0, 192.168.1.111,0,0,0,0,0,0, 192.168.1.111,0,0,0,0,0,0, 192.168.1.111,0,0,0,0,0,0, 192.168.1.111,0,0,0,0,0,0, 192.168.1.111,0,0,0,0,0,0, 192.168.1.111,0,0,0,0,0,0, 192.168.1.111,0.0.0.0,0,0,0,0,0,0,0,0,0,0,1526922711769,0.0,1479.681,0,0,0,0,0,0,0,0,0,0.0,0.0,-1
1.1,2,1,924,1262, 192.168.1.111,173.194.7.91,0,0,0,0,0, 192.168.1.111,172.217.12.131,0,0,0,0,0, 192.168.1.111,172.217.6.206,QUIC,2,1,924,1262, 192.168.1.111,172.217.12.129,0,0,0,0,0, 192.168.1.111,172.217.12.142,0,0,0,0,0, 192.168.1.111,172.217.11.2,0,0,0,0,0, 192.168.1.111,172.217.12.134,0,0,0,0,0, 192.168.1.111,172.217.12.138,0,0,0,0,0, 192.168.1.111,172.217.12.206,0,0,0,0,0, 192.168.1.111,172.217.9.238,0,0,0,0,0, 192.168.1.111,172.217.10.150,0,0,0,0,0, 192.168.1.111,172.217.13.68,0,0,0,0,0, 192.168.1.111,23.66.1.128,0,0,0,0,0, 192.168.1.111,172.217.12.141,0,0,0,0,0, 192.168.1.111,172.217.11.3,0,0,0,0,0, 192.168.1.111,23.194.141.207,0,0,0,0,0, 192.168.1.111,23.194.142.246,0,0,0,0,0, 192.168.1.111,172.217.10.86,0,0,0,0,0, 192.168.1.111,172.217.12.147,0,0,0,0,0, 192.168.1.111,0,0,0,0,0,0, 192.168.1.111,0,0,0,0,0,0, 192.168.1.111,0,0,0,0,0,0, 192.168.1.111,0,0,0,0,0,0, 192.168.1.111,0,0,0,0,0,0, 192.168.1.111,0,0,0,0,0,0, 192.168.1.111,0.0.0.0,0,0,0,0,0,0,0,0,0,0,1526922711769,0.0,1479.681,0,0,0,0,0,0,0,0,0,0.0,0.0,-1
1.2,2,2,1472,2784, 192.168.1.111,173.194.7.91,0,0,0,0,0, 192.168.1.111,172.217.12.131,QUIC,2,2,1472,2784, 192.168.1.111,172.217.6.206,0,0,0,0,0, 192.168.1.111,172.217.12.129,0,0,0,0,0, 192.168.1.111,172.217.12.142,0,0,0,0,0, 192.168.1.111,172.217.11.2,0,0,0,0,0, 192.168.1.111,172.217.12.134,0,0,0,0,0, 192.168.1.111,172.217.12.138,0,0,0,0,0, 192.168.1.111,172.217.12.206,0,0,0,0,0, 192.168.1.111,172.217.9.238,0,0,0,0,0, 192.168.1.111,172.217.10.150,0,0,0,0,0, 192.168.1.111,172.217.13.68,0,0,0,0,0, 192.168.1.111,23.66.1.128,0,0,0,0,0, 192.168.1.111,172.217.12.141,0,0,0,0,0, 192.168.1.111,172.217.11.3,0,0,0,0,0, 192.168.1.111,23.194.141.207,0,0,0,0,0, 192.168.1.111,23.194.142.246,0,0,0,0,0, 192.168.1.111,172.217.10.86,0,0,0,0,0, 192.168.1.111,172.217.12.147,0,0,0,0,0, 192.168.1.111,0,0,0,0,0,0, 192.168.1.111,0,0,0,0,0,0, 192.168.1.111,0,0,0,0,0,0, 192.168.1.111,0,0,0,0,0,0, 192.168.1.111,0,0,0,0,0,0, 192.168.1.111,0,0,0,0,0,0, 192.168.1.111,0.0.0.0,0,0,0,0,0,0,0,0,0,0,1526922711769,0.0,1479.681,0,0,0,0,0,0,0,0,0,0.0,0.0,-1
1.3,4,4,1635,1639, 192.168.1.111,173.194.7.91,0,0,0,0,0, 192.168.1.111,172.217.12.131,QUIC,3,3,1553,1537, 192.168.1.111,172.217.6.206,0,0,0,0,0, 192.168.1.111,172.217.12.129,0,0,0,0,0, 192.168.1.111,172.217.12.142,0,0,0,0,0, 192.168.1.111,172.217.11.2,0,0,0,0,0, 192.168.1.111,172.217.12.134,0,0,0,0,0, 192.168.1.111,172.217.12.138,0,0,0,0,0, 192.168.1.111,172.217.12.206,0,0,0,0,0, 192.168.1.111,172.217.9.238,0,0,0,0,0, 192.168.1.111,172.217.10.150,0,0,0,0,0, 192.168.1.111,172.217.13.68,0,0,0,0,0, 192.168.1.111,23.66.1.128,0,0,0,0,0, 192.168.1.111,172.217.12.141,0,0,0,0,0, 192.168.1.111,172.217.11.3,0,0,0,0,0, 192.168.1.111,23.194.141.207,0,0,0,0,0, 192.168.1.111,23.194.142.246,0,0,0,0,0, 192.168.1.111,172.217.10.86,0,0,0,0,0, 192.168.1.111,172.217.12.147,0,0,0,0,0, 192.168.1.111,0,0,0,0,0,0, 192.168.1.111,0,0,0,0,0,0, 192.168.1.111,0,0,0,0,0,0, 192.168.1.111,0,0,0,0,0,0, 192.168.1.111,0,0,0,0,0,0, 192.168.1.111,0,0,0,0,0,0, 192.168.1.111,0.0.0.0,0,1,0,82,0,0,0,0,0,0,1526922711769,0.0,1479.681,0,0,0,0,0,0,0,0,0,0.0,0.0,-1
1.4,0,0,0,0, 192.168.1.111,173.194.7.91,0,0,0,0,0, 192.168.1.111,172.217.12.131,0,0,0,0,0, 192.168.1.111,172.217.6.206,0,0,0,0,0, 192.168.1.111,172.217.12.129,0,0,0,0,0, 192.168.1.111,172.217.12.142,0,0,0,0,0, 192.168.1.111,172.217.11.2,0,0,0,0,0, 192.168.1.111,172.217.12.134,0,0,0,0,0, 192.168.1.111,172.217.12.138,0,0,0,0,0, 192.168.1.111,172.217.12.206,0,0,0,0,0, 192.168.1.111,172.217.9.238,0,0,0,0,0, 192.168.1.111,172.217.10.150,0,0,0,0,0, 192.168.1.111,172.217.13.68,0,0,0,0,0, 192.168.1.111,23.66.1.128,0,0,0,0,0, 192.168.1.111,172.217.12.141,0,0,0,0,0, 192.168.1.111,172.217.11.3,0,0,0,0,0, 192.168.1.111,23.194.141.207,0,0,0,0,0, 192.168.1.111,23.194.142.246,0,0,0,0,0, 192.168.1.111,172.217.10.86,0,0,0,0,0, 192.168.1.111,172.217.12.147,0,0,0,0,0, 192.168.1.111,0,0,0,0,0,0, 192.168.1.111,0,0,0,0,0,0, 192.168.1.111,0,0,0,0,0,0, 192.168.1.111,0,0,0,0,0,0, 192.168.1.111,0,0,0,0,0,0, 192.168.1.111,0,0,0,0,0,0, 192.168.1.111,0.0.0.0,0,0,0,0,0,0,0,0,0,0,1526922711769,0.0,1479.681,0,0,0,0,0,0,0,0,0,0.0,0.0,-1
1.5000000000000002,0,0,0,0, 192.168.1.111,173.194.7.91,0,0,0,0,0, 192.168.1.111,172.217.12.131,0,0,0,0,0, 192.168.1.111,172.217.6.206,0,0,0,0,0, 192.168.1.111,172.217.12.129,0,0,0,0,0, 192.168.1.111,172.217.12.142,0,0,0,0,0, 192.168.1.111,172.217.11.2,0,0,0,0,0, 192.168.1.111,172.217.12.134,0,0,0,0,0, 192.168.1.111,172.217.12.138,0,0,0,0,0, 192.168.1.111,172.217.12.206,0,0,0,0,0, 192.168.1.111,172.217.9.238,0,0,0,0,0, 192.168.1.111,172.217.10.150,0,0,0,0,0, 192.168.1.111,172.217.13.68,0,0,0,0,0, 192.168.1.111,23.66.1.128,0,0,0,0,0, 192.168.1.111,172.217.12.141,0,0,0,0,0, 192.168.1.111,172.217.11.3,0,0,0,0,0, 192.168.1.111,23.194.141.207,0,0,0,0,0, 192.168.1.111,23.194.142.246,0,0,0,0,0, 192.168.1.111,172.217.10.86,0,0,0,0,0, 192.168.1.111,172.217.12.147,0,0,0,0,0, 192.168.1.111,0,0,0,0,0,0, 192.168.1.111,0,0,0,0,0,0, 192.168.1.111,0,0,0,0,0,0, 192.168.1.111,0,0,0,0,0,0, 192.168.1.111,0,0,0,0,0,0, 192.168.1.111,0,0,0,0,0,0, 192.168.1.111,0.0.0.0,0,0,0,0,0,0,0,0,0,0,1526922711769,0.0,1479.681,0,0,0,0,0,0,0,0,0,0.0,0.0,-1
1.6000000000000003,0,0,0,0, 192.168.1.111,173.194.7.91,0,0,0,0,0, 192.168.1.111,172.217.12.131,0,0,0,0,0, 192.168.1.111,172.217.6.206,0,0,0,0,0, 192.168.1.111,172.217.12.129,0,0,0,0,0, 192.168.1.111,172.217.12.142,0,0,0,0,0, 192.168.1.111,172.217.11.2,0,0,0,0,0, 192.168.1.111,172.217.12.134,0,0,0,0,0, 192.168.1.111,172.217.12.138,0,0,0,0,0, 192.168.1.111,172.217.12.206,0,0,0,0,0, 192.168.1.111,172.217.9.238,0,0,0,0,0, 192.168.1.111,172.217.10.150,0,0,0,0,0, 192.168.1.111,172.217.13.68,0,0,0,0,0, 192.168.1.111,23.66.1.128,0,0,0,0,0, 192.168.1.111,172.217.12.141,0,0,0,0,0, 192.168.1.111,172.217.11.3,0,0,0,0,0, 192.168.1.111,23.194.141.207,0,0,0,0,0, 192.168.1.111,23.194.142.246,0,0,0,0,0, 192.168.1.111,172.217.10.86,0,0,0,0,0, 192.168.1.111,172.217.12.147,0,0,0,0,0, 192.168.1.111,0,0,0,0,0,0, 192.168.1.111,0,0,0,0,0,0, 192.168.1.111,0,0,0,0,0,0, 192.168.1.111,0,0,0,0,0,0, 192.168.1.111,0,0,0,0,0,0, 192.168.1.111,0,0,0,0,0,0, 192.168.1.111,0.0.0.0,0,0,0,0,0,0,0,0,0,0,1526922711769,0.0,1479.681,0,0,0,0,0,0,0,0,0,0.0,0.0,-1
1.7000000000000004,9,8,3536,3539, 192.168.1.111,173.194.7.91,0,0,0,0,0, 192.168.1.111,172.217.12.131,0,0,0,0,0, 192.168.1.111,172.217.6.206,QUIC,1,1,239,72, 192.168.1.111,172.217.12.129,0,0,0,0,0, 192.168.1.111,172.217.12.142,0,0,0,0,0, 192.168.1.111,172.217.11.2,QUIC,3,2,2864,2784, 192.168.1.111,172.217.12.134,0,0,0,0,0, 192.168.1.111,172.217.12.138,0,0,0,0,0, 192.168.1.111,172.217.12.206,0,0,0,0,0, 192.168.1.111,172.217.9.238,0,0,0,0,0, 192.168.1.111,172.217.10.150,0,0,0,0,0, 192.168.1.111,172.217.13.68,0,0,0,0,0, 192.168.1.111,23.66.1.128,0,0,0,0,0, 192.168.1.111,172.217.12.141,0,0,0,0,0, 192.168.1.111,172.217.11.3,0,0,0,0,0, 192.168.1.111,23.194.141.207,0,0,0,0,0, 192.168.1.111,23.194.142.246,0,0,0,0,0, 192.168.1.111,172.217.10.86,0,0,0,0,0, 192.168.1.111,172.217.12.147,0,0,0,0,0, 192.168.1.111,0,0,0,0,0,0, 192.168.1.111,0,0,0,0,0,0, 192.168.1.111,0,0,0,0,0,0, 192.168.1.111,0,0,0,0,0,0, 192.168.1.111,0,0,0,0,0,0, 192.168.1.111,0,0,0,0,0,0, 192.168.1.111,0.0.0.0,0,5,5,433,683,0,0,0,0,0,1526922711769,0.0,1479.681,0,0,0,0,0,0,0,0,0,0.0,0.0,-1
1.8000000000000005,9,17,724,17796, 192.168.1.111,173.194.7.91,0,0,0,0,0, 192.168.1.111,172.217.12.131,0,0,0,0,0, 192.168.1.111,172.217.6.206,QUIC,7,14,563,16259, 192.168.1.111,172.217.12.129,0,0,0,0,0, 192.168.1.111,172.217.12.142,0,0,0,0,0, 192.168.1.111,172.217.11.2,QUIC,2,3,161,1537, 192.168.1.111,172.217.12.134,0,0,0,0,0, 192.168.1.111,172.217.12.138,0,0,0,0,0, 192.168.1.111,172.217.12.206,0,0,0,0,0, 192.168.1.111,172.217.9.238,0,0,0,0,0, 192.168.1.111,172.217.10.150,0,0,0,0,0, 192.168.1.111,172.217.13.68,0,0,0,0,0, 192.168.1.111,23.66.1.128,0,0,0,0,0, 192.168.1.111,172.217.12.141,0,0,0,0,0, 192.168.1.111,172.217.11.3,0,0,0,0,0, 192.168.1.111,23.194.141.207,0,0,0,0,0, 192.168.1.111,23.194.142.246,0,0,0,0,0, 192.168.1.111,172.217.10.86,0,0,0,0,0, 192.168.1.111,172.217.12.147,0,0,0,0,0, 192.168.1.111,0,0,0,0,0,0, 192.168.1.111,0,0,0,0,0,0, 192.168.1.111,0,0,0,0,0,0, 192.168.1.111,0,0,0,0,0,0, 192.168.1.111,0,0,0,0,0,0, 192.168.1.111,0,0,0,0,0,0, 192.168.1.111,0.0.0.0,0,0,0,0,0,0,0,0,0,0,1526922711769,0.0,1479.681,0,0,0,0,0,0,0,0,0,0.0,0.0,-1
1.9000000000000008,0,0,0,0, 192.168.1.111,173.194.7.91,0,0,0,0,0, 192.168.1.111,172.217.12.131,0,0,0,0,0, 192.168.1.111,172.217.6.206,0,0,0,0,0, 192.168.1.111,172.217.12.129,0,0,0,0,0, 192.168.1.111,172.217.12.142,0,0,0,0,0, 192.168.1.111,172.217.11.2,0,0,0,0,0, 192.168.1.111,172.217.12.134,0,0,0,0,0, 192.168.1.111,172.217.12.138,0,0,0,0,0, 192.168.1.111,172.217.12.206,0,0,0,0,0, 192.168.1.111,172.217.9.238,0,0,0,0,0, 192.168.1.111,172.217.10.150,0,0,0,0,0, 192.168.1.111,172.217.13.68,0,0,0,0,0, 192.168.1.111,23.66.1.128,0,0,0,0,0, 192.168.1.111,172.217.12.141,0,0,0,0,0, 192.168.1.111,172.217.11.3,0,0,0,0,0, 192.168.1.111,23.194.141.207,0,0,0,0,0, 192.168.1.111,23.194.142.246,0,0,0,0,0, 192.168.1.111,172.217.10.86,0,0,0,0,0, 192.168.1.111,172.217.12.147,0,0,0,0,0, 192.168.1.111,0,0,0,0,0,0, 192.168.1.111,0,0,0,0,0,0, 192.168.1.111,0,0,0,0,0,0, 192.168.1.111,0,0,0,0,0,0, 192.168.1.111,0,0,0,0,0,0, 192.168.1.111,0,0,0,0,0,0, 192.168.1.111,0.0.0.0,0,0,0,0,0,0,0,0,0,0,1526922711769,0.0,1479.681,0,0,0,0,0,0,0,0,0,0.0,0.0,-1
2.0000000000000004,4,2,801,164, 192.168.1.111,173.194.7.91,0,0,0,0,0, 192.168.1.111,172.217.12.131,0,0,0,0,0, 192.168.1.111,172.217.6.206,0,0,0,0,0, 192.168.1.111,172.217.12.129,0,0,0,0,0, 192.168.1.111,172.217.12.142,0,0,0,0,0, 192.168.1.111,172.217.11.2,0,0,0,0,0, 192.168.1.111,172.217.12.134,0,0,0,0,0, 192.168.1.111,172.217.12.138,0,0,0,0,0, 192.168.1.111,172.217.12.206,0,0,0,0,0, 192.168.1.111,172.217.9.238,0,0,0,0,0, 192.168.1.111,172.217.10.150,0,0,0,0,0, 192.168.1.111,172.217.13.68,TLSv1,3,1,727,74, 192.168.1.111,23.66.1.128,0,0,0,0,0, 192.168.1.111,172.217.12.141,0,0,0,0,0, 192.168.1.111,172.217.11.3,0,0,0,0,0, 192.168.1.111,23.194.141.207,0,0,0,0,0, 192.168.1.111,23.194.142.246,0,0,0,0,0, 192.168.1.111,172.217.10.86,0,0,0,0,0, 192.168.1.111,172.217.12.147,0,0,0,0,0, 192.168.1.111,0,0,0,0,0,0, 192.168.1.111,0,0,0,0,0,0, 192.168.1.111,0,0,0,0,0,0, 192.168.1.111,0,0,0,0,0,0, 192.168.1.111,0,0,0,0,0,0, 192.168.1.111,0,0,0,0,0,0, 192.168.1.111,0.0.0.0,0,1,1,74,90,0,0,0,0,0,1526922711769,0.0,1479.681,0,0,0,0,0,0,0,0,0,0.0,0.0,-1
2.1000000000000005,0,1,0,66, 192.168.1.111,173.194.7.91,0,0,0,0,0, 192.168.1.111,172.217.12.131,0,0,0,0,0, 192.168.1.111,172.217.6.206,0,0,0,0,0, 192.168.1.111,172.217.12.129,0,0,0,0,0, 192.168.1.111,172.217.12.142,0,0,0,0,0, 192.168.1.111,172.217.11.2,0,0,0,0,0, 192.168.1.111,172.217.12.134,0,0,0,0,0, 192.168.1.111,172.217.12.138,0,0,0,0,0, 192.168.1.111,172.217.12.206,0,0,0,0,0, 192.168.1.111,172.217.9.238,0,0,0,0,0, 192.168.1.111,172.217.10.150,0,0,0,0,0, 192.168.1.111,172.217.13.68,TCP,0,1,0,66, 192.168.1.111,23.66.1.128,0,0,0,0,0, 192.168.1.111,172.217.12.141,0,0,0,0,0, 192.168.1.111,172.217.11.3,0,0,0,0,0, 192.168.1.111,23.194.141.207,0,0,0,0,0, 192.168.1.111,23.194.142.246,0,0,0,0,0, 192.168.1.111,172.217.10.86,0,0,0,0,0, 192.168.1.111,172.217.12.147,0,0,0,0,0, 192.168.1.111,0,0,0,0,0,0, 192.168.1.111,0,0,0,0,0,0, 192.168.1.111,0,0,0,0,0,0, 192.168.1.111,0,0,0,0,0,0, 192.168.1.111,0,0,0,0,0,0, 192.168.1.111,0,0,0,0,0,0, 192.168.1.111,0.0.0.0,0,0,0,0,0,0,0,0,0,0,1526922711769,0.0,1479.681,0,0,0,0,0,0,0,0,0,0.0,0.0,-1
2.2000000000000006,1,1,78,98, 192.168.1.111,173.194.7.91,0,0,0,0,0, 192.168.1.111,172.217.12.131,0,0,0,0,0, 192.168.1.111,172.217.6.206,0,0,0,0,0, 192.168.1.111,172.217.12.129,0,0,0,0,0, 192.168.1.111,172.217.12.142,0,0,0,0,0, 192.168.1.111,172.217.11.2,0,0,0,0,0, 192.168.1.111,172.217.12.134,0,0,0,0,0, 192.168.1.111,172.217.12.138,0,0,0,0,0, 192.168.1.111,172.217.12.206,0,0,0,0,0, 192.168.1.111,172.217.9.238,0,0,0,0,0, 192.168.1.111,172.217.10.150,0,0,0,0,0, 192.168.1.111,172.217.13.68,0,0,0,0,0, 192.168.1.111,23.66.1.128,0,0,0,0,0, 192.168.1.111,172.217.12.141,0,0,0,0,0, 192.168.1.111,172.217.11.3,0,0,0,0,0, 192.168.1.111,23.194.141.207,0,0,0,0,0, 192.168.1.111,23.194.142.246,0,0,0,0,0, 192.168.1.111,172.217.10.86,0,0,0,0,0, 192.168.1.111,172.217.12.147,0,0,0,0,0, 192.168.1.111,0,0,0,0,0,0, 192.168.1.111,0,0,0,0,0,0, 192.168.1.111,0,0,0,0,0,0, 192.168.1.111,0,0,0,0,0,0, 192.168.1.111,0,0,0,0,0,0, 192.168.1.111,0,0,0,0,0,0, 192.168.1.111,0.0.0.0,0,1,0,78,0,0,0,0,0,0,1526922711769,0.0,1479.681,0,0,0,0,0,0,0,0,0,0.0,0.0,-1
2.3000000000000007,0,0,0,0, 192.168.1.111,173.194.7.91,0,0,0,0,0, 192.168.1.111,172.217.12.131,0,0,0,0,0, 192.168.1.111,172.217.6.206,0,0,0,0,0, 192.168.1.111,172.217.12.129,0,0,0,0,0, 192.168.1.111,172.217.12.142,0,0,0,0,0, 192.168.1.111,172.217.11.2,0,0,0,0,0, 192.168.1.111,172.217.12.134,0,0,0,0,0, 192.168.1.111,172.217.12.138,0,0,0,0,0, 192.168.1.111,172.217.12.206,0,0,0,0,0, 192.168.1.111,172.217.9.238,0,0,0,0,0, 192.168.1.111,172.217.10.150,0,0,0,0,0, 192.168.1.111,172.217.13.68,0,0,0,0,0, 192.168.1.111,23.66.1.128,0,0,0,0,0, 192.168.1.111,172.217.12.141,0,0,0,0,0, 192.168.1.111,172.217.11.3,0,0,0,0,0, 192.168.1.111,23.194.141.207,0,0,0,0,0, 192.168.1.111,23.194.142.246,0,0,0,0,0, 192.168.1.111,172.217.10.86,0,0,0,0,0, 192.168.1.111,172.217.12.147,0,0,0,0,0, 192.168.1.111,0,0,0,0,0,0, 192.168.1.111,0,0,0,0,0,0, 192.168.1.111,0,0,0,0,0,0, 192.168.1.111,0,0,0,0,0,0, 192.168.1.111,0,0,0,0,0,0, 192.168.1.111,0,0,0,0,0,0, 192.168.1.111,0.0.0.0,0,0,0,0,0,0,0,0,0,0,1526922711769,0.0,1479.681,0,0,0,0,0,0,0,0,0,0.0,0.0,-1
2.400000000000001,5,2,1314,2841, 192.168.1.111,173.194.7.91,0,0,0,0,0, 192.168.1.111,172.217.12.131,0,0,0,0,0, 192.168.1.111,172.217.6.206,0,0,0,0,0, 192.168.1.111,172.217.12.129,0,0,0,0,0, 192.168.1.111,172.217.12.142,0,0,0,0,0, 192.168.1.111,172.217.11.2,0,0,0,0,0, 192.168.1.111,172.217.12.134,0,0,0,0,0, 192.168.1.111,172.217.12.138,0,0,0,0,0, 192.168.1.111,172.217.12.206,0,0,0,0,0, 192.168.1.111,172.217.9.238,0,0,0,0,0, 192.168.1.111,172.217.10.150,0,0,0,0,0, 192.168.1.111,172.217.13.68,TLSv1.2,5,2,1314,2841, 192.168.1.111,23.66.1.128,0,0,0,0,0, 192.168.1.111,172.217.12.141,0,0,0,0,0, 192.168.1.111,172.217.11.3,0,0,0,0,0, 192.168.1.111,23.194.141.207,0,0,0,0,0, 192.168.1.111,23.194.142.246,0,0,0,0,0, 192.168.1.111,172.217.10.86,0,0,0,0,0, 192.168.1.111,172.217.12.147,0,0,0,0,0, 192.168.1.111,0,0,0,0,0,0, 192.168.1.111,0,0,0,0,0,0, 192.168.1.111,0,0,0,0,0,0, 192.168.1.111,0,0,0,0,0,0, 192.168.1.111,0,0,0,0,0,0, 192.168.1.111,0,0,0,0,0,0, 192.168.1.111,0.0.0.0,0,0,0,0,0,0,0,0,0,0,1526922711769,0.0,1479.681,0,0,0,0,0,0,0,0,0,0.0,0.0,-1
2.500000000000001,11,11,1768,1961, 192.168.1.111,173.194.7.91,0,0,0,0,0, 192.168.1.111,172.217.12.131,0,0,0,0,0, 192.168.1.111,172.217.6.206,0,0,0,0,0, 192.168.1.111,172.217.12.129,0,0,0,0,0, 192.168.1.111,172.217.12.142,0,0,0,0,0, 192.168.1.111,172.217.11.2,0,0,0,0,0, 192.168.1.111,172.217.12.134,0,0,0,0,0, 192.168.1.111,172.217.12.138,0,0,0,0,0, 192.168.1.111,172.217.12.206,0,0,0,0,0, 192.168.1.111,172.217.9.238,0,0,0,0,0, 192.168.1.111,172.217.10.150,0,0,0,0,0, 192.168.1.111,172.217.13.68,TLSv1.2,11,11,1768,1961, 192.168.1.111,23.66.1.128,0,0,0,0,0, 192.168.1.111,172.217.12.141,0,0,0,0,0, 192.168.1.111,172.217.11.3,0,0,0,0,0, 192.168.1.111,23.194.141.207,0,0,0,0,0, 192.168.1.111,23.194.142.246,0,0,0,0,0, 192.168.1.111,172.217.10.86,0,0,0,0,0, 192.168.1.111,172.217.12.147,0,0,0,0,0, 192.168.1.111,0,0,0,0,0,0, 192.168.1.111,0,0,0,0,0,0, 192.168.1.111,0,0,0,0,0,0, 192.168.1.111,0,0,0,0,0,0, 192.168.1.111,0,0,0,0,0,0, 192.168.1.111,0,0,0,0,0,0, 192.168.1.111,0.0.0.0,0,0,0,0,0,0,0,0,0,0,1526922711769,0.0,1479.681,0,0,0,0,0,0,0,0,0,0.0,0.0,-1
2.600000000000001,0,1,0,66, 192.168.1.111,173.194.7.91,0,0,0,0,0, 192.168.1.111,172.217.12.131,0,0,0,0,0, 192.168.1.111,172.217.6.206,0,0,0,0,0, 192.168.1.111,172.217.12.129,0,0,0,0,0, 192.168.1.111,172.217.12.142,0,0,0,0,0, 192.168.1.111,172.217.11.2,0,0,0,0,0, 192.168.1.111,172.217.12.134,0,0,0,0,0, 192.168.1.111,172.217.12.138,0,0,0,0,0, 192.168.1.111,172.217.12.206,0,0,0,0,0, 192.168.1.111,172.217.9.238,0,0,0,0,0, 192.168.1.111,172.217.10.150,0,0,0,0,0, 192.168.1.111,172.217.13.68,TCP,0,1,0,66, 192.168.1.111,23.66.1.128,0,0,0,0,0, 192.168.1.111,172.217.12.141,0,0,0,0,0, 192.168.1.111,172.217.11.3,0,0,0,0,0, 192.168.1.111,23.194.141.207,0,0,0,0,0, 192.168.1.111,23.194.142.246,0,0,0,0,0, 192.168.1.111,172.217.10.86,0,0,0,0,0, 192.168.1.111,172.217.12.147,0,0,0,0,0, 192.168.1.111,0,0,0,0,0,0, 192.168.1.111,0,0,0,0,0,0, 192.168.1.111,0,0,0,0,0,0, 192.168.1.111,0,0,0,0,0,0, 192.168.1.111,0,0,0,0,0,0, 192.168.1.111,0,0,0,0,0,0, 192.168.1.111,0.0.0.0,0,0,0,0,0,0,0,0,0,0,1526922711769,0.0,1479.681,0,0,0,0,0,0,0,0,0,0.0,0.0,-1
2.700000000000001,6,5,4061,3004, 192.168.1.111,173.194.7.91,0,0,0,0,0, 192.168.1.111,172.217.12.131,0,0,0,0,0, 192.168.1.111,172.217.6.206,0,0,0,0,0, 192.168.1.111,172.217.12.129,0,0,0,0,0, 192.168.1.111,172.217.12.142,0,0,0,0,0, 192.168.1.111,172.217.11.2,QUIC,1,0,550,0, 192.168.1.111,172.217.12.134,QUIC,5,5,3511,3004, 192.168.1.111,172.217.12.138,0,0,0,0,0, 192.168.1.111,172.217.12.206,0,0,0,0,0, 192.168.1.111,172.217.9.238,0,0,0,0,0, 192.168.1.111,172.217.10.150,0,0,0,0,0, 192.168.1.111,172.217.13.68,0,0,0,0,0, 192.168.1.111,23.66.1.128,0,0,0,0,0, 192.168.1.111,172.217.12.141,0,0,0,0,0, 192.168.1.111,172.217.11.3,0,0,0,0,0, 192.168.1.111,23.194.141.207,0,0,0,0,0, 192.168.1.111,23.194.142.246,0,0,0,0,0, 192.168.1.111,172.217.10.86,0,0,0,0,0, 192.168.1.111,172.217.12.147,0,0,0,0,0, 192.168.1.111,0,0,0,0,0,0, 192.168.1.111,0,0,0,0,0,0, 192.168.1.111,0,0,0,0,0,0, 192.168.1.111,0,0,0,0,0,0, 192.168.1.111,0,0,0,0,0,0, 192.168.1.111,0,0,0,0,0,0, 192.168.1.111,0.0.0.0,0,0,0,0,0,0,0,0,0,0,1526922711769,0.0,1479.681,0,0,0,0,0,0,0,0,0,0.0,0.0,-1
2.800000000000001,11,6,6808,4858, 192.168.1.111,173.194.7.91,0,0,0,0,0, 192.168.1.111,172.217.12.131,0,0,0,0,0, 192.168.1.111,172.217.6.206,0,0,0,0,0, 192.168.1.111,172.217.12.129,0,0,0,0,0, 192.168.1.111,172.217.12.142,0,0,0,0,0, 192.168.1.111,172.217.11.2,QUIC,1,2,83,1092, 192.168.1.111,172.217.12.134,QUIC,10,4,6725,3766, 192.168.1.111,172.217.12.138,0,0,0,0,0, 192.168.1.111,172.217.12.206,0,0,0,0,0, 192.168.1.111,172.217.9.238,0,0,0,0,0, 192.168.1.111,172.217.10.150,0,0,0,0,0, 192.168.1.111,172.217.13.68,0,0,0,0,0, 192.168.1.111,23.66.1.128,0,0,0,0,0, 192.168.1.111,172.217.12.141,0,0,0,0,0, 192.168.1.111,172.217.11.3,0,0,0,0,0, 192.168.1.111,23.194.141.207,0,0,0,0,0, 192.168.1.111,23.194.142.246,0,0,0,0,0, 192.168.1.111,172.217.10.86,0,0,0,0,0, 192.168.1.111,172.217.12.147,0,0,0,0,0, 192.168.1.111,0,0,0,0,0,0, 192.168.1.111,0,0,0,0,0,0, 192.168.1.111,0,0,0,0,0,0, 192.168.1.111,0,0,0,0,0,0, 192.168.1.111,0,0,0,0,0,0, 192.168.1.111,0,0,0,0,0,0, 192.168.1.111,0.0.0.0,0,0,0,0,0,0,0,0,0,0,1526922711769,0.0,1479.681,0,0,0,0,0,0,0,0,0,0.0,0.0,-1
2.900000000000001,7,11,2336,7643, 192.168.1.111,173.194.7.91,0,0,0,0,0, 192.168.1.111,172.217.12.131,0,0,0,0,0, 192.168.1.111,172.217.6.206,0,0,0,0,0, 192.168.1.111,172.217.12.129,0,0,0,0,0, 192.168.1.111,172.217.12.142,0,0,0,0,0, 192.168.1.111,172.217.11.2,0,0,0,0,0, 192.168.1.111,172.217.12.134,QUIC,7,11,2336,7643, 192.168.1.111,172.217.12.138,0,0,0,0,0, 192.168.1.111,172.217.12.206,0,0,0,0,0, 192.168.1.111,172.217.9.238,0,0,0,0,0, 192.168.1.111,172.217.10.150,0,0,0,0,0, 192.168.1.111,172.217.13.68,0,0,0,0,0, 192.168.1.111,23.66.1.128,0,0,0,0,0, 192.168.1.111,172.217.12.141,0,0,0,0,0, 192.168.1.111,172.217.11.3,0,0,0,0,0, 192.168.1.111,23.194.141.207,0,0,0,0,0, 192.168.1.111,23.194.142.246,0,0,0,0,0, 192.168.1.111,172.217.10.86,0,0,0,0,0, 192.168.1.111,172.217.12.147,0,0,0,0,0, 192.168.1.111,0,0,0,0,0,0, 192.168.1.111,0,0,0,0,0,0, 192.168.1.111,0,0,0,0,0,0, 192.168.1.111,0,0,0,0,0,0, 192.168.1.111,0,0,0,0,0,0, 192.168.1.111,0,0,0,0,0,0, 192.168.1.111,0.0.0.0,0,0,0,0,0,0,0,0,0,0,1526922711769,0.0,1479.681,0,0,0,0,0,0,0,0,0,0.0,0.0,-1
3.0000000000000013,3,0,974,0, 192.168.1.111,173.194.7.91,0,0,0,0,0, 192.168.1.111,172.217.12.131,0,0,0,0,0, 192.168.1.111,172.217.6.206,QUIC,2,0,891,0, 192.168.1.111,172.217.12.129,0,0,0,0,0, 192.168.1.111,172.217.12.142,0,0,0,0,0, 192.168.1.111,172.217.11.2,0,0,0,0,0, 192.168.1.111,172.217.12.134,QUIC,1,0,83,0, 192.168.1.111,172.217.12.138,0,0,0,0,0, 192.168.1.111,172.217.12.206,0,0,0,0,0, 192.168.1.111,172.217.9.238,0,0,0,0,0, 192.168.1.111,172.217.10.150,0,0,0,0,0, 192.168.1.111,172.217.13.68,0,0,0,0,0, 192.168.1.111,23.66.1.128,0,0,0,0,0, 192.168.1.111,172.217.12.141,0,0,0,0,0, 192.168.1.111,172.217.11.3,0,0,0,0,0, 192.168.1.111,23.194.141.207,0,0,0,0,0, 192.168.1.111,23.194.142.246,0,0,0,0,0, 192.168.1.111,172.217.10.86,0,0,0,0,0, 192.168.1.111,172.217.12.147,0,0,0,0,0, 192.168.1.111,0,0,0,0,0,0, 192.168.1.111,0,0,0,0,0,0, 192.168.1.111,0,0,0,0,0,0, 192.168.1.111,0,0,0,0,0,0, 192.168.1.111,0,0,0,0,0,0, 192.168.1.111,0,0,0,0,0,0, 192.168.1.111,0.0.0.0,0,0,0,0,0,0,0,0,0,0,1526922711769,0.0,1479.681,0,0,0,0,0,0,0,0,0,0.0,0.0,-1
3.1000000000000014,2,0,891,0, 192.168.1.111,173.194.7.91,0,0,0,0,0, 192.168.1.111,172.217.12.131,0,0,0,0,0, 192.168.1.111,172.217.6.206,QUIC,2,0,891,0, 192.168.1.111,172.217.12.129,0,0,0,0,0, 192.168.1.111,172.217.12.142,0,0,0,0,0, 192.168.1.111,172.217.11.2,0,0,0,0,0, 192.168.1.111,172.217.12.134,0,0,0,0,0, 192.168.1.111,172.217.12.138,0,0,0,0,0, 192.168.1.111,172.217.12.206,0,0,0,0,0, 192.168.1.111,172.217.9.238,0,0,0,0,0, 192.168.1.111,172.217.10.150,0,0,0,0,0, 192.168.1.111,172.217.13.68,0,0,0,0,0, 192.168.1.111,23.66.1.128,0,0,0,0,0, 192.168.1.111,172.217.12.141,0,0,0,0,0, 192.168.1.111,172.217.11.3,0,0,0,0,0, 192.168.1.111,23.194.141.207,0,0,0,0,0, 192.168.1.111,23.194.142.246,0,0,0,0,0, 192.168.1.111,172.217.10.86,0,0,0,0,0, 192.168.1.111,172.217.12.147,0,0,0,0,0, 192.168.1.111,0,0,0,0,0,0, 192.168.1.111,0,0,0,0,0,0, 192.168.1.111,0,0,0,0,0,0, 192.168.1.111,0,0,0,0,0,0, 192.168.1.111,0,0,0,0,0,0, 192.168.1.111,0,0,0,0,0,0, 192.168.1.111,0.0.0.0,0,0,0,0,0,0,0,0,0,0,1526922711769,0.0,1479.681,0,0,0,0,0,0,0,0,0,0.0,0.0,-1
3.200000000000001,1,4,78,609, 192.168.1.111,173.194.7.91,0,0,0,0,0, 192.168.1.111,172.217.12.131,0,0,0,0,0, 192.168.1.111,172.217.6.206,QUIC,0,2,0,269, 192.168.1.111,172.217.12.129,0,0,0,0,0, 192.168.1.111,172.217.12.142,0,0,0,0,0, 192.168.1.111,172.217.11.2,0,0,0,0,0, 192.168.1.111,172.217.12.134,QUIC,0,1,0,242, 192.168.1.111,172.217.12.138,0,0,0,0,0, 192.168.1.111,172.217.12.206,0,0,0,0,0, 192.168.1.111,172.217.9.238,0,0,0,0,0, 192.168.1.111,172.217.10.150,0,0,0,0,0, 192.168.1.111,172.217.13.68,0,0,0,0,0, 192.168.1.111,23.66.1.128,0,0,0,0,0, 192.168.1.111,172.217.12.141,0,0,0,0,0, 192.168.1.111,172.217.11.3,0,0,0,0,0, 192.168.1.111,23.194.141.207,0,0,0,0,0, 192.168.1.111,23.194.142.246,0,0,0,0,0, 192.168.1.111,172.217.10.86,0,0,0,0,0, 192.168.1.111,172.217.12.147,0,0,0,0,0, 192.168.1.111,0,0,0,0,0,0, 192.168.1.111,0,0,0,0,0,0, 192.168.1.111,0,0,0,0,0,0, 192.168.1.111,0,0,0,0,0,0, 192.168.1.111,0,0,0,0,0,0, 192.168.1.111,0,0,0,0,0,0, 192.168.1.111,0.0.0.0,0,1,0,78,0,0,0,0,0,0,1526922711769,0.0,1479.681,0,0,0,0,0,0,0,0,0,0.0,0.0,-1
3.3000000000000016,2,1,160,69, 192.168.1.111,173.194.7.91,0,0,0,0,0, 192.168.1.111,172.217.12.131,0,0,0,0,0, 192.168.1.111,172.217.6.206,QUIC,1,1,83,69, 192.168.1.111,172.217.12.129,0,0,0,0,0, 192.168.1.111,172.217.12.142,0,0,0,0,0, 192.168.1.111,172.217.11.2,0,0,0,0,0, 192.168.1.111,172.217.12.134,QUIC,1,0,77,0, 192.168.1.111,172.217.12.138,0,0,0,0,0, 192.168.1.111,172.217.12.206,0,0,0,0,0, 192.168.1.111,172.217.9.238,0,0,0,0,0, 192.168.1.111,172.217.10.150,0,0,0,0,0, 192.168.1.111,172.217.13.68,0,0,0,0,0, 192.168.1.111,23.66.1.128,0,0,0,0,0, 192.168.1.111,172.217.12.141,0,0,0,0,0, 192.168.1.111,172.217.11.3,0,0,0,0,0, 192.168.1.111,23.194.141.207,0,0,0,0,0, 192.168.1.111,23.194.142.246,0,0,0,0,0, 192.168.1.111,172.217.10.86,0,0,0,0,0, 192.168.1.111,172.217.12.147,0,0,0,0,0, 192.168.1.111,0,0,0,0,0,0, 192.168.1.111,0,0,0,0,0,0, 192.168.1.111,0,0,0,0,0,0, 192.168.1.111,0,0,0,0,0,0, 192.168.1.111,0,0,0,0,0,0, 192.168.1.111,0,0,0,0,0,0, 192.168.1.111,0.0.0.0,0,0,0,0,0,0,0,0,0,0,1526922711769,0.0,1479.681,0,0,0,0,0,0,0,0,0,0.0,0.0,-1
3.4000000000000017,0,0,0,0, 192.168.1.111,173.194.7.91,0,0,0,0,0, 192.168.1.111,172.217.12.131,0,0,0,0,0, 192.168.1.111,172.217.6.206,0,0,0,0,0, 192.168.1.111,172.217.12.129,0,0,0,0,0, 192.168.1.111,172.217.12.142,0,0,0,0,0, 192.168.1.111,172.217.11.2,0,0,0,0,0, 192.168.1.111,172.217.12.134,0,0,0,0,0, 192.168.1.111,172.217.12.138,0,0,0,0,0, 192.168.1.111,172.217.12.206,0,0,0,0,0, 192.168.1.111,172.217.9.238,0,0,0,0,0, 192.168.1.111,172.217.10.150,0,0,0,0,0, 192.168.1.111,172.217.13.68,0,0,0,0,0, 192.168.1.111,23.66.1.128,0,0,0,0,0, 192.168.1.111,172.217.12.141,0,0,0,0,0, 192.168.1.111,172.217.11.3,0,0,0,0,0, 192.168.1.111,23.194.141.207,0,0,0,0,0, 192.168.1.111,23.194.142.246,0,0,0,0,0, 192.168.1.111,172.217.10.86,0,0,0,0,0, 192.168.1.111,172.217.12.147,0,0,0,0,0, 192.168.1.111,0,0,0,0,0,0, 192.168.1.111,0,0,0,0,0,0, 192.168.1.111,0,0,0,0,0,0, 192.168.1.111,0,0,0,0,0,0, 192.168.1.111,0,0,0,0,0,0, 192.168.1.111,0,0,0,0,0,0, 192.168.1.111,0.0.0.0,0,0,0,0,0,0,0,0,0,0,1526922711769,0.0,1479.681,0,0,0,0,0,0,0,0,0,0.0,0.0,-1
3.5000000000000018,1,0,424,0, 192.168.1.111,173.194.7.91,0,0,0,0,0, 192.168.1.111,172.217.12.131,0,0,0,0,0, 192.168.1.111,172.217.6.206,QUIC,1,0,424,0, 192.168.1.111,172.217.12.129,0,0,0,0,0, 192.168.1.111,172.217.12.142,0,0,0,0,0, 192.168.1.111,172.217.11.2,0,0,0,0,0, 192.168.1.111,172.217.12.134,0,0,0,0,0, 192.168.1.111,172.217.12.138,0,0,0,0,0, 192.168.1.111,172.217.12.206,0,0,0,0,0, 192.168.1.111,172.217.9.238,0,0,0,0,0, 192.168.1.111,172.217.10.150,0,0,0,0,0, 192.168.1.111,172.217.13.68,0,0,0,0,0, 192.168.1.111,23.66.1.128,0,0,0,0,0, 192.168.1.111,172.217.12.141,0,0,0,0,0, 192.168.1.111,172.217.11.3,0,0,0,0,0, 192.168.1.111,23.194.141.207,0,0,0,0,0, 192.168.1.111,23.194.142.246,0,0,0,0,0, 192.168.1.111,172.217.10.86,0,0,0,0,0, 192.168.1.111,172.217.12.147,0,0,0,0,0, 192.168.1.111,0,0,0,0,0,0, 192.168.1.111,0,0,0,0,0,0, 192.168.1.111,0,0,0,0,0,0, 192.168.1.111,0,0,0,0,0,0, 192.168.1.111,0,0,0,0,0,0, 192.168.1.111,0,0,0,0,0,0, 192.168.1.111,0.0.0.0,0,0,0,0,0,0,0,0,0,0,1526922711769,0.0,1479.681,0,0,0,0,0,0,0,0,0,0.0,0.0,-1
6.299999999999994,5,5,1680,418, 192.168.1.111,173.194.7.91,0,0,0,0,0, 192.168.1.111,172.217.12.131,0,0,0,0,0, 192.168.1.111,172.217.6.206,QUIC,4,4,1335,337, 192.168.1.111,172.217.12.129,0,0,0,0,0, 192.168.1.111,172.217.12.142,0,0,0,0,0, 192.168.1.111,172.217.11.2,QUIC,1,1,345,81, 192.168.1.111,172.217.12.134,0,0,0,0,0, 192.168.1.111,172.217.12.138,0,0,0,0,0, 192.168.1.111,172.217.12.206,0,0,0,0,0, 192.168.1.111,172.217.9.238,0,0,0,0,0, 192.168.1.111,172.217.10.150,0,0,0,0,0, 192.168.1.111,172.217.13.68,0,0,0,0,0, 192.168.1.111,23.66.1.128,0,0,0,0,0, 192.168.1.111,172.217.12.141,0,0,0,0,0, 192.168.1.111,172.217.11.3,0,0,0,0,0, 192.168.1.111,23.194.141.207,0,0,0,0,0, 192.168.1.111,23.194.142.246,0,0,0,0,0, 192.168.1.111,172.217.10.86,0,0,0,0,0, 192.168.1.111,172.217.12.147,0,0,0,0,0, 192.168.1.111,0,0,0,0,0,0, 192.168.1.111,0,0,0,0,0,0, 192.168.1.111,0,0,0,0,0,0, 192.168.1.111,0,0,0,0,0,0, 192.168.1.111,0,0,0,0,0,0, 192.168.1.111,0,0,0,0,0,0, 192.168.1.111,0.0.0.0,0,0,0,0,0,0,0,1,0,1526922716426,1526922711769,0.0246291564025878,1479.681,0,1,0,0,0,0,0,0,0,16.91637084359741,0.0114490893645319,true
1800.0999999994583,0,0,0,0, 192.168.1.111,173.194.7.91,0,0,0,0,0, 192.168.1.111,172.217.12.131,0,0,0,0,0, 192.168.1.111,172.217.6.206,0,0,0,0,0, 192.168.1.111,172.217.12.129,0,0,0,0,0, 192.168.1.111,172.217.12.142,0,0,0,0,0, 192.168.1.111,172.217.11.2,0,0,0,0,0, 192.168.1.111,172.217.12.134,0,0,0,0,0, 192.168.1.111,172.217.12.138,0,0,0,0,0, 192.168.1.111,172.217.12.206,0,0,0,0,0, 192.168.1.111,172.217.9.238,0,0,0,0,0, 192.168.1.111,172.217.10.150,0,0,0,0,0, 192.168.1.111,172.217.13.68,0,0,0,0,0, 192.168.1.111,23.66.1.128,0,0,0,0,0, 192.168.1.111,172.217.12.141,0,0,0,0,0, 192.168.1.111,172.217.11.3,0,0,0,0,0, 192.168.1.111,23.194.141.207,0,0,0,0,0, 192.168.1.111,23.194.142.246,0,0,0,0,0, 192.168.1.111,172.217.10.86,0,0,0,0,0, 192.168.1.111,172.217.12.147,0,0,0,0,0, 192.168.1.111,0,0,0,0,0,0, 192.168.1.111,0,0,0,0,0,0, 192.168.1.111,0,0,0,0,0,0, 192.168.1.111,0,0,0,0,0,0, 192.168.1.111,0,0,0,0,0,0, 192.168.1.111,0,0,0,0,0,0, 192.168.1.111,0.0.0.0,0,0,0,0,0,0,0,0,0,0,1526922711769,0.0,1479.681,0,0,0,0,0,0,0,0,0,0.0,0.0,-1
1800.1999999994582,0,0,0,0, 192.168.1.111,173.194.7.91,0,0,0,0,0, 192.168.1.111,172.217.12.131,0,0,0,0,0, 192.168.1.111,172.217.6.206,0,0,0,0,0, 192.168.1.111,172.217.12.129,0,0,0,0,0, 192.168.1.111,172.217.12.142,0,0,0,0,0, 192.168.1.111,172.217.11.2,0,0,0,0,0, 192.168.1.111,172.217.12.134,0,0,0,0,0, 192.168.1.111,172.217.12.138,0,0,0,0,0, 192.168.1.111,172.217.12.206,0,0,0,0,0, 192.168.1.111,172.217.9.238,0,0,0,0,0, 192.168.1.111,172.217.10.150,0,0,0,0,0, 192.168.1.111,172.217.13.68,0,0,0,0,0, 192.168.1.111,23.66.1.128,0,0,0,0,0, 192.168.1.111,172.217.12.141,0,0,0,0,0, 192.168.1.111,172.217.11.3,0,0,0,0,0, 192.168.1.111,23.194.141.207,0,0,0,0,0, 192.168.1.111,23.194.142.246,0,0,0,0,0, 192.168.1.111,172.217.10.86,0,0,0,0,0, 192.168.1.111,172.217.12.147,0,0,0,0,0, 192.168.1.111,0,0,0,0,0,0, 192.168.1.111,0,0,0,0,0,0, 192.168.1.111,0,0,0,0,0,0, 192.168.1.111,0,0,0,0,0,0, 192.168.1.111,0,0,0,0,0,0, 192.168.1.111,0,0,0,0,0,0, 192.168.1.111,0.0.0.0,0,0,0,0,0,0,0,0,0,0,1526922711769,0.0,1479.681,0,0,0,0,0,0,0,0,0,0.0,0.0,-1
1800.299999999458,0,0,0,0, 192.168.1.111,173.194.7.91,0,0,0,0,0, 192.168.1.111,172.217.12.131,0,0,0,0,0, 192.168.1.111,172.217.6.206,0,0,0,0,0, 192.168.1.111,172.217.12.129,0,0,0,0,0, 192.168.1.111,172.217.12.142,0,0,0,0,0, 192.168.1.111,172.217.11.2,0,0,0,0,0, 192.168.1.111,172.217.12.134,0,0,0,0,0, 192.168.1.111,172.217.12.138,0,0,0,0,0, 192.168.1.111,172.217.12.206,0,0,0,0,0, 192.168.1.111,172.217.9.238,0,0,0,0,0, 192.168.1.111,172.217.10.150,0,0,0,0,0, 192.168.1.111,172.217.13.68,0,0,0,0,0, 192.168.1.111,23.66.1.128,0,0,0,0,0, 192.168.1.111,172.217.12.141,0,0,0,0,0, 192.168.1.111,172.217.11.3,0,0,0,0,0, 192.168.1.111,23.194.141.207,0,0,0,0,0, 192.168.1.111,23.194.142.246,0,0,0,0,0, 192.168.1.111,172.217.10.86,0,0,0,0,0, 192.168.1.111,172.217.12.147,0,0,0,0,0, 192.168.1.111,0,0,0,0,0,0, 192.168.1.111,0,0,0,0,0,0, 192.168.1.111,0,0,0,0,0,0, 192.168.1.111,0,0,0,0,0,0, 192.168.1.111,0,0,0,0,0,0, 192.168.1.111,0,0,0,0,0,0, 192.168.1.111,0.0.0.0,0,0,0,0,0,0,0,0,0,0,1526922711769,0.0,1479.681,0,0,0,0,0,0,0,0,0,0.0,0.0,-1
1800.399999999458,0,0,0,0, 192.168.1.111,173.194.7.91,0,0,0,0,0, 192.168.1.111,172.217.12.131,0,0,0,0,0, 192.168.1.111,172.217.6.206,0,0,0,0,0, 192.168.1.111,172.217.12.129,0,0,0,0,0, 192.168.1.111,172.217.12.142,0,0,0,0,0, 192.168.1.111,172.217.11.2,0,0,0,0,0, 192.168.1.111,172.217.12.134,0,0,0,0,0, 192.168.1.111,172.217.12.138,0,0,0,0,0, 192.168.1.111,172.217.12.206,0,0,0,0,0, 192.168.1.111,172.217.9.238,0,0,0,0,0, 192.168.1.111,172.217.10.150,0,0,0,0,0, 192.168.1.111,172.217.13.68,0,0,0,0,0, 192.168.1.111,23.66.1.128,0,0,0,0,0, 192.168.1.111,172.217.12.141,0,0,0,0,0, 192.168.1.111,172.217.11.3,0,0,0,0,0, 192.168.1.111,23.194.141.207,0,0,0,0,0, 192.168.1.111,23.194.142.246,0,0,0,0,0, 192.168.1.111,172.217.10.86,0,0,0,0,0, 192.168.1.111,172.217.12.147,0,0,0,0,0, 192.168.1.111,0,0,0,0,0,0, 192.168.1.111,0,0,0,0,0,0, 192.168.1.111,0,0,0,0,0,0, 192.168.1.111,0,0,0,0,0,0, 192.168.1.111,0,0,0,0,0,0, 192.168.1.111,0,0,0,0,0,0, 192.168.1.111,0.0.0.0,0,0,0,0,0,0,0,0,0,0,1526922711769,0.0,1479.681,0,0,0,0,0,0,0,0,0,0.0,0.0,-1
1800.499999999458,0,0,0,0, 192.168.1.111,173.194.7.91,0,0,0,0,0, 192.168.1.111,172.217.12.131,0,0,0,0,0, 192.168.1.111,172.217.6.206,0,0,0,0,0, 192.168.1.111,172.217.12.129,0,0,0,0,0, 192.168.1.111,172.217.12.142,0,0,0,0,0, 192.168.1.111,172.217.11.2,0,0,0,0,0, 192.168.1.111,172.217.12.134,0,0,0,0,0, 192.168.1.111,172.217.12.138,0,0,0,0,0, 192.168.1.111,172.217.12.206,0,0,0,0,0, 192.168.1.111,172.217.9.238,0,0,0,0,0, 192.168.1.111,172.217.10.150,0,0,0,0,0, 192.168.1.111,172.217.13.68,0,0,0,0,0, 192.168.1.111,23.66.1.128,0,0,0,0,0, 192.168.1.111,172.217.12.141,0,0,0,0,0, 192.168.1.111,172.217.11.3,0,0,0,0,0, 192.168.1.111,23.194.141.207,0,0,0,0,0, 192.168.1.111,23.194.142.246,0,0,0,0,0, 192.168.1.111,172.217.10.86,0,0,0,0,0, 192.168.1.111,172.217.12.147,0,0,0,0,0, 192.168.1.111,0,0,0,0,0,0, 192.168.1.111,0,0,0,0,0,0, 192.168.1.111,0,0,0,0,0,0, 192.168.1.111,0,0,0,0,0,0, 192.168.1.111,0,0,0,0,0,0, 192.168.1.111,0,0,0,0,0,0, 192.168.1.111,0.0.0.0,0,0,0,0,0,0,0,0,0,0,1526922711769,0.0,1479.681,0,0,0,0,0,0,0,0,0,0.0,0.0,-1
1800.599999999458,0,0,0,0, 192.168.1.111,173.194.7.91,0,0,0,0,0, 192.168.1.111,172.217.12.131,0,0,0,0,0, 192.168.1.111,172.217.6.206,0,0,0,0,0, 192.168.1.111,172.217.12.129,0,0,0,0,0, 192.168.1.111,172.217.12.142,0,0,0,0,0, 192.168.1.111,172.217.11.2,0,0,0,0,0, 192.168.1.111,172.217.12.134,0,0,0,0,0, 192.168.1.111,172.217.12.138,0,0,0,0,0, 192.168.1.111,172.217.12.206,0,0,0,0,0, 192.168.1.111,172.217.9.238,0,0,0,0,0, 192.168.1.111,172.217.10.150,0,0,0,0,0, 192.168.1.111,172.217.13.68,0,0,0,0,0, 192.168.1.111,23.66.1.128,0,0,0,0,0, 192.168.1.111,172.217.12.141,0,0,0,0,0, 192.168.1.111,172.217.11.3,0,0,0,0,0, 192.168.1.111,23.194.141.207,0,0,0,0,0, 192.168.1.111,23.194.142.246,0,0,0,0,0, 192.168.1.111,172.217.10.86,0,0,0,0,0, 192.168.1.111,172.217.12.147,0,0,0,0,0, 192.168.1.111,0,0,0,0,0,0, 192.168.1.111,0,0,0,0,0,0, 192.168.1.111,0,0,0,0,0,0, 192.168.1.111,0,0,0,0,0,0, 192.168.1.111,0,0,0,0,0,0, 192.168.1.111,0,0,0,0,0,0, 192.168.1.111,0.0.0.0,0,0,0,0,0,0,0,0,0,0,1526922711769,0.0,1479.681,0,0,0,0,0,0,0,0,0,0.0,0.0,-1
1800.6999999994578,0,0,0,0, 192.168.1.111,173.194.7.91,0,0,0,0,0, 192.168.1.111,172.217.12.131,0,0,0,0,0, 192.168.1.111,172.217.6.206,0,0,0,0,0, 192.168.1.111,172.217.12.129,0,0,0,0,0, 192.168.1.111,172.217.12.142,0,0,0,0,0, 192.168.1.111,172.217.11.2,0,0,0,0,0, 192.168.1.111,172.217.12.134,0,0,0,0,0, 192.168.1.111,172.217.12.138,0,0,0,0,0, 192.168.1.111,172.217.12.206,0,0,0,0,0, 192.168.1.111,172.217.9.238,0,0,0,0,0, 192.168.1.111,172.217.10.150,0,0,0,0,0, 192.168.1.111,172.217.13.68,0,0,0,0,0, 192.168.1.111,23.66.1.128,0,0,0,0,0, 192.168.1.111,172.217.12.141,0,0,0,0,0, 192.168.1.111,172.217.11.3,0,0,0,0,0, 192.168.1.111,23.194.141.207,0,0,0,0,0, 192.168.1.111,23.194.142.246,0,0,0,0,0, 192.168.1.111,172.217.10.86,0,0,0,0,0, 192.168.1.111,172.217.12.147,0,0,0,0,0, 192.168.1.111,0,0,0,0,0,0, 192.168.1.111,0,0,0,0,0,0, 192.168.1.111,0,0,0,0,0,0, 192.168.1.111,0,0,0,0,0,0, 192.168.1.111,0,0,0,0,0,0, 192.168.1.111,0,0,0,0,0,0, 192.168.1.111,0.0.0.0,0,0,0,0,0,0,0,0,0,0,1526922711769,0.0,1479.681,0,0,0,0,0,0,0,0,0,0.0,0.0,-1
1800.7999999994577,0,0,0,0, 192.168.1.111,173.194.7.91,0,0,0,0,0, 192.168.1.111,172.217.12.131,0,0,0,0,0, 192.168.1.111,172.217.6.206,0,0,0,0,0, 192.168.1.111,172.217.12.129,0,0,0,0,0, 192.168.1.111,172.217.12.142,0,0,0,0,0, 192.168.1.111,172.217.11.2,0,0,0,0,0, 192.168.1.111,172.217.12.134,0,0,0,0,0, 192.168.1.111,172.217.12.138,0,0,0,0,0, 192.168.1.111,172.217.12.206,0,0,0,0,0, 192.168.1.111,172.217.9.238,0,0,0,0,0, 192.168.1.111,172.217.10.150,0,0,0,0,0, 192.168.1.111,172.217.13.68,0,0,0,0,0, 192.168.1.111,23.66.1.128,0,0,0,0,0, 192.168.1.111,172.217.12.141,0,0,0,0,0, 192.168.1.111,172.217.11.3,0,0,0,0,0, 192.168.1.111,23.194.141.207,0,0,0,0,0, 192.168.1.111,23.194.142.246,0,0,0,0,0, 192.168.1.111,172.217.10.86,0,0,0,0,0, 192.168.1.111,172.217.12.147,0,0,0,0,0, 192.168.1.111,0,0,0,0,0,0, 192.168.1.111,0,0,0,0,0,0, 192.168.1.111,0,0,0,0,0,0, 192.168.1.111,0,0,0,0,0,0, 192.168.1.111,0,0,0,0,0,0, 192.168.1.111,0,0,0,0,0,0, 192.168.1.111,0.0.0.0,0,0,0,0,0,0,0,0,0,0,1526922711769,0.0,1479.681,0,0,0,0,0,0,0,0,0,0.0,0.0,-1
1800.8999999994576,0,0,0,0, 192.168.1.111,173.194.7.91,0,0,0,0,0, 192.168.1.111,172.217.12.131,0,0,0,0,0, 192.168.1.111,172.217.6.206,0,0,0,0,0, 192.168.1.111,172.217.12.129,0,0,0,0,0, 192.168.1.111,172.217.12.142,0,0,0,0,0, 192.168.1.111,172.217.11.2,0,0,0,0,0, 192.168.1.111,172.217.12.134,0,0,0,0,0, 192.168.1.111,172.217.12.138,0,0,0,0,0, 192.168.1.111,172.217.12.206,0,0,0,0,0, 192.168.1.111,172.217.9.238,0,0,0,0,0, 192.168.1.111,172.217.10.150,0,0,0,0,0, 192.168.1.111,172.217.13.68,0,0,0,0,0, 192.168.1.111,23.66.1.128,0,0,0,0,0, 192.168.1.111,172.217.12.141,0,0,0,0,0, 192.168.1.111,172.217.11.3,0,0,0,0,0, 192.168.1.111,23.194.141.207,0,0,0,0,0, 192.168.1.111,23.194.142.246,0,0,0,0,0, 192.168.1.111,172.217.10.86,0,0,0,0,0, 192.168.1.111,172.217.12.147,0,0,0,0,0, 192.168.1.111,0,0,0,0,0,0, 192.168.1.111,0,0,0,0,0,0, 192.168.1.111,0,0,0,0,0,0, 192.168.1.111,0,0,0,0,0,0, 192.168.1.111,0,0,0,0,0,0, 192.168.1.111,0,0,0,0,0,0, 192.168.1.111,0.0.0.0,0,0,0,0,0,0,0,0,0,0,1526922711769,0.0,1479.681,0,0,0,0,0,0,0,0,0,0.0,0.0,-1
0.0,1,0,79,0, 192.168.1.111,173.194.184.230,0,0,0,0,0, 192.168.1.111,173.194.191.8,0,0,0,0,0, 192.168.1.111,172.217.11.3,0,0,0,0,0, 192.168.1.111,172.217.10.118,0,0,0,0,0, 192.168.1.111,172.217.3.110,0,0,0,0,0, 192.168.1.111,172.217.6.238,0,0,0,0,0, 192.168.1.111,172.217.12.142,0,0,0,0,0, 192.168.1.111,23.208.103.148,0,0,0,0,0, 192.168.1.111,172.217.9.226,0,0,0,0,0, 192.168.1.111,172.217.6.206,0,0,0,0,0, 192.168.1.111,216.58.211.131,0,0,0,0,0, 192.168.1.111,173.194.191.6,0,0,0,0,0, 192.168.1.111,173.194.166.39,0,0,0,0,0, 192.168.1.111,172.217.135.39,0,0,0,0,0, 192.168.1.111,172.217.11.14,0,0,0,0,0, 192.168.1.111,172.217.11.1,0,0,0,0,0, 192.168.1.111,74.125.155.233,0,0,0,0,0, 192.168.1.111,173.194.7.55,0,0,0,0,0, 192.168.1.111,172.217.11.6,0,0,0,0,0, 192.168.1.111,172.217.11.2,0,0,0,0,0, 192.168.1.111,172.217.11.13,0,0,0,0,0, 192.168.1.111,216.58.212.131,0,0,0,0,0, 192.168.1.111,172.217.11.42,0,0,0,0,0, 192.168.1.111,172.217.10.22,0,0,0,0,0, 192.168.1.111,104.237.191.1,0,0,0,0,0, 192.168.1.111,0.0.0.0,0,1,0,79,0,0,0,0,0,0,1526576845903,0.0,1639.261,0,0,0,0,0,0,0,0,0,0.0,0.0,-1
0.1,7,7,4238,5814, 192.168.1.111,173.194.184.230,0,0,0,0,0, 192.168.1.111,173.194.191.8,0,0,0,0,0, 192.168.1.111,172.217.11.3,0,0,0,0,0, 192.168.1.111,172.217.10.118,0,0,0,0,0, 192.168.1.111,172.217.3.110,0,0,0,0,0, 192.168.1.111,172.217.6.238,0,0,0,0,0, 192.168.1.111,172.217.12.142,0,0,0,0,0, 192.168.1.111,23.208.103.148,0,0,0,0,0, 192.168.1.111,172.217.9.226,0,0,0,0,0, 192.168.1.111,172.217.6.206,0,0,0,0,0, 192.168.1.111,216.58.211.131,0,0,0,0,0, 192.168.1.111,173.194.191.6,0,0,0,0,0, 192.168.1.111,173.194.166.39,0,0,0,0,0, 192.168.1.111,172.217.135.39,0,0,0,0,0, 192.168.1.111,172.217.11.14,0,0,0,0,0, 192.168.1.111,172.217.11.1,0,0,0,0,0, 192.168.1.111,74.125.155.233,0,0,0,0,0, 192.168.1.111,173.194.7.55,0,0,0,0,0, 192.168.1.111,172.217.11.6,0,0,0,0,0, 192.168.1.111,172.217.11.2,0,0,0,0,0, 192.168.1.111,172.217.11.13,QUIC,7,6,4238,5719, 192.168.1.111,216.58.212.131,0,0,0,0,0, 192.168.1.111,172.217.11.42,0,0,0,0,0, 192.168.1.111,172.217.10.22,0,0,0,0,0, 192.168.1.111,104.237.191.1,0,0,0,0,0, 192.168.1.111,0.0.0.0,0,0,1,0,95,0,0,0,0,0,1526576845903,0.0,1639.261,0,0,0,0,0,0,0,0,0,0.0,0.0,-1
0.2,2,3,163,1317, 192.168.1.111,173.194.184.230,0,0,0,0,0, 192.168.1.111,173.194.191.8,0,0,0,0,0, 192.168.1.111,172.217.11.3,0,0,0,0,0, 192.168.1.111,172.217.10.118,0,0,0,0,0, 192.168.1.111,172.217.3.110,0,0,0,0,0, 192.168.1.111,172.217.6.238,0,0,0,0,0, 192.168.1.111,172.217.12.142,0,0,0,0,0, 192.168.1.111,23.208.103.148,0,0,0,0,0, 192.168.1.111,172.217.9.226,0,0,0,0,0, 192.168.1.111,172.217.6.206,0,0,0,0,0, 192.168.1.111,216.58.211.131,0,0,0,0,0, 192.168.1.111,173.194.191.6,0,0,0,0,0, 192.168.1.111,173.194.166.39,0,0,0,0,0, 192.168.1.111,172.217.135.39,0,0,0,0,0, 192.168.1.111,172.217.11.14,0,0,0,0,0, 192.168.1.111,172.217.11.1,0,0,0,0,0, 192.168.1.111,74.125.155.233,0,0,0,0,0, 192.168.1.111,173.194.7.55,0,0,0,0,0, 192.168.1.111,172.217.11.6,0,0,0,0,0, 192.168.1.111,172.217.11.2,0,0,0,0,0, 192.168.1.111,172.217.11.13,QUIC,2,3,163,1317, 192.168.1.111,216.58.212.131,0,0,0,0,0, 192.168.1.111,172.217.11.42,0,0,0,0,0, 192.168.1.111,172.217.10.22,0,0,0,0,0, 192.168.1.111,104.237.191.1,0,0,0,0,0, 192.168.1.111,0.0.0.0,0,0,0,0,0,0,0,0,0,0,1526576845903,0.0,1639.261,0,0,0,0,0,0,0,0,0,0.0,0.0,-1
0.3,1,1,845,69, 192.168.1.111,173.194.184.230,0,0,0,0,0, 192.168.1.111,173.194.191.8,0,0,0,0,0, 192.168.1.111,172.217.11.3,0,0,0,0,0, 192.168.1.111,172.217.10.118,0,0,0,0,0, 192.168.1.111,172.217.3.110,QUIC,1,1,845,69, 192.168.1.111,172.217.6.238,0,0,0,0,0, 192.168.1.111,172.217.12.142,0,0,0,0,0, 192.168.1.111,23.208.103.148,0,0,0,0,0, 192.168.1.111,172.217.9.226,0,0,0,0,0, 192.168.1.111,172.217.6.206,0,0,0,0,0, 192.168.1.111,216.58.211.131,0,0,0,0,0, 192.168.1.111,173.194.191.6,0,0,0,0,0, 192.168.1.111,173.194.166.39,0,0,0,0,0, 192.168.1.111,172.217.135.39,0,0,0,0,0, 192.168.1.111,172.217.11.14,0,0,0,0,0, 192.168.1.111,172.217.11.1,0,0,0,0,0, 192.168.1.111,74.125.155.233,0,0,0,0,0, 192.168.1.111,173.194.7.55,0,0,0,0,0, 192.168.1.111,172.217.11.6,0,0,0,0,0, 192.168.1.111,172.217.11.2,0,0,0,0,0, 192.168.1.111,172.217.11.13,0,0,0,0,0, 192.168.1.111,216.58.212.131,0,0,0,0,0, 192.168.1.111,172.217.11.42,0,0,0,0,0, 192.168.1.111,172.217.10.22,0,0,0,0,0, 192.168.1.111,104.237.191.1,0,0,0,0,0, 192.168.1.111,0.0.0.0,0,0,0,0,0,0,0,0,0,0,1526576845903,0.0,1639.261,0,0,0,0,0,0,0,0,0,0.0,0.0,-1
0.4,2,3,1475,4033, 192.168.1.111,173.194.184.230,0,0,0,0,0, 192.168.1.111,173.194.191.8,0,0,0,0,0, 192.168.1.111,172.217.11.3,QUIC,1,2,1392,2784, 192.168.1.111,172.217.10.118,0,0,0,0,0, 192.168.1.111,172.217.3.110,QUIC,1,1,83,1249, 192.168.1.111,172.217.6.238,0,0,0,0,0, 192.168.1.111,172.217.12.142,0,0,0,0,0, 192.168.1.111,23.208.103.148,0,0,0,0,0, 192.168.1.111,172.217.9.226,0,0,0,0,0, 192.168.1.111,172.217.6.206,0,0,0,0,0, 192.168.1.111,216.58.211.131,0,0,0,0,0, 192.168.1.111,173.194.191.6,0,0,0,0,0, 192.168.1.111,173.194.166.39,0,0,0,0,0, 192.168.1.111,172.217.135.39,0,0,0,0,0, 192.168.1.111,172.217.11.14,0,0,0,0,0, 192.168.1.111,172.217.11.1,0,0,0,0,0, 192.168.1.111,74.125.155.233,0,0,0,0,0, 192.168.1.111,173.194.7.55,0,0,0,0,0, 192.168.1.111,172.217.11.6,0,0,0,0,0, 192.168.1.111,172.217.11.2,0,0,0,0,0, 192.168.1.111,172.217.11.13,0,0,0,0,0, 192.168.1.111,216.58.212.131,0,0,0,0,0, 192.168.1.111,172.217.11.42,0,0,0,0,0, 192.168.1.111,172.217.10.22,0,0,0,0,0, 192.168.1.111,104.237.191.1,0,0,0,0,0, 192.168.1.111,0.0.0.0,0,0,0,0,0,0,0,0,0,0,1526576845903,0.0,1639.261,0,0,0,0,0,0,0,0,0,0.0,0.0,-1
0.5,5,4,1713,4249, 192.168.1.111,173.194.184.230,0,0,0,0,0, 192.168.1.111,173.194.191.8,0,0,0,0,0, 192.168.1.111,172.217.11.3,QUIC,5,4,1713,4249, 192.168.1.111,172.217.10.118,0,0,0,0,0, 192.168.1.111,172.217.3.110,0,0,0,0,0, 192.168.1.111,172.217.6.238,0,0,0,0,0, 192.168.1.111,172.217.12.142,0,0,0,0,0, 192.168.1.111,23.208.103.148,0,0,0,0,0, 192.168.1.111,172.217.9.226,0,0,0,0,0, 192.168.1.111,172.217.6.206,0,0,0,0,0, 192.168.1.111,216.58.211.131,0,0,0,0,0, 192.168.1.111,173.194.191.6,0,0,0,0,0, 192.168.1.111,173.194.166.39,0,0,0,0,0, 192.168.1.111,172.217.135.39,0,0,0,0,0, 192.168.1.111,172.217.11.14,0,0,0,0,0, 192.168.1.111,172.217.11.1,0,0,0,0,0, 192.168.1.111,74.125.155.233,0,0,0,0,0, 192.168.1.111,173.194.7.55,0,0,0,0,0, 192.168.1.111,172.217.11.6,0,0,0,0,0, 192.168.1.111,172.217.11.2,0,0,0,0,0, 192.168.1.111,172.217.11.13,0,0,0,0,0, 192.168.1.111,216.58.212.131,0,0,0,0,0, 192.168.1.111,172.217.11.42,0,0,0,0,0, 192.168.1.111,172.217.10.22,0,0,0,0,0, 192.168.1.111,104.237.191.1,0,0,0,0,0, 192.168.1.111,0.0.0.0,0,0,0,0,0,0,0,0,0,0,1526576845903,0.0,1639.261,0,0,0,0,0,0,0,0,0,0.0,0.0,-1
0.6,1,2,80,142, 192.168.1.111,173.194.184.230,0,0,0,0,0, 192.168.1.111,173.194.191.8,0,0,0,0,0, 192.168.1.111,172.217.11.3,QUIC,1,2,80,142, 192.168.1.111,172.217.10.118,0,0,0,0,0, 192.168.1.111,172.217.3.110,0,0,0,0,0, 192.168.1.111,172.217.6.238,0,0,0,0,0, 192.168.1.111,172.217.12.142,0,0,0,0,0, 192.168.1.111,23.208.103.148,0,0,0,0,0, 192.168.1.111,172.217.9.226,0,0,0,0,0, 192.168.1.111,172.217.6.206,0,0,0,0,0, 192.168.1.111,216.58.211.131,0,0,0,0,0, 192.168.1.111,173.194.191.6,0,0,0,0,0, 192.168.1.111,173.194.166.39,0,0,0,0,0, 192.168.1.111,172.217.135.39,0,0,0,0,0, 192.168.1.111,172.217.11.14,0,0,0,0,0, 192.168.1.111,172.217.11.1,0,0,0,0,0, 192.168.1.111,74.125.155.233,0,0,0,0,0, 192.168.1.111,173.194.7.55,0,0,0,0,0, 192.168.1.111,172.217.11.6,0,0,0,0,0, 192.168.1.111,172.217.11.2,0,0,0,0,0, 192.168.1.111,172.217.11.13,0,0,0,0,0, 192.168.1.111,216.58.212.131,0,0,0,0,0, 192.168.1.111,172.217.11.42,0,0,0,0,0, 192.168.1.111,172.217.10.22,0,0,0,0,0, 192.168.1.111,104.237.191.1,0,0,0,0,0, 192.168.1.111,0.0.0.0,0,0,0,0,0,0,0,0,0,0,1526576845903,0.0,1639.261,0,0,0,0,0,0,0,0,0,0.0,0.0,-1
0.7,1,0,710,0, 192.168.1.111,173.194.184.230,0,0,0,0,0, 192.168.1.111,173.194.191.8,0,0,0,0,0, 192.168.1.111,172.217.11.3,0,0,0,0,0, 192.168.1.111,172.217.10.118,0,0,0,0,0, 192.168.1.111,172.217.3.110,0,0,0,0,0, 192.168.1.111,172.217.6.238,0,0,0,0,0, 192.168.1.111,172.217.12.142,0,0,0,0,0, 192.168.1.111,23.208.103.148,0,0,0,0,0, 192.168.1.111,172.217.9.226,0,0,0,0,0, 192.168.1.111,172.217.6.206,0,0,0,0,0, 192.168.1.111,216.58.211.131,0,0,0,0,0, 192.168.1.111,173.194.191.6,0,0,0,0,0, 192.168.1.111,173.194.166.39,0,0,0,0,0, 192.168.1.111,172.217.135.39,0,0,0,0,0, 192.168.1.111,172.217.11.14,0,0,0,0,0, 192.168.1.111,172.217.11.1,0,0,0,0,0, 192.168.1.111,74.125.155.233,0,0,0,0,0, 192.168.1.111,173.194.7.55,0,0,0,0,0, 192.168.1.111,172.217.11.6,0,0,0,0,0, 192.168.1.111,172.217.11.2,0,0,0,0,0, 192.168.1.111,172.217.11.13,0,0,0,0,0, 192.168.1.111,216.58.212.131,0,0,0,0,0, 192.168.1.111,172.217.11.42,0,0,0,0,0, 192.168.1.111,172.217.10.22,0,0,0,0,0, 192.168.1.111,104.237.191.1,0,0,0,0,0, 192.168.1.111,0.0.0.0,0,1,0,710,0,0,0,0,0,0,1526576845903,0.0,1639.261,0,0,0,0,0,0,0,0,0,0.0,0.0,-1
0.7999999999999999,4,5,308,2236, 192.168.1.111,173.194.184.230,0,0,0,0,0, 192.168.1.111,173.194.191.8,0,0,0,0,0, 192.168.1.111,172.217.11.3,172.217.11.3,1,1,70,1392, 192.168.1.111,172.217.10.118,0,0,0,0,0, 192.168.1.111,172.217.3.110,0,0,0,0,0, 192.168.1.111,172.217.6.238,0,0,0,0,0, 192.168.1.111,172.217.12.142,0,0,0,0,0, 192.168.1.111,23.208.103.148,0,0,0,0,0, 192.168.1.111,172.217.9.226,0,0,0,0,0, 192.168.1.111,172.217.6.206,0,0,0,0,0, 192.168.1.111,216.58.211.131,0,0,0,0,0, 192.168.1.111,173.194.191.6,0,0,0,0,0, 192.168.1.111,173.194.166.39,0,0,0,0,0, 192.168.1.111,172.217.135.39,0,0,0,0,0, 192.168.1.111,172.217.11.14,0,0,0,0,0, 192.168.1.111,172.217.11.1,0,0,0,0,0, 192.168.1.111,74.125.155.233,0,0,0,0,0, 192.168.1.111,173.194.7.55,0,0,0,0,0, 192.168.1.111,172.217.11.6,0,0,0,0,0, 192.168.1.111,172.217.11.2,0,0,0,0,0, 192.168.1.111,172.217.11.13,0,0,0,0,0, 192.168.1.111,216.58.212.131,0,0,0,0,0, 192.168.1.111,172.217.11.42,0,0,0,0,0, 192.168.1.111,172.217.10.22,0,0,0,0,0, 192.168.1.111,104.237.191.1,0,0,0,0,0, 192.168.1.111,0.0.0.0,0,3,3,238,746,0,0,0,0,0,1526576845903,0.0,1639.261,0,0,0,0,0,0,0,0,0,0.0,0.0,-1
0.8999999999999999,0,0,0,0, 192.168.1.111,173.194.184.230,0,0,0,0,0, 192.168.1.111,173.194.191.8,0,0,0,0,0, 192.168.1.111,172.217.11.3,0,0,0,0,0, 192.168.1.111,172.217.10.118,0,0,0,0,0, 192.168.1.111,172.217.3.110,0,0,0,0,0, 192.168.1.111,172.217.6.238,0,0,0,0,0, 192.168.1.111,172.217.12.142,0,0,0,0,0, 192.168.1.111,23.208.103.148,0,0,0,0,0, 192.168.1.111,172.217.9.226,0,0,0,0,0, 192.168.1.111,172.217.6.206,0,0,0,0,0, 192.168.1.111,216.58.211.131,0,0,0,0,0, 192.168.1.111,173.194.191.6,0,0,0,0,0, 192.168.1.111,173.194.166.39,0,0,0,0,0, 192.168.1.111,172.217.135.39,0,0,0,0,0, 192.168.1.111,172.217.11.14,0,0,0,0,0, 192.168.1.111,172.217.11.1,0,0,0,0,0, 192.168.1.111,74.125.155.233,0,0,0,0,0, 192.168.1.111,173.194.7.55,0,0,0,0,0, 192.168.1.111,172.217.11.6,0,0,0,0,0, 192.168.1.111,172.217.11.2,0,0,0,0,0, 192.168.1.111,172.217.11.13,0,0,0,0,0, 192.168.1.111,216.58.212.131,0,0,0,0,0, 192.168.1.111,172.217.11.42,0,0,0,0,0, 192.168.1.111,172.217.10.22,0,0,0,0,0, 192.168.1.111,104.237.191.1,0,0,0,0,0, 192.168.1.111,0.0.0.0,0,0,0,0,0,0,0,0,0,0,1526576845903,0.0,1639.261,0,0,0,0,0,0,0,0,0,0.0,0.0,-1
1.0,0,0,0,0, 192.168.1.111,173.194.184.230,0,0,0,0,0, 192.168.1.111,173.194.191.8,0,0,0,0,0, 192.168.1.111,172.217.11.3,0,0,0,0,0, 192.168.1.111,172.217.10.118,0,0,0,0,0, 192.168.1.111,172.217.3.110,0,0,0,0,0, 192.168.1.111,172.217.6.238,0,0,0,0,0, 192.168.1.111,172.217.12.142,0,0,0,0,0, 192.168.1.111,23.208.103.148,0,0,0,0,0, 192.168.1.111,172.217.9.226,0,0,0,0,0, 192.168.1.111,172.217.6.206,0,0,0,0,0, 192.168.1.111,216.58.211.131,0,0,0,0,0, 192.168.1.111,173.194.191.6,0,0,0,0,0, 192.168.1.111,173.194.166.39,0,0,0,0,0, 192.168.1.111,172.217.135.39,0,0,0,0,0, 192.168.1.111,172.217.11.14,0,0,0,0,0, 192.168.1.111,172.217.11.1,0,0,0,0,0, 192.168.1.111,74.125.155.233,0,0,0,0,0, 192.168.1.111,173.194.7.55,0,0,0,0,0, 192.168.1.111,172.217.11.6,0,0,0,0,0, 192.168.1.111,172.217.11.2,0,0,0,0,0, 192.168.1.111,172.217.11.13,0,0,0,0,0, 192.168.1.111,216.58.212.131,0,0,0,0,0, 192.168.1.111,172.217.11.42,0,0,0,0,0, 192.168.1.111,172.217.10.22,0,0,0,0,0, 192.168.1.111,104.237.191.1,0,0,0,0,0, 192.168.1.111,0.0.0.0,0,0,0,0,0,0,0,0,0,0,1526576845903,0.0,1639.261,0,0,0,0,0,0,0,0,0,0.0,0.0,-1
1.1,0,0,0,0, 192.168.1.111,173.194.184.230,0,0,0,0,0, 192.168.1.111,173.194.191.8,0,0,0,0,0, 192.168.1.111,172.217.11.3,0,0,0,0,0, 192.168.1.111,172.217.10.118,0,0,0,0,0, 192.168.1.111,172.217.3.110,0,0,0,0,0, 192.168.1.111,172.217.6.238,0,0,0,0,0, 192.168.1.111,172.217.12.142,0,0,0,0,0, 192.168.1.111,23.208.103.148,0,0,0,0,0, 192.168.1.111,172.217.9.226,0,0,0,0,0, 192.168.1.111,172.217.6.206,0,0,0,0,0, 192.168.1.111,216.58.211.131,0,0,0,0,0, 192.168.1.111,173.194.191.6,0,0,0,0,0, 192.168.1.111,173.194.166.39,0,0,0,0,0, 192.168.1.111,172.217.135.39,0,0,0,0,0, 192.168.1.111,172.217.11.14,0,0,0,0,0, 192.168.1.111,172.217.11.1,0,0,0,0,0, 192.168.1.111,74.125.155.233,0,0,0,0,0, 192.168.1.111,173.194.7.55,0,0,0,0,0, 192.168.1.111,172.217.11.6,0,0,0,0,0, 192.168.1.111,172.217.11.2,0,0,0,0,0, 192.168.1.111,172.217.11.13,0,0,0,0,0, 192.168.1.111,216.58.212.131,0,0,0,0,0, 192.168.1.111,172.217.11.42,0,0,0,0,0, 192.168.1.111,172.217.10.22,0,0,0,0,0, 192.168.1.111,104.237.191.1,0,0,0,0,0, 192.168.1.111,0.0.0.0,0,0,0,0,0,0,0,0,0,0,1526576845903,0.0,1639.261,0,0,0,0,0,0,0,0,0,0.0,0.0,-1
1.2,0,0,0,0, 192.168.1.111,173.194.184.230,0,0,0,0,0, 192.168.1.111,173.194.191.8,0,0,0,0,0, 192.168.1.111,172.217.11.3,0,0,0,0,0, 192.168.1.111,172.217.10.118,0,0,0,0,0, 192.168.1.111,172.217.3.110,0,0,0,0,0, 192.168.1.111,172.217.6.238,0,0,0,0,0, 192.168.1.111,172.217.12.142,0,0,0,0,0, 192.168.1.111,23.208.103.148,0,0,0,0,0, 192.168.1.111,172.217.9.226,0,0,0,0,0, 192.168.1.111,172.217.6.206,0,0,0,0,0, 192.168.1.111,216.58.211.131,0,0,0,0,0, 192.168.1.111,173.194.191.6,0,0,0,0,0, 192.168.1.111,173.194.166.39,0,0,0,0,0, 192.168.1.111,172.217.135.39,0,0,0,0,0, 192.168.1.111,172.217.11.14,0,0,0,0,0, 192.168.1.111,172.217.11.1,0,0,0,0,0, 192.168.1.111,74.125.155.233,0,0,0,0,0, 192.168.1.111,173.194.7.55,0,0,0,0,0, 192.168.1.111,172.217.11.6,0,0,0,0,0, 192.168.1.111,172.217.11.2,0,0,0,0,0, 192.168.1.111,172.217.11.13,0,0,0,0,0, 192.168.1.111,216.58.212.131,0,0,0,0,0, 192.168.1.111,172.217.11.42,0,0,0,0,0, 192.168.1.111,172.217.10.22,0,0,0,0,0, 192.168.1.111,104.237.191.1,0,0,0,0,0, 192.168.1.111,0.0.0.0,0,0,0,0,0,0,0,0,0,0,1526576845903,0.0,1639.261,0,0,0,0,0,0,0,0,0,0.0,0.0,-1
1.3,0,0,0,0, 192.168.1.111,173.194.184.230,0,0,0,0,0, 192.168.1.111,173.194.191.8,0,0,0,0,0, 192.168.1.111,172.217.11.3,0,0,0,0,0, 192.168.1.111,172.217.10.118,0,0,0,0,0, 192.168.1.111,172.217.3.110,0,0,0,0,0, 192.168.1.111,172.217.6.238,0,0,0,0,0, 192.168.1.111,172.217.12.142,0,0,0,0,0, 192.168.1.111,23.208.103.148,0,0,0,0,0, 192.168.1.111,172.217.9.226,0,0,0,0,0, 192.168.1.111,172.217.6.206,0,0,0,0,0, 192.168.1.111,216.58.211.131,0,0,0,0,0, 192.168.1.111,173.194.191.6,0,0,0,0,0, 192.168.1.111,173.194.166.39,0,0,0,0,0, 192.168.1.111,172.217.135.39,0,0,0,0,0, 192.168.1.111,172.217.11.14,0,0,0,0,0, 192.168.1.111,172.217.11.1,0,0,0,0,0, 192.168.1.111,74.125.155.233,0,0,0,0,0, 192.168.1.111,173.194.7.55,0,0,0,0,0, 192.168.1.111,172.217.11.6,0,0,0,0,0, 192.168.1.111,172.217.11.2,0,0,0,0,0, 192.168.1.111,172.217.11.13,0,0,0,0,0, 192.168.1.111,216.58.212.131,0,0,0,0,0, 192.168.1.111,172.217.11.42,0,0,0,0,0, 192.168.1.111,172.217.10.22,0,0,0,0,0, 192.168.1.111,104.237.191.1,0,0,0,0,0, 192.168.1.111,0.0.0.0,0,0,0,0,0,0,0,0,0,0,1526576845903,0.0,1639.261,0,0,0,0,0,0,0,0,0,0.0,0.0,-1
1.4,0,0,0,0, 192.168.1.111,173.194.184.230,0,0,0,0,0, 192.168.1.111,173.194.191.8,0,0,0,0,0, 192.168.1.111,172.217.11.3,0,0,0,0,0, 192.168.1.111,172.217.10.118,0,0,0,0,0, 192.168.1.111,172.217.3.110,0,0,0,0,0, 192.168.1.111,172.217.6.238,0,0,0,0,0, 192.168.1.111,172.217.12.142,0,0,0,0,0, 192.168.1.111,23.208.103.148,0,0,0,0,0, 192.168.1.111,172.217.9.226,0,0,0,0,0, 192.168.1.111,172.217.6.206,0,0,0,0,0, 192.168.1.111,216.58.211.131,0,0,0,0,0, 192.168.1.111,173.194.191.6,0,0,0,0,0, 192.168.1.111,173.194.166.39,0,0,0,0,0, 192.168.1.111,172.217.135.39,0,0,0,0,0, 192.168.1.111,172.217.11.14,0,0,0,0,0, 192.168.1.111,172.217.11.1,0,0,0,0,0, 192.168.1.111,74.125.155.233,0,0,0,0,0, 192.168.1.111,173.194.7.55,0,0,0,0,0, 192.168.1.111,172.217.11.6,0,0,0,0,0, 192.168.1.111,172.217.11.2,0,0,0,0,0, 192.168.1.111,172.217.11.13,0,0,0,0,0, 192.168.1.111,216.58.212.131,0,0,0,0,0, 192.168.1.111,172.217.11.42,0,0,0,0,0, 192.168.1.111,172.217.10.22,0,0,0,0,0, 192.168.1.111,104.237.191.1,0,0,0,0,0, 192.168.1.111,0.0.0.0,0,0,0,0,0,0,0,0,0,0,1526576845903,0.0,1639.261,0,0,0,0,0,0,0,0,0,0.0,0.0,-1
1.5000000000000002,0,0,0,0, 192.168.1.111,173.194.184.230,0,0,0,0,0, 192.168.1.111,173.194.191.8,0,0,0,0,0, 192.168.1.111,172.217.11.3,0,0,0,0,0, 192.168.1.111,172.217.10.118,0,0,0,0,0, 192.168.1.111,172.217.3.110,0,0,0,0,0, 192.168.1.111,172.217.6.238,0,0,0,0,0, 192.168.1.111,172.217.12.142,0,0,0,0,0, 192.168.1.111,23.208.103.148,0,0,0,0,0, 192.168.1.111,172.217.9.226,0,0,0,0,0, 192.168.1.111,172.217.6.206,0,0,0,0,0, 192.168.1.111,216.58.211.131,0,0,0,0,0, 192.168.1.111,173.194.191.6,0,0,0,0,0, 192.168.1.111,173.194.166.39,0,0,0,0,0, 192.168.1.111,172.217.135.39,0,0,0,0,0, 192.168.1.111,172.217.11.14,0,0,0,0,0, 192.168.1.111,172.217.11.1,0,0,0,0,0, 192.168.1.111,74.125.155.233,0,0,0,0,0, 192.168.1.111,173.194.7.55,0,0,0,0,0, 192.168.1.111,172.217.11.6,0,0,0,0,0, 192.168.1.111,172.217.11.2,0,0,0,0,0, 192.168.1.111,172.217.11.13,0,0,0,0,0, 192.168.1.111,216.58.212.131,0,0,0,0,0, 192.168.1.111,172.217.11.42,0,0,0,0,0, 192.168.1.111,172.217.10.22,0,0,0,0,0, 192.168.1.111,104.237.191.1,0,0,0,0,0, 192.168.1.111,0.0.0.0,0,0,0,0,0,0,0,0,0,0,1526576845903,0.0,1639.261,0,0,0,0,0,0,0,0,0,0.0,0.0,-1
1.6000000000000003,0,0,0,0, 192.168.1.111,173.194.184.230,0,0,0,0,0, 192.168.1.111,173.194.191.8,0,0,0,0,0, 192.168.1.111,172.217.11.3,0,0,0,0,0, 192.168.1.111,172.217.10.118,0,0,0,0,0, 192.168.1.111,172.217.3.110,0,0,0,0,0, 192.168.1.111,172.217.6.238,0,0,0,0,0, 192.168.1.111,172.217.12.142,0,0,0,0,0, 192.168.1.111,23.208.103.148,0,0,0,0,0, 192.168.1.111,172.217.9.226,0,0,0,0,0, 192.168.1.111,172.217.6.206,0,0,0,0,0, 192.168.1.111,216.58.211.131,0,0,0,0,0, 192.168.1.111,173.194.191.6,0,0,0,0,0, 192.168.1.111,173.194.166.39,0,0,0,0,0, 192.168.1.111,172.217.135.39,0,0,0,0,0, 192.168.1.111,172.217.11.14,0,0,0,0,0, 192.168.1.111,172.217.11.1,0,0,0,0,0, 192.168.1.111,74.125.155.233,0,0,0,0,0, 192.168.1.111,173.194.7.55,0,0,0,0,0, 192.168.1.111,172.217.11.6,0,0,0,0,0, 192.168.1.111,172.217.11.2,0,0,0,0,0, 192.168.1.111,172.217.11.13,0,0,0,0,0, 192.168.1.111,216.58.212.131,0,0,0,0,0, 192.168.1.111,172.217.11.42,0,0,0,0,0, 192.168.1.111,172.217.10.22,0,0,0,0,0, 192.168.1.111,104.237.191.1,0,0,0,0,0, 192.168.1.111,0.0.0.0,0,0,0,0,0,0,0,0,0,0,1526576845903,0.0,1639.261,0,0,0,0,0,0,0,0,0,0.0,0.0,-1
1.7000000000000004,1,1,70,1392, 192.168.1.111,173.194.184.230,0,0,0,0,0, 192.168.1.111,173.194.191.8,0,0,0,0,0, 192.168.1.111,172.217.11.3,0,0,0,0,0, 192.168.1.111,172.217.10.118,0,0,0,0,0, 192.168.1.111,172.217.3.110,0,0,0,0,0, 192.168.1.111,172.217.6.238,0,0,0,0,0, 192.168.1.111,172.217.12.142,0,0,0,0,0, 192.168.1.111,23.208.103.148,0,0,0,0,0, 192.168.1.111,172.217.9.226,0,0,0,0,0, 192.168.1.111,172.217.6.206,0,0,0,0,0, 192.168.1.111,216.58.211.131,0,0,0,0,0, 192.168.1.111,173.194.191.6,0,0,0,0,0, 192.168.1.111,173.194.166.39,0,0,0,0,0, 192.168.1.111,172.217.135.39,0,0,0,0,0, 192.168.1.111,172.217.11.14,172.217.11.14,1,1,70,1392, 192.168.1.111,172.217.11.1,0,0,0,0,0, 192.168.1.111,74.125.155.233,0,0,0,0,0, 192.168.1.111,173.194.7.55,0,0,0,0,0, 192.168.1.111,172.217.11.6,0,0,0,0,0, 192.168.1.111,172.217.11.2,0,0,0,0,0, 192.168.1.111,172.217.11.13,0,0,0,0,0, 192.168.1.111,216.58.212.131,0,0,0,0,0, 192.168.1.111,172.217.11.42,0,0,0,0,0, 192.168.1.111,172.217.10.22,0,0,0,0,0, 192.168.1.111,104.237.191.1,0,0,0,0,0, 192.168.1.111,0.0.0.0,0,0,0,0,0,0,0,0,0,0,1526576845903,0.0,1639.261,0,0,0,0,0,0,0,0,0,0.0,0.0,-1
1.8000000000000005,1,1,78,98, 192.168.1.111,173.194.184.230,0,0,0,0,0, 192.168.1.111,173.194.191.8,0,0,0,0,0, 192.168.1.111,172.217.11.3,0,0,0,0,0, 192.168.1.111,172.217.10.118,0,0,0,0,0, 192.168.1.111,172.217.3.110,0,0,0,0,0, 192.168.1.111,172.217.6.238,0,0,0,0,0, 192.168.1.111,172.217.12.142,0,0,0,0,0, 192.168.1.111,23.208.103.148,0,0,0,0,0, 192.168.1.111,172.217.9.226,0,0,0,0,0, 192.168.1.111,172.217.6.206,0,0,0,0,0, 192.168.1.111,216.58.211.131,0,0,0,0,0, 192.168.1.111,173.194.191.6,0,0,0,0,0, 192.168.1.111,173.194.166.39,0,0,0,0,0, 192.168.1.111,172.217.135.39,0,0,0,0,0, 192.168.1.111,172.217.11.14,0,0,0,0,0, 192.168.1.111,172.217.11.1,0,0,0,0,0, 192.168.1.111,74.125.155.233,0,0,0,0,0, 192.168.1.111,173.194.7.55,0,0,0,0,0, 192.168.1.111,172.217.11.6,0,0,0,0,0, 192.168.1.111,172.217.11.2,0,0,0,0,0, 192.168.1.111,172.217.11.13,0,0,0,0,0, 192.168.1.111,216.58.212.131,0,0,0,0,0, 192.168.1.111,172.217.11.42,0,0,0,0,0, 192.168.1.111,172.217.10.22,0,0,0,0,0, 192.168.1.111,104.237.191.1,0,0,0,0,0, 192.168.1.111,0.0.0.0,0,1,0,78,0,0,0,0,0,0,1526576845903,0.0,1639.261,0,0,0,0,0,0,0,0,0,0.0,0.0,-1
1.9000000000000008,0,0,0,0, 192.168.1.111,173.194.184.230,0,0,0,0,0, 192.168.1.111,173.194.191.8,0,0,0,0,0, 192.168.1.111,172.217.11.3,0,0,0,0,0, 192.168.1.111,172.217.10.118,0,0,0,0,0, 192.168.1.111,172.217.3.110,0,0,0,0,0, 192.168.1.111,172.217.6.238,0,0,0,0,0, 192.168.1.111,172.217.12.142,0,0,0,0,0, 192.168.1.111,23.208.103.148,0,0,0,0,0, 192.168.1.111,172.217.9.226,0,0,0,0,0, 192.168.1.111,172.217.6.206,0,0,0,0,0, 192.168.1.111,216.58.211.131,0,0,0,0,0, 192.168.1.111,173.194.191.6,0,0,0,0,0, 192.168.1.111,173.194.166.39,0,0,0,0,0, 192.168.1.111,172.217.135.39,0,0,0,0,0, 192.168.1.111,172.217.11.14,0,0,0,0,0, 192.168.1.111,172.217.11.1,0,0,0,0,0, 192.168.1.111,74.125.155.233,0,0,0,0,0, 192.168.1.111,173.194.7.55,0,0,0,0,0, 192.168.1.111,172.217.11.6,0,0,0,0,0, 192.168.1.111,172.217.11.2,0,0,0,0,0, 192.168.1.111,172.217.11.13,0,0,0,0,0, 192.168.1.111,216.58.212.131,0,0,0,0,0, 192.168.1.111,172.217.11.42,0,0,0,0,0, 192.168.1.111,172.217.10.22,0,0,0,0,0, 192.168.1.111,104.237.191.1,0,0,0,0,0, 192.168.1.111,0.0.0.0,0,0,0,0,0,0,0,0,0,0,1526576845903,0.0,1639.261,0,0,0,0,0,0,0,0,0,0.0,0.0,-1
2.0000000000000004,0,0,0,0, 192.168.1.111,173.194.184.230,0,0,0,0,0, 192.168.1.111,173.194.191.8,0,0,0,0,0, 192.168.1.111,172.217.11.3,0,0,0,0,0, 192.168.1.111,172.217.10.118,0,0,0,0,0, 192.168.1.111,172.217.3.110,0,0,0,0,0, 192.168.1.111,172.217.6.238,0,0,0,0,0, 192.168.1.111,172.217.12.142,0,0,0,0,0, 192.168.1.111,23.208.103.148,0,0,0,0,0, 192.168.1.111,172.217.9.226,0,0,0,0,0, 192.168.1.111,172.217.6.206,0,0,0,0,0, 192.168.1.111,216.58.211.131,0,0,0,0,0, 192.168.1.111,173.194.191.6,0,0,0,0,0, 192.168.1.111,173.194.166.39,0,0,0,0,0, 192.168.1.111,172.217.135.39,0,0,0,0,0, 192.168.1.111,172.217.11.14,0,0,0,0,0, 192.168.1.111,172.217.11.1,0,0,0,0,0, 192.168.1.111,74.125.155.233,0,0,0,0,0, 192.168.1.111,173.194.7.55,0,0,0,0,0, 192.168.1.111,172.217.11.6,0,0,0,0,0, 192.168.1.111,172.217.11.2,0,0,0,0,0, 192.168.1.111,172.217.11.13,0,0,0,0,0, 192.168.1.111,216.58.212.131,0,0,0,0,0, 192.168.1.111,172.217.11.42,0,0,0,0,0, 192.168.1.111,172.217.10.22,0,0,0,0,0, 192.168.1.111,104.237.191.1,0,0,0,0,0, 192.168.1.111,0.0.0.0,0,0,0,0,0,0,0,0,0,0,1526576845903,0.0,1639.261,0,0,0,0,0,0,0,0,0,0.0,0.0,-1
2.1000000000000005,0,0,0,0, 192.168.1.111,173.194.184.230,0,0,0,0,0, 192.168.1.111,173.194.191.8,0,0,0,0,0, 192.168.1.111,172.217.11.3,0,0,0,0,0, 192.168.1.111,172.217.10.118,0,0,0,0,0, 192.168.1.111,172.217.3.110,0,0,0,0,0, 192.168.1.111,172.217.6.238,0,0,0,0,0, 192.168.1.111,172.217.12.142,0,0,0,0,0, 192.168.1.111,23.208.103.148,0,0,0,0,0, 192.168.1.111,172.217.9.226,0,0,0,0,0, 192.168.1.111,172.217.6.206,0,0,0,0,0, 192.168.1.111,216.58.211.131,0,0,0,0,0, 192.168.1.111,173.194.191.6,0,0,0,0,0, 192.168.1.111,173.194.166.39,0,0,0,0,0, 192.168.1.111,172.217.135.39,0,0,0,0,0, 192.168.1.111,172.217.11.14,0,0,0,0,0, 192.168.1.111,172.217.11.1,0,0,0,0,0, 192.168.1.111,74.125.155.233,0,0,0,0,0, 192.168.1.111,173.194.7.55,0,0,0,0,0, 192.168.1.111,172.217.11.6,0,0,0,0,0, 192.168.1.111,172.217.11.2,0,0,0,0,0, 192.168.1.111,172.217.11.13,0,0,0,0,0, 192.168.1.111,216.58.212.131,0,0,0,0,0, 192.168.1.111,172.217.11.42,0,0,0,0,0, 192.168.1.111,172.217.10.22,0,0,0,0,0, 192.168.1.111,104.237.191.1,0,0,0,0,0, 192.168.1.111,0.0.0.0,0,0,0,0,0,0,0,0,0,0,1526576845903,0.0,1639.261,0,0,0,0,0,0,0,0,0,0.0,0.0,-1
2.2000000000000006,9,0,3538,0, 192.168.1.111,173.194.184.230,0,0,0,0,0, 192.168.1.111,173.194.191.8,0,0,0,0,0, 192.168.1.111,172.217.11.3,0,0,0,0,0, 192.168.1.111,172.217.10.118,0,0,0,0,0, 192.168.1.111,172.217.3.110,QUIC,1,0,239,0, 192.168.1.111,172.217.6.238,0,0,0,0,0, 192.168.1.111,172.217.12.142,0,0,0,0,0, 192.168.1.111,23.208.103.148,0,0,0,0,0, 192.168.1.111,172.217.9.226,QUIC,1,0,1392,0, 192.168.1.111,172.217.6.206,0,0,0,0,0, 192.168.1.111,216.58.211.131,0,0,0,0,0, 192.168.1.111,173.194.191.6,0,0,0,0,0, 192.168.1.111,173.194.166.39,0,0,0,0,0, 192.168.1.111,172.217.135.39,0,0,0,0,0, 192.168.1.111,172.217.11.14,0,0,0,0,0, 192.168.1.111,172.217.11.1,0,0,0,0,0, 192.168.1.111,74.125.155.233,0,0,0,0,0, 192.168.1.111,173.194.7.55,0,0,0,0,0, 192.168.1.111,172.217.11.6,0,0,0,0,0, 192.168.1.111,172.217.11.2,0,0,0,0,0, 192.168.1.111,172.217.11.13,0,0,0,0,0, 192.168.1.111,216.58.212.131,0,0,0,0,0, 192.168.1.111,172.217.11.42,0,0,0,0,0, 192.168.1.111,172.217.10.22,QUIC,1,0,1392,0, 192.168.1.111,104.237.191.1,0,0,0,0,0, 192.168.1.111,0.0.0.0,0,6,0,515,0,0,0,0,0,0,1526576845903,0.0,1639.261,0,0,0,0,0,0,0,0,0,0.0,0.0,-1
2.3000000000000007,13,29,14163,27578, 192.168.1.111,173.194.184.230,0,0,0,0,0, 192.168.1.111,173.194.191.8,0,0,0,0,0, 192.168.1.111,172.217.11.3,0,0,0,0,0, 192.168.1.111,172.217.10.118,0,0,0,0,0, 192.168.1.111,172.217.3.110,QUIC,0,1,0,72, 192.168.1.111,172.217.6.238,0,0,0,0,0, 192.168.1.111,172.217.12.142,0,0,0,0,0, 192.168.1.111,23.208.103.148,0,0,0,0,0, 192.168.1.111,172.217.9.226,QUIC,2,3,2784,2864, 192.168.1.111,172.217.6.206,0,0,0,0,0, 192.168.1.111,216.58.211.131,0,0,0,0,0, 192.168.1.111,173.194.191.6,0,0,0,0,0, 192.168.1.111,173.194.166.39,0,0,0,0,0, 192.168.1.111,172.217.135.39,QUIC,2,3,1472,4176, 192.168.1.111,172.217.11.14,0,0,0,0,0, 192.168.1.111,172.217.11.1,QUIC,2,3,2784,2864, 192.168.1.111,74.125.155.233,QUIC,2,3,1472,4176, 192.168.1.111,173.194.7.55,QUIC,1,3,1392,4176, 192.168.1.111,172.217.11.6,QUIC,1,2,1392,2784, 192.168.1.111,172.217.11.2,QUIC,1,2,1392,2784, 192.168.1.111,172.217.11.13,0,0,0,0,0, 192.168.1.111,216.58.212.131,0,0,0,0,0, 192.168.1.111,172.217.11.42,0,0,0,0,0, 192.168.1.111,172.217.10.22,QUIC,2,3,1475,2864, 192.168.1.111,104.237.191.1,0,0,0,0,0, 192.168.1.111,0.0.0.0,0,0,6,0,818,0,0,0,0,0,1526576845903,0.0,1639.261,0,0,0,0,0,0,0,0,0,0.0,0.0,-1
2.400000000000001,17,0,17110,0, 192.168.1.111,173.194.184.230,0,0,0,0,0, 192.168.1.111,173.194.191.8,0,0,0,0,0, 192.168.1.111,172.217.11.3,0,0,0,0,0, 192.168.1.111,172.217.10.118,0,0,0,0,0, 192.168.1.111,172.217.3.110,0,0,0,0,0, 192.168.1.111,172.217.6.238,0,0,0,0,0, 192.168.1.111,172.217.12.142,0,0,0,0,0, 192.168.1.111,23.208.103.148,0,0,0,0,0, 192.168.1.111,172.217.9.226,QUIC,2,0,1475,0, 192.168.1.111,172.217.6.206,0,0,0,0,0, 192.168.1.111,216.58.211.131,0,0,0,0,0, 192.168.1.111,173.194.191.6,0,0,0,0,0, 192.168.1.111,173.194.166.39,0,0,0,0,0, 192.168.1.111,172.217.135.39,QUIC,2,0,2784,0, 192.168.1.111,172.217.11.14,0,0,0,0,0, 192.168.1.111,172.217.11.1,QUIC,3,0,2867,0, 192.168.1.111,74.125.155.233,QUIC,1,0,1392,0, 192.168.1.111,173.194.7.55,QUIC,2,0,1472,0, 192.168.1.111,172.217.11.6,QUIC,2,0,1472,0, 192.168.1.111,172.217.11.2,QUIC,3,0,2864,0, 192.168.1.111,172.217.11.13,0,0,0,0,0, 192.168.1.111,216.58.212.131,0,0,0,0,0, 192.168.1.111,172.217.11.42,0,0,0,0,0, 192.168.1.111,172.217.10.22,QUIC,2,0,2784,0, 192.168.1.111,104.237.191.1,0,0,0,0,0, 192.168.1.111,0.0.0.0,0,0,0,0,0,0,0,0,0,0,1526576845903,0.0,1639.261,0,0,0,0,0,0,0,0,0,0.0,0.0,-1
2.500000000000001,36,62,10832,52668, 192.168.1.111,173.194.184.230,0,0,0,0,0, 192.168.1.111,173.194.191.8,0,0,0,0,0, 192.168.1.111,172.217.11.3,0,0,0,0,0, 192.168.1.111,172.217.10.118,0,0,0,0,0, 192.168.1.111,172.217.3.110,QUIC,8,16,643,17597, 192.168.1.111,172.217.6.238,0,0,0,0,0, 192.168.1.111,172.217.12.142,0,0,0,0,0, 192.168.1.111,23.208.103.148,0,0,0,0,0, 192.168.1.111,172.217.9.226,QUIC,3,3,1556,1548, 192.168.1.111,172.217.6.206,0,0,0,0,0, 192.168.1.111,216.58.211.131,0,0,0,0,0, 192.168.1.111,173.194.191.6,0,0,0,0,0, 192.168.1.111,173.194.166.39,0,0,0,0,0, 192.168.1.111,172.217.135.39,QUIC,5,8,1716,7197, 192.168.1.111,172.217.11.14,0,0,0,0,0, 192.168.1.111,172.217.11.1,QUIC,3,6,1569,4404, 192.168.1.111,74.125.155.233,QUIC,4,7,1652,5799, 192.168.1.111,173.194.7.55,QUIC,4,7,1652,5790, 192.168.1.111,172.217.11.6,QUIC,4,6,1636,4394, 192.168.1.111,172.217.11.2,QUIC,3,6,244,4391, 192.168.1.111,172.217.11.13,0,0,0,0,0, 192.168.1.111,216.58.212.131,0,0,0,0,0, 192.168.1.111,172.217.11.42,0,0,0,0,0, 192.168.1.111,172.217.10.22,QUIC,2,3,164,1548, 192.168.1.111,104.237.191.1,0,0,0,0,0, 192.168.1.111,0.0.0.0,0,0,0,0,0,0,0,0,0,0,1526576845903,0.0,1639.261,0,0,0,0,0,0,0,0,0,0.0,0.0,-1
2.600000000000001,1,2,80,144, 192.168.1.111,173.194.184.230,0,0,0,0,0, 192.168.1.111,173.194.191.8,0,0,0,0,0, 192.168.1.111,172.217.11.3,0,0,0,0,0, 192.168.1.111,172.217.10.118,0,0,0,0,0, 192.168.1.111,172.217.3.110,0,0,0,0,0, 192.168.1.111,172.217.6.238,0,0,0,0,0, 192.168.1.111,172.217.12.142,0,0,0,0,0, 192.168.1.111,23.208.103.148,0,0,0,0,0, 192.168.1.111,172.217.9.226,QUIC,0,1,0,72, 192.168.1.111,172.217.6.206,0,0,0,0,0, 192.168.1.111,216.58.211.131,0,0,0,0,0, 192.168.1.111,173.194.191.6,0,0,0,0,0, 192.168.1.111,173.194.166.39,0,0,0,0,0, 192.168.1.111,172.217.135.39,0,0,0,0,0, 192.168.1.111,172.217.11.14,0,0,0,0,0, 192.168.1.111,172.217.11.1,QUIC,1,0,80,0, 192.168.1.111,74.125.155.233,0,0,0,0,0, 192.168.1.111,173.194.7.55,0,0,0,0,0, 192.168.1.111,172.217.11.6,0,0,0,0,0, 192.168.1.111,172.217.11.2,0,0,0,0,0, 192.168.1.111,172.217.11.13,0,0,0,0,0, 192.168.1.111,216.58.212.131,0,0,0,0,0, 192.168.1.111,172.217.11.42,0,0,0,0,0, 192.168.1.111,172.217.10.22,QUIC,0,1,0,72, 192.168.1.111,104.237.191.1,0,0,0,0,0, 192.168.1.111,0.0.0.0,0,0,0,0,0,0,0,0,0,0,1526576845903,0.0,1639.261,0,0,0,0,0,0,0,0,0,0.0,0.0,-1
2.700000000000001,0,0,0,0, 192.168.1.111,173.194.184.230,0,0,0,0,0, 192.168.1.111,173.194.191.8,0,0,0,0,0, 192.168.1.111,172.217.11.3,0,0,0,0,0, 192.168.1.111,172.217.10.118,0,0,0,0,0, 192.168.1.111,172.217.3.110,0,0,0,0,0, 192.168.1.111,172.217.6.238,0,0,0,0,0, 192.168.1.111,172.217.12.142,0,0,0,0,0, 192.168.1.111,23.208.103.148,0,0,0,0,0, 192.168.1.111,172.217.9.226,0,0,0,0,0, 192.168.1.111,172.217.6.206,0,0,0,0,0, 192.168.1.111,216.58.211.131,0,0,0,0,0, 192.168.1.111,173.194.191.6,0,0,0,0,0, 192.168.1.111,173.194.166.39,0,0,0,0,0, 192.168.1.111,172.217.135.39,0,0,0,0,0, 192.168.1.111,172.217.11.14,0,0,0,0,0, 192.168.1.111,172.217.11.1,0,0,0,0,0, 192.168.1.111,74.125.155.233,0,0,0,0,0, 192.168.1.111,173.194.7.55,0,0,0,0,0, 192.168.1.111,172.217.11.6,0,0,0,0,0, 192.168.1.111,172.217.11.2,0,0,0,0,0, 192.168.1.111,172.217.11.13,0,0,0,0,0, 192.168.1.111,216.58.212.131,0,0,0,0,0, 192.168.1.111,172.217.11.42,0,0,0,0,0, 192.168.1.111,172.217.10.22,0,0,0,0,0, 192.168.1.111,104.237.191.1,0,0,0,0,0, 192.168.1.111,0.0.0.0,0,0,0,0,0,0,0,0,0,0,1526576845903,0.0,1639.261,0,0,0,0,0,0,0,0,0,0.0,0.0,-1
2.800000000000001,0,0,0,0, 192.168.1.111,173.194.184.230,0,0,0,0,0, 192.168.1.111,173.194.191.8,0,0,0,0,0, 192.168.1.111,172.217.11.3,0,0,0,0,0, 192.168.1.111,172.217.10.118,0,0,0,0,0, 192.168.1.111,172.217.3.110,0,0,0,0,0, 192.168.1.111,172.217.6.238,0,0,0,0,0, 192.168.1.111,172.217.12.142,0,0,0,0,0, 192.168.1.111,23.208.103.148,0,0,0,0,0, 192.168.1.111,172.217.9.226,0,0,0,0,0, 192.168.1.111,172.217.6.206,0,0,0,0,0, 192.168.1.111,216.58.211.131,0,0,0,0,0, 192.168.1.111,173.194.191.6,0,0,0,0,0, 192.168.1.111,173.194.166.39,0,0,0,0,0, 192.168.1.111,172.217.135.39,0,0,0,0,0, 192.168.1.111,172.217.11.14,0,0,0,0,0, 192.168.1.111,172.217.11.1,0,0,0,0,0, 192.168.1.111,74.125.155.233,0,0,0,0,0, 192.168.1.111,173.194.7.55,0,0,0,0,0, 192.168.1.111,172.217.11.6,0,0,0,0,0, 192.168.1.111,172.217.11.2,0,0,0,0,0, 192.168.1.111,172.217.11.13,0,0,0,0,0, 192.168.1.111,216.58.212.131,0,0,0,0,0, 192.168.1.111,172.217.11.42,0,0,0,0,0, 192.168.1.111,172.217.10.22,0,0,0,0,0, 192.168.1.111,104.237.191.1,0,0,0,0,0, 192.168.1.111,0.0.0.0,0,0,0,0,0,0,0,0,0,0,1526576845903,0.0,1639.261,0,0,0,0,0,0,0,0,0,0.0,0.0,-1
2.900000000000001,0,0,0,0, 192.168.1.111,173.194.184.230,0,0,0,0,0, 192.168.1.111,173.194.191.8,0,0,0,0,0, 192.168.1.111,172.217.11.3,0,0,0,0,0, 192.168.1.111,172.217.10.118,0,0,0,0,0, 192.168.1.111,172.217.3.110,0,0,0,0,0, 192.168.1.111,172.217.6.238,0,0,0,0,0, 192.168.1.111,172.217.12.142,0,0,0,0,0, 192.168.1.111,23.208.103.148,0,0,0,0,0, 192.168.1.111,172.217.9.226,0,0,0,0,0, 192.168.1.111,172.217.6.206,0,0,0,0,0, 192.168.1.111,216.58.211.131,0,0,0,0,0, 192.168.1.111,173.194.191.6,0,0,0,0,0, 192.168.1.111,173.194.166.39,0,0,0,0,0, 192.168.1.111,172.217.135.39,0,0,0,0,0, 192.168.1.111,172.217.11.14,0,0,0,0,0, 192.168.1.111,172.217.11.1,0,0,0,0,0, 192.168.1.111,74.125.155.233,0,0,0,0,0, 192.168.1.111,173.194.7.55,0,0,0,0,0, 192.168.1.111,172.217.11.6,0,0,0,0,0, 192.168.1.111,172.217.11.2,0,0,0,0,0, 192.168.1.111,172.217.11.13,0,0,0,0,0, 192.168.1.111,216.58.212.131,0,0,0,0,0, 192.168.1.111,172.217.11.42,0,0,0,0,0, 192.168.1.111,172.217.10.22,0,0,0,0,0, 192.168.1.111,104.237.191.1,0,0,0,0,0, 192.168.1.111,0.0.0.0,0,0,0,0,0,0,0,0,0,0,1526576845903,0.0,1639.261,0,0,0,0,0,0,0,0,0,0.0,0.0,-1
3.0000000000000013,0,0,0,0, 192.168.1.111,173.194.184.230,0,0,0,0,0, 192.168.1.111,173.194.191.8,0,0,0,0,0, 192.168.1.111,172.217.11.3,0,0,0,0,0, 192.168.1.111,172.217.10.118,0,0,0,0,0, 192.168.1.111,172.217.3.110,0,0,0,0,0, 192.168.1.111,172.217.6.238,0,0,0,0,0, 192.168.1.111,172.217.12.142,0,0,0,0,0, 192.168.1.111,23.208.103.148,0,0,0,0,0, 192.168.1.111,172.217.9.226,0,0,0,0,0, 192.168.1.111,172.217.6.206,0,0,0,0,0, 192.168.1.111,216.58.211.131,0,0,0,0,0, 192.168.1.111,173.194.191.6,0,0,0,0,0, 192.168.1.111,173.194.166.39,0,0,0,0,0, 192.168.1.111,172.217.135.39,0,0,0,0,0, 192.168.1.111,172.217.11.14,0,0,0,0,0, 192.168.1.111,172.217.11.1,0,0,0,0,0, 192.168.1.111,74.125.155.233,0,0,0,0,0, 192.168.1.111,173.194.7.55,0,0,0,0,0, 192.168.1.111,172.217.11.6,0,0,0,0,0, 192.168.1.111,172.217.11.2,0,0,0,0,0, 192.168.1.111,172.217.11.13,0,0,0,0,0, 192.168.1.111,216.58.212.131,0,0,0,0,0, 192.168.1.111,172.217.11.42,0,0,0,0,0, 192.168.1.111,172.217.10.22,0,0,0,0,0, 192.168.1.111,104.237.191.1,0,0,0,0,0, 192.168.1.111,0.0.0.0,0,0,0,0,0,0,0,0,0,0,1526576845903,0.0,1639.261,0,0,0,0,0,0,0,0,0,0.0,0.0,-1
3.1000000000000014,2,0,1946,0, 192.168.1.111,173.194.184.230,0,0,0,0,0, 192.168.1.111,173.194.191.8,0,0,0,0,0, 192.168.1.111,172.217.11.3,0,0,0,0,0, 192.168.1.111,172.217.10.118,0,0,0,0,0, 192.168.1.111,172.217.3.110,0,0,0,0,0, 192.168.1.111,172.217.6.238,0,0,0,0,0, 192.168.1.111,172.217.12.142,0,0,0,0,0, 192.168.1.111,23.208.103.148,0,0,0,0,0, 192.168.1.111,172.217.9.226,QUIC,1,0,1392,0, 192.168.1.111,172.217.6.206,0,0,0,0,0, 192.168.1.111,216.58.211.131,0,0,0,0,0, 192.168.1.111,173.194.191.6,0,0,0,0,0, 192.168.1.111,173.194.166.39,0,0,0,0,0, 192.168.1.111,172.217.135.39,0,0,0,0,0, 192.168.1.111,172.217.11.14,0,0,0,0,0, 192.168.1.111,172.217.11.1,0,0,0,0,0, 192.168.1.111,74.125.155.233,0,0,0,0,0, 192.168.1.111,173.194.7.55,0,0,0,0,0, 192.168.1.111,172.217.11.6,QUIC,1,0,554,0, 192.168.1.111,172.217.11.2,0,0,0,0,0, 192.168.1.111,172.217.11.13,0,0,0,0,0, 192.168.1.111,216.58.212.131,0,0,0,0,0, 192.168.1.111,172.217.11.42,0,0,0,0,0, 192.168.1.111,172.217.10.22,0,0,0,0,0, 192.168.1.111,104.237.191.1,0,0,0,0,0, 192.168.1.111,0.0.0.0,0,0,0,0,0,0,0,0,0,0,1526576845903,0.0,1639.261,0,0,0,0,0,0,0,0,0,0.0,0.0,-1
3.200000000000001,5,4,2654,3095, 192.168.1.111,173.194.184.230,0,0,0,0,0, 192.168.1.111,173.194.191.8,0,0,0,0,0, 192.168.1.111,172.217.11.3,0,0,0,0,0, 192.168.1.111,172.217.10.118,0,0,0,0,0, 192.168.1.111,172.217.3.110,0,0,0,0,0, 192.168.1.111,172.217.6.238,0,0,0,0,0, 192.168.1.111,172.217.12.142,0,0,0,0,0, 192.168.1.111,23.208.103.148,0,0,0,0,0, 192.168.1.111,172.217.9.226,QUIC,3,2,2020,2784, 192.168.1.111,172.217.6.206,0,0,0,0,0, 192.168.1.111,216.58.211.131,0,0,0,0,0, 192.168.1.111,173.194.191.6,0,0,0,0,0, 192.168.1.111,173.194.166.39,0,0,0,0,0, 192.168.1.111,172.217.135.39,0,0,0,0,0, 192.168.1.111,172.217.11.14,0,0,0,0,0, 192.168.1.111,172.217.11.1,0,0,0,0,0, 192.168.1.111,74.125.155.233,0,0,0,0,0, 192.168.1.111,173.194.7.55,0,0,0,0,0, 192.168.1.111,172.217.11.6,QUIC,2,2,634,311, 192.168.1.111,172.217.11.2,0,0,0,0,0, 192.168.1.111,172.217.11.13,0,0,0,0,0, 192.168.1.111,216.58.212.131,0,0,0,0,0, 192.168.1.111,172.217.11.42,0,0,0,0,0, 192.168.1.111,172.217.10.22,0,0,0,0,0, 192.168.1.111,104.237.191.1,0,0,0,0,0, 192.168.1.111,0.0.0.0,0,0,0,0,0,0,0,0,0,0,1526576845903,0.0,1639.261,0,0,0,0,0,0,0,0,0,0.0,0.0,-1
3.3000000000000016,4,0,1645,0, 192.168.1.111,173.194.184.230,0,0,0,0,0, 192.168.1.111,173.194.191.8,0,0,0,0,0, 192.168.1.111,172.217.11.3,0,0,0,0,0, 192.168.1.111,172.217.10.118,0,0,0,0,0, 192.168.1.111,172.217.3.110,0,0,0,0,0, 192.168.1.111,172.217.6.238,0,0,0,0,0, 192.168.1.111,172.217.12.142,0,0,0,0,0, 192.168.1.111,23.208.103.148,0,0,0,0,0, 192.168.1.111,172.217.9.226,QUIC,1,0,1392,0, 192.168.1.111,172.217.6.206,0,0,0,0,0, 192.168.1.111,216.58.211.131,0,0,0,0,0, 192.168.1.111,173.194.191.6,0,0,0,0,0, 192.168.1.111,173.194.166.39,0,0,0,0,0, 192.168.1.111,172.217.135.39,0,0,0,0,0, 192.168.1.111,172.217.11.14,0,0,0,0,0, 192.168.1.111,172.217.11.1,0,0,0,0,0, 192.168.1.111,74.125.155.233,0,0,0,0,0, 192.168.1.111,173.194.7.55,0,0,0,0,0, 192.168.1.111,172.217.11.6,0,0,0,0,0, 192.168.1.111,172.217.11.2,0,0,0,0,0, 192.168.1.111,172.217.11.13,0,0,0,0,0, 192.168.1.111,216.58.212.131,0,0,0,0,0, 192.168.1.111,172.217.11.42,0,0,0,0,0, 192.168.1.111,172.217.10.22,0,0,0,0,0, 192.168.1.111,104.237.191.1,0,0,0,0,0, 192.168.1.111,0.0.0.0,0,3,0,253,0,0,0,0,0,0,1526576845903,0.0,1639.261,0,0,0,0,0,0,0,0,0,0.0,0.0,-1
3.4000000000000017,8,16,659,9138, 192.168.1.111,173.194.184.230,0,0,0,0,0, 192.168.1.111,173.194.191.8,0,0,0,0,0, 192.168.1.111,172.217.11.3,0,0,0,0,0, 192.168.1.111,172.217.10.118,0,0,0,0,0, 192.168.1.111,172.217.3.110,0,0,0,0,0, 192.168.1.111,172.217.6.238,0,0,0,0,0, 192.168.1.111,172.217.12.142,0,0,0,0,0, 192.168.1.111,23.208.103.148,0,0,0,0,0, 192.168.1.111,172.217.9.226,QUIC,5,9,406,8230, 192.168.1.111,172.217.6.206,0,0,0,0,0, 192.168.1.111,216.58.211.131,0,0,0,0,0, 192.168.1.111,173.194.191.6,0,0,0,0,0, 192.168.1.111,173.194.166.39,0,0,0,0,0, 192.168.1.111,172.217.135.39,0,0,0,0,0, 192.168.1.111,172.217.11.14,0,0,0,0,0, 192.168.1.111,172.217.11.1,0,0,0,0,0, 192.168.1.111,74.125.155.233,0,0,0,0,0, 192.168.1.111,173.194.7.55,0,0,0,0,0, 192.168.1.111,172.217.11.6,QUIC,0,1,0,72, 192.168.1.111,172.217.11.2,0,0,0,0,0, 192.168.1.111,172.217.11.13,0,0,0,0,0, 192.168.1.111,216.58.212.131,0,0,0,0,0, 192.168.1.111,172.217.11.42,0,0,0,0,0, 192.168.1.111,172.217.10.22,0,0,0,0,0, 192.168.1.111,104.237.191.1,0,0,0,0,0, 192.168.1.111,0.0.0.0,0,3,6,253,836,0,0,0,0,0,1526576845903,0.0,1639.261,0,0,0,0,0,0,0,0,0,0.0,0.0,-1
3.5000000000000018,0,0,0,0, 192.168.1.111,173.194.184.230,0,0,0,0,0, 192.168.1.111,173.194.191.8,0,0,0,0,0, 192.168.1.111,172.217.11.3,0,0,0,0,0, 192.168.1.111,172.217.10.118,0,0,0,0,0, 192.168.1.111,172.217.3.110,0,0,0,0,0, 192.168.1.111,172.217.6.238,0,0,0,0,0, 192.168.1.111,172.217.12.142,0,0,0,0,0, 192.168.1.111,23.208.103.148,0,0,0,0,0, 192.168.1.111,172.217.9.226,0,0,0,0,0, 192.168.1.111,172.217.6.206,0,0,0,0,0, 192.168.1.111,216.58.211.131,0,0,0,0,0, 192.168.1.111,173.194.191.6,0,0,0,0,0, 192.168.1.111,173.194.166.39,0,0,0,0,0, 192.168.1.111,172.217.135.39,0,0,0,0,0, 192.168.1.111,172.217.11.14,0,0,0,0,0, 192.168.1.111,172.217.11.1,0,0,0,0,0, 192.168.1.111,74.125.155.233,0,0,0,0,0, 192.168.1.111,173.194.7.55,0,0,0,0,0, 192.168.1.111,172.217.11.6,0,0,0,0,0, 192.168.1.111,172.217.11.2,0,0,0,0,0, 192.168.1.111,172.217.11.13,0,0,0,0,0, 192.168.1.111,216.58.212.131,0,0,0,0,0, 192.168.1.111,172.217.11.42,0,0,0,0,0, 192.168.1.111,172.217.10.22,0,0,0,0,0, 192.168.1.111,104.237.191.1,0,0,0,0,0, 192.168.1.111,0.0.0.0,0,0,0,0,0,0,0,0,0,0,1526576845903,0.0,1639.261,0,0,0,0,0,0,0,0,0,0.0,0.0,-1
3.600000000000002,3,0,1187,0, 192.168.1.111,173.194.184.230,0,0,0,0,0, 192.168.1.111,173.194.191.8,0,0,0,0,0, 192.168.1.111,172.217.11.3,0,0,0,0,0, 192.168.1.111,172.217.10.118,0,0,0,0,0, 192.168.1.111,172.217.3.110,QUIC,3,0,1187,0, 192.168.1.111,172.217.6.238,0,0,0,0,0, 192.168.1.111,172.217.12.142,0,0,0,0,0, 192.168.1.111,23.208.103.148,0,0,0,0,0, 192.168.1.111,172.217.9.226,0,0,0,0,0, 192.168.1.111,172.217.6.206,0,0,0,0,0, 192.168.1.111,216.58.211.131,0,0,0,0,0, 192.168.1.111,173.194.191.6,0,0,0,0,0, 192.168.1.111,173.194.166.39,0,0,0,0,0, 192.168.1.111,172.217.135.39,0,0,0,0,0, 192.168.1.111,172.217.11.14,0,0,0,0,0, 192.168.1.111,172.217.11.1,0,0,0,0,0, 192.168.1.111,74.125.155.233,0,0,0,0,0, 192.168.1.111,173.194.7.55,0,0,0,0,0, 192.168.1.111,172.217.11.6,0,0,0,0,0, 192.168.1.111,172.217.11.2,0,0,0,0,0, 192.168.1.111,172.217.11.13,0,0,0,0,0, 192.168.1.111,216.58.212.131,0,0,0,0,0, 192.168.1.111,172.217.11.42,0,0,0,0,0, 192.168.1.111,172.217.10.22,0,0,0,0,0, 192.168.1.111,104.237.191.1,0,0,0,0,0, 192.168.1.111,0.0.0.0,0,0,0,0,0,0,0,0,0,0,1526576845903,0.0,1639.261,0,0,0,0,0,0,0,0,0,0.0,0.0,-1
3.700000000000002,3,2,1091,1485, 192.168.1.111,173.194.184.230,0,0,0,0,0, 192.168.1.111,173.194.191.8,0,0,0,0,0, 192.168.1.111,172.217.11.3,172.217.11.3,1,1,70,1392, 192.168.1.111,172.217.10.118,0,0,0,0,0, 192.168.1.111,172.217.3.110,QUIC,2,1,1021,93, 192.168.1.111,172.217.6.238,0,0,0,0,0, 192.168.1.111,172.217.12.142,0,0,0,0,0, 192.168.1.111,23.208.103.148,0,0,0,0,0, 192.168.1.111,172.217.9.226,0,0,0,0,0, 192.168.1.111,172.217.6.206,0,0,0,0,0, 192.168.1.111,216.58.211.131,0,0,0,0,0, 192.168.1.111,173.194.191.6,0,0,0,0,0, 192.168.1.111,173.194.166.39,0,0,0,0,0, 192.168.1.111,172.217.135.39,0,0,0,0,0, 192.168.1.111,172.217.11.14,0,0,0,0,0, 192.168.1.111,172.217.11.1,0,0,0,0,0, 192.168.1.111,74.125.155.233,0,0,0,0,0, 192.168.1.111,173.194.7.55,0,0,0,0,0, 192.168.1.111,172.217.11.6,0,0,0,0,0, 192.168.1.111,172.217.11.2,0,0,0,0,0, 192.168.1.111,172.217.11.13,0,0,0,0,0, 192.168.1.111,216.58.212.131,0,0,0,0,0, 192.168.1.111,172.217.11.42,0,0,0,0,0, 192.168.1.111,172.217.10.22,0,0,0,0,0, 192.168.1.111,104.237.191.1,0,0,0,0,0, 192.168.1.111,0.0.0.0,0,0,0,0,0,0,0,0,0,0,1526576845903,0.0,1639.261,0,0,0,0,0,0,0,0,0,0.0,0.0,-1
3.800000000000002,1,4,426,404, 192.168.1.111,173.194.184.230,0,0,0,0,0, 192.168.1.111,173.194.191.8,0,0,0,0,0, 192.168.1.111,172.217.11.3,0,0,0,0,0, 192.168.1.111,172.217.10.118,0,0,0,0,0, 192.168.1.111,172.217.3.110,QUIC,1,4,426,404, 192.168.1.111,172.217.6.238,0,0,0,0,0, 192.168.1.111,172.217.12.142,0,0,0,0,0, 192.168.1.111,23.208.103.148,0,0,0,0,0, 192.168.1.111,172.217.9.226,0,0,0,0,0, 192.168.1.111,172.217.6.206,0,0,0,0,0, 192.168.1.111,216.58.211.131,0,0,0,0,0, 192.168.1.111,173.194.191.6,0,0,0,0,0, 192.168.1.111,173.194.166.39,0,0,0,0,0, 192.168.1.111,172.217.135.39,0,0,0,0,0, 192.168.1.111,172.217.11.14,0,0,0,0,0, 192.168.1.111,172.217.11.1,0,0,0,0,0, 192.168.1.111,74.125.155.233,0,0,0,0,0, 192.168.1.111,173.194.7.55,0,0,0,0,0, 192.168.1.111,172.217.11.6,0,0,0,0,0, 192.168.1.111,172.217.11.2,0,0,0,0,0, 192.168.1.111,172.217.11.13,0,0,0,0,0, 192.168.1.111,216.58.212.131,0,0,0,0,0, 192.168.1.111,172.217.11.42,0,0,0,0,0, 192.168.1.111,172.217.10.22,0,0,0,0,0, 192.168.1.111,104.237.191.1,0,0,0,0,0, 192.168.1.111,0.0.0.0,0,0,0,0,0,0,0,0,0,0,1526576845903,0.0,1639.261,0,0,0,0,0,0,0,0,0,0.0,0.0,-1
3.900000000000002,1,0,89,0, 192.168.1.111,173.194.184.230,0,0,0,0,0, 192.168.1.111,173.194.191.8,0,0,0,0,0, 192.168.1.111,172.217.11.3,0,0,0,0,0, 192.168.1.111,172.217.10.118,0,0,0,0,0, 192.168.1.111,172.217.3.110,QUIC,1,0,89,0, 192.168.1.111,172.217.6.238,0,0,0,0,0, 192.168.1.111,172.217.12.142,0,0,0,0,0, 192.168.1.111,23.208.103.148,0,0,0,0,0, 192.168.1.111,172.217.9.226,0,0,0,0,0, 192.168.1.111,172.217.6.206,0,0,0,0,0, 192.168.1.111,216.58.211.131,0,0,0,0,0, 192.168.1.111,173.194.191.6,0,0,0,0,0, 192.168.1.111,173.194.166.39,0,0,0,0,0, 192.168.1.111,172.217.135.39,0,0,0,0,0, 192.168.1.111,172.217.11.14,0,0,0,0,0, 192.168.1.111,172.217.11.1,0,0,0,0,0, 192.168.1.111,74.125.155.233,0,0,0,0,0, 192.168.1.111,173.194.7.55,0,0,0,0,0, 192.168.1.111,172.217.11.6,0,0,0,0,0, 192.168.1.111,172.217.11.2,0,0,0,0,0, 192.168.1.111,172.217.11.13,0,0,0,0,0, 192.168.1.111,216.58.212.131,0,0,0,0,0, 192.168.1.111,172.217.11.42,0,0,0,0,0, 192.168.1.111,172.217.10.22,0,0,0,0,0, 192.168.1.111,104.237.191.1,0,0,0,0,0, 192.168.1.111,0.0.0.0,0,0,0,0,0,0,0,0,0,0,1526576845903,0.0,1639.261,0,0,0,0,0,0,0,0,0,0.0,0.0,-1
4.000000000000002,0,0,0,0, 192.168.1.111,173.194.184.230,0,0,0,0,0, 192.168.1.111,173.194.191.8,0,0,0,0,0, 192.168.1.111,172.217.11.3,0,0,0,0,0, 192.168.1.111,172.217.10.118,0,0,0,0,0, 192.168.1.111,172.217.3.110,0,0,0,0,0, 192.168.1.111,172.217.6.238,0,0,0,0,0, 192.168.1.111,172.217.12.142,0,0,0,0,0, 192.168.1.111,23.208.103.148,0,0,0,0,0, 192.168.1.111,172.217.9.226,0,0,0,0,0, 192.168.1.111,172.217.6.206,0,0,0,0,0, 192.168.1.111,216.58.211.131,0,0,0,0,0, 192.168.1.111,173.194.191.6,0,0,0,0,0, 192.168.1.111,173.194.166.39,0,0,0,0,0, 192.168.1.111,172.217.135.39,0,0,0,0,0, 192.168.1.111,172.217.11.14,0,0,0,0,0, 192.168.1.111,172.217.11.1,0,0,0,0,0, 192.168.1.111,74.125.155.233,0,0,0,0,0, 192.168.1.111,173.194.7.55,0,0,0,0,0, 192.168.1.111,172.217.11.6,0,0,0,0,0, 192.168.1.111,172.217.11.2,0,0,0,0,0, 192.168.1.111,172.217.11.13,0,0,0,0,0, 192.168.1.111,216.58.212.131,0,0,0,0,0, 192.168.1.111,172.217.11.42,0,0,0,0,0, 192.168.1.111,172.217.10.22,0,0,0,0,0, 192.168.1.111,104.237.191.1,0,0,0,0,0, 192.168.1.111,0.0.0.0,0,0,0,0,0,0,0,0,0,0,1526576845903,0.0,1639.261,0,0,0,0,0,0,0,0,0,0.0,0.0,-1
7.599999999999989,3,11,255,13995, 192.168.1.111,173.194.184.230,QUIC,3,10,255,13920, 192.168.1.111,173.194.191.8,0,0,0,0,0, 192.168.1.111,172.217.11.3,0,0,0,0,0, 192.168.1.111,172.217.10.118,0,0,0,0,0, 192.168.1.111,172.217.3.110,QUIC,0,1,0,75, 192.168.1.111,172.217.6.238,0,0,0,0,0, 192.168.1.111,172.217.12.142,0,0,0,0,0, 192.168.1.111,23.208.103.148,0,0,0,0,0, 192.168.1.111,172.217.9.226,0,0,0,0,0, 192.168.1.111,172.217.6.206,0,0,0,0,0, 192.168.1.111,216.58.211.131,0,0,0,0,0, 192.168.1.111,173.194.191.6,0,0,0,0,0, 192.168.1.111,173.194.166.39,0,0,0,0,0, 192.168.1.111,172.217.135.39,0,0,0,0,0, 192.168.1.111,172.217.11.14,0,0,0,0,0, 192.168.1.111,172.217.11.1,0,0,0,0,0, 192.168.1.111,74.125.155.233,0,0,0,0,0, 192.168.1.111,173.194.7.55,0,0,0,0,0, 192.168.1.111,172.217.11.6,0,0,0,0,0, 192.168.1.111,172.217.11.2,0,0,0,0,0, 192.168.1.111,172.217.11.13,0,0,0,0,0, 192.168.1.111,216.58.212.131,0,0,0,0,0, 192.168.1.111,172.217.11.42,0,0,0,0,0, 192.168.1.111,172.217.10.22,0,0,0,0,0, 192.168.1.111,104.237.191.1,0,0,0,0,0, 192.168.1.111,0.0.0.0,0,0,0,0,0,0,0,1,0,1526576851318,1526576845903,0.0502201888275146,1639.261,0,0,0,1,0,0,0,0,0,5.555779811172485,0.0034198336933532,true
1799.4999999994589,0,0,0,0, 192.168.1.111,173.194.184.230,0,0,0,0,0, 192.168.1.111,173.194.191.8,0,0,0,0,0, 192.168.1.111,172.217.11.3,0,0,0,0,0, 192.168.1.111,172.217.10.118,0,0,0,0,0, 192.168.1.111,172.217.3.110,0,0,0,0,0, 192.168.1.111,172.217.6.238,0,0,0,0,0, 192.168.1.111,172.217.12.142,0,0,0,0,0, 192.168.1.111,23.208.103.148,0,0,0,0,0, 192.168.1.111,172.217.9.226,0,0,0,0,0, 192.168.1.111,172.217.6.206,0,0,0,0,0, 192.168.1.111,216.58.211.131,0,0,0,0,0, 192.168.1.111,173.194.191.6,0,0,0,0,0, 192.168.1.111,173.194.166.39,0,0,0,0,0, 192.168.1.111,172.217.135.39,0,0,0,0,0, 192.168.1.111,172.217.11.14,0,0,0,0,0, 192.168.1.111,172.217.11.1,0,0,0,0,0, 192.168.1.111,74.125.155.233,0,0,0,0,0, 192.168.1.111,173.194.7.55,0,0,0,0,0, 192.168.1.111,172.217.11.6,0,0,0,0,0, 192.168.1.111,172.217.11.2,0,0,0,0,0, 192.168.1.111,172.217.11.13,0,0,0,0,0, 192.168.1.111,216.58.212.131,0,0,0,0,0, 192.168.1.111,172.217.11.42,0,0,0,0,0, 192.168.1.111,172.217.10.22,0,0,0,0,0, 192.168.1.111,104.237.191.1,0,0,0,0,0, 192.168.1.111,0.0.0.0,0,0,0,0,0,0,0,0,0,0,1526576845903,0.0,1639.261,0,0,0,0,0,0,0,0,0,0.0,0.0,-1
1799.5999999994588,0,0,0,0, 192.168.1.111,173.194.184.230,0,0,0,0,0, 192.168.1.111,173.194.191.8,0,0,0,0,0, 192.168.1.111,172.217.11.3,0,0,0,0,0, 192.168.1.111,172.217.10.118,0,0,0,0,0, 192.168.1.111,172.217.3.110,0,0,0,0,0, 192.168.1.111,172.217.6.238,0,0,0,0,0, 192.168.1.111,172.217.12.142,0,0,0,0,0, 192.168.1.111,23.208.103.148,0,0,0,0,0, 192.168.1.111,172.217.9.226,0,0,0,0,0, 192.168.1.111,172.217.6.206,0,0,0,0,0, 192.168.1.111,216.58.211.131,0,0,0,0,0, 192.168.1.111,173.194.191.6,0,0,0,0,0, 192.168.1.111,173.194.166.39,0,0,0,0,0, 192.168.1.111,172.217.135.39,0,0,0,0,0, 192.168.1.111,172.217.11.14,0,0,0,0,0, 192.168.1.111,172.217.11.1,0,0,0,0,0, 192.168.1.111,74.125.155.233,0,0,0,0,0, 192.168.1.111,173.194.7.55,0,0,0,0,0, 192.168.1.111,172.217.11.6,0,0,0,0,0, 192.168.1.111,172.217.11.2,0,0,0,0,0, 192.168.1.111,172.217.11.13,0,0,0,0,0, 192.168.1.111,216.58.212.131,0,0,0,0,0, 192.168.1.111,172.217.11.42,0,0,0,0,0, 192.168.1.111,172.217.10.22,0,0,0,0,0, 192.168.1.111,104.237.191.1,0,0,0,0,0, 192.168.1.111,0.0.0.0,0,0,0,0,0,0,0,0,0,0,1526576845903,0.0,1639.261,0,0,0,0,0,0,0,0,0,0.0,0.0,-1
1799.699999999459,0,0,0,0, 192.168.1.111,173.194.184.230,0,0,0,0,0, 192.168.1.111,173.194.191.8,0,0,0,0,0, 192.168.1.111,172.217.11.3,0,0,0,0,0, 192.168.1.111,172.217.10.118,0,0,0,0,0, 192.168.1.111,172.217.3.110,0,0,0,0,0, 192.168.1.111,172.217.6.238,0,0,0,0,0, 192.168.1.111,172.217.12.142,0,0,0,0,0, 192.168.1.111,23.208.103.148,0,0,0,0,0, 192.168.1.111,172.217.9.226,0,0,0,0,0, 192.168.1.111,172.217.6.206,0,0,0,0,0, 192.168.1.111,216.58.211.131,0,0,0,0,0, 192.168.1.111,173.194.191.6,0,0,0,0,0, 192.168.1.111,173.194.166.39,0,0,0,0,0, 192.168.1.111,172.217.135.39,0,0,0,0,0, 192.168.1.111,172.217.11.14,0,0,0,0,0, 192.168.1.111,172.217.11.1,0,0,0,0,0, 192.168.1.111,74.125.155.233,0,0,0,0,0, 192.168.1.111,173.194.7.55,0,0,0,0,0, 192.168.1.111,172.217.11.6,0,0,0,0,0, 192.168.1.111,172.217.11.2,0,0,0,0,0, 192.168.1.111,172.217.11.13,0,0,0,0,0, 192.168.1.111,216.58.212.131,0,0,0,0,0, 192.168.1.111,172.217.11.42,0,0,0,0,0, 192.168.1.111,172.217.10.22,0,0,0,0,0, 192.168.1.111,104.237.191.1,0,0,0,0,0, 192.168.1.111,0.0.0.0,0,0,0,0,0,0,0,0,0,0,1526576845903,0.0,1639.261,0,0,0,0,0,0,0,0,0,0.0,0.0,-1
1799.7999999994586,0,0,0,0, 192.168.1.111,173.194.184.230,0,0,0,0,0, 192.168.1.111,173.194.191.8,0,0,0,0,0, 192.168.1.111,172.217.11.3,0,0,0,0,0, 192.168.1.111,172.217.10.118,0,0,0,0,0, 192.168.1.111,172.217.3.110,0,0,0,0,0, 192.168.1.111,172.217.6.238,0,0,0,0,0, 192.168.1.111,172.217.12.142,0,0,0,0,0, 192.168.1.111,23.208.103.148,0,0,0,0,0, 192.168.1.111,172.217.9.226,0,0,0,0,0, 192.168.1.111,172.217.6.206,0,0,0,0,0, 192.168.1.111,216.58.211.131,0,0,0,0,0, 192.168.1.111,173.194.191.6,0,0,0,0,0, 192.168.1.111,173.194.166.39,0,0,0,0,0, 192.168.1.111,172.217.135.39,0,0,0,0,0, 192.168.1.111,172.217.11.14,0,0,0,0,0, 192.168.1.111,172.217.11.1,0,0,0,0,0, 192.168.1.111,74.125.155.233,0,0,0,0,0, 192.168.1.111,173.194.7.55,0,0,0,0,0, 192.168.1.111,172.217.11.6,0,0,0,0,0, 192.168.1.111,172.217.11.2,0,0,0,0,0, 192.168.1.111,172.217.11.13,0,0,0,0,0, 192.168.1.111,216.58.212.131,0,0,0,0,0, 192.168.1.111,172.217.11.42,0,0,0,0,0, 192.168.1.111,172.217.10.22,0,0,0,0,0, 192.168.1.111,104.237.191.1,0,0,0,0,0, 192.168.1.111,0.0.0.0,0,0,0,0,0,0,0,0,0,0,1526576845903,0.0,1639.261,0,0,0,0,0,0,0,0,0,0.0,0.0,-1
1799.8999999994585,0,0,0,0, 192.168.1.111,173.194.184.230,0,0,0,0,0, 192.168.1.111,173.194.191.8,0,0,0,0,0, 192.168.1.111,172.217.11.3,0,0,0,0,0, 192.168.1.111,172.217.10.118,0,0,0,0,0, 192.168.1.111,172.217.3.110,0,0,0,0,0, 192.168.1.111,172.217.6.238,0,0,0,0,0, 192.168.1.111,172.217.12.142,0,0,0,0,0, 192.168.1.111,23.208.103.148,0,0,0,0,0, 192.168.1.111,172.217.9.226,0,0,0,0,0, 192.168.1.111,172.217.6.206,0,0,0,0,0, 192.168.1.111,216.58.211.131,0,0,0,0,0, 192.168.1.111,173.194.191.6,0,0,0,0,0, 192.168.1.111,173.194.166.39,0,0,0,0,0, 192.168.1.111,172.217.135.39,0,0,0,0,0, 192.168.1.111,172.217.11.14,0,0,0,0,0, 192.168.1.111,172.217.11.1,0,0,0,0,0, 192.168.1.111,74.125.155.233,0,0,0,0,0, 192.168.1.111,173.194.7.55,0,0,0,0,0, 192.168.1.111,172.217.11.6,0,0,0,0,0, 192.168.1.111,172.217.11.2,0,0,0,0,0, 192.168.1.111,172.217.11.13,0,0,0,0,0, 192.168.1.111,216.58.212.131,0,0,0,0,0, 192.168.1.111,172.217.11.42,0,0,0,0,0, 192.168.1.111,172.217.10.22,0,0,0,0,0, 192.168.1.111,104.237.191.1,0,0,0,0,0, 192.168.1.111,0.0.0.0,0,0,0,0,0,0,0,0,0,0,1526576845903,0.0,1639.261,0,0,0,0,0,0,0,0,0,0.0,0.0,-1
1799.9999999994584,0,0,0,0, 192.168.1.111,173.194.184.230,0,0,0,0,0, 192.168.1.111,173.194.191.8,0,0,0,0,0, 192.168.1.111,172.217.11.3,0,0,0,0,0, 192.168.1.111,172.217.10.118,0,0,0,0,0, 192.168.1.111,172.217.3.110,0,0,0,0,0, 192.168.1.111,172.217.6.238,0,0,0,0,0, 192.168.1.111,172.217.12.142,0,0,0,0,0, 192.168.1.111,23.208.103.148,0,0,0,0,0, 192.168.1.111,172.217.9.226,0,0,0,0,0, 192.168.1.111,172.217.6.206,0,0,0,0,0, 192.168.1.111,216.58.211.131,0,0,0,0,0, 192.168.1.111,173.194.191.6,0,0,0,0,0, 192.168.1.111,173.194.166.39,0,0,0,0,0, 192.168.1.111,172.217.135.39,0,0,0,0,0, 192.168.1.111,172.217.11.14,0,0,0,0,0, 192.168.1.111,172.217.11.1,0,0,0,0,0, 192.168.1.111,74.125.155.233,0,0,0,0,0, 192.168.1.111,173.194.7.55,0,0,0,0,0, 192.168.1.111,172.217.11.6,0,0,0,0,0, 192.168.1.111,172.217.11.2,0,0,0,0,0, 192.168.1.111,172.217.11.13,0,0,0,0,0, 192.168.1.111,216.58.212.131,0,0,0,0,0, 192.168.1.111,172.217.11.42,0,0,0,0,0, 192.168.1.111,172.217.10.22,0,0,0,0,0, 192.168.1.111,104.237.191.1,0,0,0,0,0, 192.168.1.111,0.0.0.0,0,0,0,0,0,0,0,0,0,0,1526576845903,0.0,1639.261,0,0,0,0,0,0,0,0,0,0.0,0.0,-1
1800.0999999994583,0,0,0,0, 192.168.1.111,173.194.184.230,0,0,0,0,0, 192.168.1.111,173.194.191.8,0,0,0,0,0, 192.168.1.111,172.217.11.3,0,0,0,0,0, 192.168.1.111,172.217.10.118,0,0,0,0,0, 192.168.1.111,172.217.3.110,0,0,0,0,0, 192.168.1.111,172.217.6.238,0,0,0,0,0, 192.168.1.111,172.217.12.142,0,0,0,0,0, 192.168.1.111,23.208.103.148,0,0,0,0,0, 192.168.1.111,172.217.9.226,0,0,0,0,0, 192.168.1.111,172.217.6.206,0,0,0,0,0, 192.168.1.111,216.58.211.131,0,0,0,0,0, 192.168.1.111,173.194.191.6,0,0,0,0,0, 192.168.1.111,173.194.166.39,0,0,0,0,0, 192.168.1.111,172.217.135.39,0,0,0,0,0, 192.168.1.111,172.217.11.14,0,0,0,0,0, 192.168.1.111,172.217.11.1,0,0,0,0,0, 192.168.1.111,74.125.155.233,0,0,0,0,0, 192.168.1.111,173.194.7.55,0,0,0,0,0, 192.168.1.111,172.217.11.6,0,0,0,0,0, 192.168.1.111,172.217.11.2,0,0,0,0,0, 192.168.1.111,172.217.11.13,0,0,0,0,0, 192.168.1.111,216.58.212.131,0,0,0,0,0, 192.168.1.111,172.217.11.42,0,0,0,0,0, 192.168.1.111,172.217.10.22,0,0,0,0,0, 192.168.1.111,104.237.191.1,0,0,0,0,0, 192.168.1.111,0.0.0.0,0,0,0,0,0,0,0,0,0,0,1526576845903,0.0,1639.261,0,0,0,0,0,0,0,0,0,0.0,0.0,-1
1800.1999999994582,0,0,0,0, 192.168.1.111,173.194.184.230,0,0,0,0,0, 192.168.1.111,173.194.191.8,0,0,0,0,0, 192.168.1.111,172.217.11.3,0,0,0,0,0, 192.168.1.111,172.217.10.118,0,0,0,0,0, 192.168.1.111,172.217.3.110,0,0,0,0,0, 192.168.1.111,172.217.6.238,0,0,0,0,0, 192.168.1.111,172.217.12.142,0,0,0,0,0, 192.168.1.111,23.208.103.148,0,0,0,0,0, 192.168.1.111,172.217.9.226,0,0,0,0,0, 192.168.1.111,172.217.6.206,0,0,0,0,0, 192.168.1.111,216.58.211.131,0,0,0,0,0, 192.168.1.111,173.194.191.6,0,0,0,0,0, 192.168.1.111,173.194.166.39,0,0,0,0,0, 192.168.1.111,172.217.135.39,0,0,0,0,0, 192.168.1.111,172.217.11.14,0,0,0,0,0, 192.168.1.111,172.217.11.1,0,0,0,0,0, 192.168.1.111,74.125.155.233,0,0,0,0,0, 192.168.1.111,173.194.7.55,0,0,0,0,0, 192.168.1.111,172.217.11.6,0,0,0,0,0, 192.168.1.111,172.217.11.2,0,0,0,0,0, 192.168.1.111,172.217.11.13,0,0,0,0,0, 192.168.1.111,216.58.212.131,0,0,0,0,0, 192.168.1.111,172.217.11.42,0,0,0,0,0, 192.168.1.111,172.217.10.22,0,0,0,0,0, 192.168.1.111,104.237.191.1,0,0,0,0,0, 192.168.1.111,0.0.0.0,0,0,0,0,0,0,0,0,0,0,1526576845903,0.0,1639.261,0,0,0,0,0,0,0,0,0,0.0,0.0,-1
1800.299999999458,0,0,0,0, 192.168.1.111,173.194.184.230,0,0,0,0,0, 192.168.1.111,173.194.191.8,0,0,0,0,0, 192.168.1.111,172.217.11.3,0,0,0,0,0, 192.168.1.111,172.217.10.118,0,0,0,0,0, 192.168.1.111,172.217.3.110,0,0,0,0,0, 192.168.1.111,172.217.6.238,0,0,0,0,0, 192.168.1.111,172.217.12.142,0,0,0,0,0, 192.168.1.111,23.208.103.148,0,0,0,0,0, 192.168.1.111,172.217.9.226,0,0,0,0,0, 192.168.1.111,172.217.6.206,0,0,0,0,0, 192.168.1.111,216.58.211.131,0,0,0,0,0, 192.168.1.111,173.194.191.6,0,0,0,0,0, 192.168.1.111,173.194.166.39,0,0,0,0,0, 192.168.1.111,172.217.135.39,0,0,0,0,0, 192.168.1.111,172.217.11.14,0,0,0,0,0, 192.168.1.111,172.217.11.1,0,0,0,0,0, 192.168.1.111,74.125.155.233,0,0,0,0,0, 192.168.1.111,173.194.7.55,0,0,0,0,0, 192.168.1.111,172.217.11.6,0,0,0,0,0, 192.168.1.111,172.217.11.2,0,0,0,0,0, 192.168.1.111,172.217.11.13,0,0,0,0,0, 192.168.1.111,216.58.212.131,0,0,0,0,0, 192.168.1.111,172.217.11.42,0,0,0,0,0, 192.168.1.111,172.217.10.22,0,0,0,0,0, 192.168.1.111,104.237.191.1,0,0,0,0,0, 192.168.1.111,0.0.0.0,0,0,0,0,0,0,0,0,0,0,1526576845903,0.0,1639.261,0,0,0,0,0,0,0,0,0,0.0,0.0,-1
1800.399999999458,0,0,0,0, 192.168.1.111,173.194.184.230,0,0,0,0,0, 192.168.1.111,173.194.191.8,0,0,0,0,0, 192.168.1.111,172.217.11.3,0,0,0,0,0, 192.168.1.111,172.217.10.118,0,0,0,0,0, 192.168.1.111,172.217.3.110,0,0,0,0,0, 192.168.1.111,172.217.6.238,0,0,0,0,0, 192.168.1.111,172.217.12.142,0,0,0,0,0, 192.168.1.111,23.208.103.148,0,0,0,0,0, 192.168.1.111,172.217.9.226,0,0,0,0,0, 192.168.1.111,172.217.6.206,0,0,0,0,0, 192.168.1.111,216.58.211.131,0,0,0,0,0, 192.168.1.111,173.194.191.6,0,0,0,0,0, 192.168.1.111,173.194.166.39,0,0,0,0,0, 192.168.1.111,172.217.135.39,0,0,0,0,0, 192.168.1.111,172.217.11.14,0,0,0,0,0, 192.168.1.111,172.217.11.1,0,0,0,0,0, 192.168.1.111,74.125.155.233,0,0,0,0,0, 192.168.1.111,173.194.7.55,0,0,0,0,0, 192.168.1.111,172.217.11.6,0,0,0,0,0, 192.168.1.111,172.217.11.2,0,0,0,0,0, 192.168.1.111,172.217.11.13,0,0,0,0,0, 192.168.1.111,216.58.212.131,0,0,0,0,0, 192.168.1.111,172.217.11.42,0,0,0,0,0, 192.168.1.111,172.217.10.22,0,0,0,0,0, 192.168.1.111,104.237.191.1,0,0,0,0,0, 192.168.1.111,0.0.0.0,0,0,0,0,0,0,0,0,0,0,1526576845903,0.0,1639.261,0,0,0,0,0,0,0,0,0,0.0,0.0,-1
1800.499999999458,0,0,0,0, 192.168.1.111,173.194.184.230,0,0,0,0,0, 192.168.1.111,173.194.191.8,0,0,0,0,0, 192.168.1.111,172.217.11.3,0,0,0,0,0, 192.168.1.111,172.217.10.118,0,0,0,0,0, 192.168.1.111,172.217.3.110,0,0,0,0,0, 192.168.1.111,172.217.6.238,0,0,0,0,0, 192.168.1.111,172.217.12.142,0,0,0,0,0, 192.168.1.111,23.208.103.148,0,0,0,0,0, 192.168.1.111,172.217.9.226,0,0,0,0,0, 192.168.1.111,172.217.6.206,0,0,0,0,0, 192.168.1.111,216.58.211.131,0,0,0,0,0, 192.168.1.111,173.194.191.6,0,0,0,0,0, 192.168.1.111,173.194.166.39,0,0,0,0,0, 192.168.1.111,172.217.135.39,0,0,0,0,0, 192.168.1.111,172.217.11.14,0,0,0,0,0, 192.168.1.111,172.217.11.1,0,0,0,0,0, 192.168.1.111,74.125.155.233,0,0,0,0,0, 192.168.1.111,173.194.7.55,0,0,0,0,0, 192.168.1.111,172.217.11.6,0,0,0,0,0, 192.168.1.111,172.217.11.2,0,0,0,0,0, 192.168.1.111,172.217.11.13,0,0,0,0,0, 192.168.1.111,216.58.212.131,0,0,0,0,0, 192.168.1.111,172.217.11.42,0,0,0,0,0, 192.168.1.111,172.217.10.22,0,0,0,0,0, 192.168.1.111,104.237.191.1,0,0,0,0,0, 192.168.1.111,0.0.0.0,0,0,0,0,0,0,0,0,0,0,1526576845903,0.0,1639.261,0,0,0,0,0,0,0,0,0,0.0,0.0,-1
1800.599999999458,0,0,0,0, 192.168.1.111,173.194.184.230,0,0,0,0,0, 192.168.1.111,173.194.191.8,0,0,0,0,0, 192.168.1.111,172.217.11.3,0,0,0,0,0, 192.168.1.111,172.217.10.118,0,0,0,0,0, 192.168.1.111,172.217.3.110,0,0,0,0,0, 192.168.1.111,172.217.6.238,0,0,0,0,0, 192.168.1.111,172.217.12.142,0,0,0,0,0, 192.168.1.111,23.208.103.148,0,0,0,0,0, 192.168.1.111,172.217.9.226,0,0,0,0,0, 192.168.1.111,172.217.6.206,0,0,0,0,0, 192.168.1.111,216.58.211.131,0,0,0,0,0, 192.168.1.111,173.194.191.6,0,0,0,0,0, 192.168.1.111,173.194.166.39,0,0,0,0,0, 192.168.1.111,172.217.135.39,0,0,0,0,0, 192.168.1.111,172.217.11.14,0,0,0,0,0, 192.168.1.111,172.217.11.1,0,0,0,0,0, 192.168.1.111,74.125.155.233,0,0,0,0,0, 192.168.1.111,173.194.7.55,0,0,0,0,0, 192.168.1.111,172.217.11.6,0,0,0,0,0, 192.168.1.111,172.217.11.2,0,0,0,0,0, 192.168.1.111,172.217.11.13,0,0,0,0,0, 192.168.1.111,216.58.212.131,0,0,0,0,0, 192.168.1.111,172.217.11.42,0,0,0,0,0, 192.168.1.111,172.217.10.22,0,0,0,0,0, 192.168.1.111,104.237.191.1,0,0,0,0,0, 192.168.1.111,0.0.0.0,0,0,0,0,0,0,0,0,0,0,1526576845903,0.0,1639.261,0,0,0,0,0,0,0,0,0,0.0,0.0,-1
1800.6999999994578,0,0,0,0, 192.168.1.111,173.194.184.230,0,0,0,0,0, 192.168.1.111,173.194.191.8,0,0,0,0,0, 192.168.1.111,172.217.11.3,0,0,0,0,0, 192.168.1.111,172.217.10.118,0,0,0,0,0, 192.168.1.111,172.217.3.110,0,0,0,0,0, 192.168.1.111,172.217.6.238,0,0,0,0,0, 192.168.1.111,172.217.12.142,0,0,0,0,0, 192.168.1.111,23.208.103.148,0,0,0,0,0, 192.168.1.111,172.217.9.226,0,0,0,0,0, 192.168.1.111,172.217.6.206,0,0,0,0,0, 192.168.1.111,216.58.211.131,0,0,0,0,0, 192.168.1.111,173.194.191.6,0,0,0,0,0, 192.168.1.111,173.194.166.39,0,0,0,0,0, 192.168.1.111,172.217.135.39,0,0,0,0,0, 192.168.1.111,172.217.11.14,0,0,0,0,0, 192.168.1.111,172.217.11.1,0,0,0,0,0, 192.168.1.111,74.125.155.233,0,0,0,0,0, 192.168.1.111,173.194.7.55,0,0,0,0,0, 192.168.1.111,172.217.11.6,0,0,0,0,0, 192.168.1.111,172.217.11.2,0,0,0,0,0, 192.168.1.111,172.217.11.13,0,0,0,0,0, 192.168.1.111,216.58.212.131,0,0,0,0,0, 192.168.1.111,172.217.11.42,0,0,0,0,0, 192.168.1.111,172.217.10.22,0,0,0,0,0, 192.168.1.111,104.237.191.1,0,0,0,0,0, 192.168.1.111,0.0.0.0,0,0,0,0,0,0,0,0,0,0,1526576845903,0.0,1639.261,0,0,0,0,0,0,0,0,0,0.0,0.0,-1
1800.7999999994577,0,0,0,0, 192.168.1.111,173.194.184.230,0,0,0,0,0, 192.168.1.111,173.194.191.8,0,0,0,0,0, 192.168.1.111,172.217.11.3,0,0,0,0,0, 192.168.1.111,172.217.10.118,0,0,0,0,0, 192.168.1.111,172.217.3.110,0,0,0,0,0, 192.168.1.111,172.217.6.238,0,0,0,0,0, 192.168.1.111,172.217.12.142,0,0,0,0,0, 192.168.1.111,23.208.103.148,0,0,0,0,0, 192.168.1.111,172.217.9.226,0,0,0,0,0, 192.168.1.111,172.217.6.206,0,0,0,0,0, 192.168.1.111,216.58.211.131,0,0,0,0,0, 192.168.1.111,173.194.191.6,0,0,0,0,0, 192.168.1.111,173.194.166.39,0,0,0,0,0, 192.168.1.111,172.217.135.39,0,0,0,0,0, 192.168.1.111,172.217.11.14,0,0,0,0,0, 192.168.1.111,172.217.11.1,0,0,0,0,0, 192.168.1.111,74.125.155.233,0,0,0,0,0, 192.168.1.111,173.194.7.55,0,0,0,0,0, 192.168.1.111,172.217.11.6,0,0,0,0,0, 192.168.1.111,172.217.11.2,0,0,0,0,0, 192.168.1.111,172.217.11.13,0,0,0,0,0, 192.168.1.111,216.58.212.131,0,0,0,0,0, 192.168.1.111,172.217.11.42,0,0,0,0,0, 192.168.1.111,172.217.10.22,0,0,0,0,0, 192.168.1.111,104.237.191.1,0,0,0,0,0, 192.168.1.111,0.0.0.0,0,0,0,0,0,0,0,0,0,0,1526576845903,0.0,1639.261,0,0,0,0,0,0,0,0,0,0.0,0.0,-1
1800.8999999994576,0,0,0,0, 192.168.1.111,173.194.184.230,0,0,0,0,0, 192.168.1.111,173.194.191.8,0,0,0,0,0, 192.168.1.111,172.217.11.3,0,0,0,0,0, 192.168.1.111,172.217.10.118,0,0,0,0,0, 192.168.1.111,172.217.3.110,0,0,0,0,0, 192.168.1.111,172.217.6.238,0,0,0,0,0, 192.168.1.111,172.217.12.142,0,0,0,0,0, 192.168.1.111,23.208.103.148,0,0,0,0,0, 192.168.1.111,172.217.9.226,0,0,0,0,0, 192.168.1.111,172.217.6.206,0,0,0,0,0, 192.168.1.111,216.58.211.131,0,0,0,0,0, 192.168.1.111,173.194.191.6,0,0,0,0,0, 192.168.1.111,173.194.166.39,0,0,0,0,0, 192.168.1.111,172.217.135.39,0,0,0,0,0, 192.168.1.111,172.217.11.14,0,0,0,0,0, 192.168.1.111,172.217.11.1,0,0,0,0,0, 192.168.1.111,74.125.155.233,0,0,0,0,0, 192.168.1.111,173.194.7.55,0,0,0,0,0, 192.168.1.111,172.217.11.6,0,0,0,0,0, 192.168.1.111,172.217.11.2,0,0,0,0,0, 192.168.1.111,172.217.11.13,0,0,0,0,0, 192.168.1.111,216.58.212.131,0,0,0,0,0, 192.168.1.111,172.217.11.42,0,0,0,0,0, 192.168.1.111,172.217.10.22,0,0,0,0,0, 192.168.1.111,104.237.191.1,0,0,0,0,0, 192.168.1.111,0.0.0.0,0,0,0,0,0,0,0,0,0,0,1526576845903,0.0,1639.261,0,0,0,0,0,0,0,0,0,0.0,0.0,-1
0.0,1,0,288,0, 192.168.1.111,74.125.159.74,0,0,0,0,0, 192.168.1.111,172.217.135.9,0,0,0,0,0, 192.168.1.111,172.217.11.3,0,0,0,0,0, 192.168.1.111,172.217.3.110,0,0,0,0,0, 192.168.1.111,172.217.12.174,0,0,0,0,0, 192.168.1.111,172.217.6.227,0,0,0,0,0, 192.168.1.111,172.217.10.14,0,0,0,0,0, 192.168.1.111,173.194.7.55,0,0,0,0,0, 192.168.1.111,172.217.13.228,TLSv1.2,1,0,288,0, 192.168.1.111,172.217.12.130,0,0,0,0,0, 192.168.1.111,172.217.135.39,0,0,0,0,0, 192.168.1.111,172.217.11.13,0,0,0,0,0, 192.168.1.111,172.217.9.238,0,0,0,0,0, 192.168.1.111,172.217.11.6,0,0,0,0,0, 192.168.1.111,172.217.11.1,0,0,0,0,0, 192.168.1.111,173.194.188.202,0,0,0,0,0, 192.168.1.111,216.58.207.227,0,0,0,0,0, 192.168.1.111,172.217.11.42,0,0,0,0,0, 192.168.1.111,216.58.212.227,0,0,0,0,0, 192.168.1.111,172.217.11.46,0,0,0,0,0, 192.168.1.111,172.217.11.10,0,0,0,0,0, 192.168.1.111,172.217.11.14,0,0,0,0,0, 192.168.1.111,172.217.11.19,0,0,0,0,0, 192.168.1.111,0,0,0,0,0,0, 192.168.1.111,0,0,0,0,0,0, 192.168.1.111,0.0.0.0,0,0,0,0,0,0,0,0,0,0,1526582419691,0.0,31732.921,0,0,0,0,0,0,0,0,0,0.0,0.0,-1
0.1,13,10,2262,2782, 192.168.1.111,74.125.159.74,0,0,0,0,0, 192.168.1.111,172.217.135.9,0,0,0,0,0, 192.168.1.111,172.217.11.3,0,0,0,0,0, 192.168.1.111,172.217.3.110,0,0,0,0,0, 192.168.1.111,172.217.12.174,TCP,4,3,708,796, 192.168.1.111,172.217.6.227,0,0,0,0,0, 192.168.1.111,172.217.10.14,0,0,0,0,0, 192.168.1.111,173.194.7.55,0,0,0,0,0, 192.168.1.111,172.217.13.228,TCP,1,1,66,590, 192.168.1.111,172.217.12.130,0,0,0,0,0, 192.168.1.111,172.217.135.39,0,0,0,0,0, 192.168.1.111,172.217.11.13,0,0,0,0,0, 192.168.1.111,172.217.9.238,0,0,0,0,0, 192.168.1.111,172.217.11.6,0,0,0,0,0, 192.168.1.111,172.217.11.1,0,0,0,0,0, 192.168.1.111,173.194.188.202,0,0,0,0,0, 192.168.1.111,216.58.207.227,0,0,0,0,0, 192.168.1.111,172.217.11.42,0,0,0,0,0, 192.168.1.111,216.58.212.227,0,0,0,0,0, 192.168.1.111,172.217.11.46,0,0,0,0,0, 192.168.1.111,172.217.11.10,TCP,4,3,780,600, 192.168.1.111,172.217.11.14,TCP,4,3,708,796, 192.168.1.111,172.217.11.19,0,0,0,0,0, 192.168.1.111,0,0,0,0,0,0, 192.168.1.111,0,0,0,0,0,0, 192.168.1.111,0.0.0.0,0,0,0,0,0,0,0,0,0,0,1526582419691,0.0,31732.921,0,0,0,0,0,0,0,0,0,0.0,0.0,-1
0.2,1,0,217,0, 192.168.1.111,74.125.159.74,0,0,0,0,0, 192.168.1.111,172.217.135.9,0,0,0,0,0, 192.168.1.111,172.217.11.3,0,0,0,0,0, 192.168.1.111,172.217.3.110,0,0,0,0,0, 192.168.1.111,172.217.12.174,0,0,0,0,0, 192.168.1.111,172.217.6.227,0,0,0,0,0, 192.168.1.111,172.217.10.14,0,0,0,0,0, 192.168.1.111,173.194.7.55,0,0,0,0,0, 192.168.1.111,172.217.13.228,0,0,0,0,0, 192.168.1.111,172.217.12.130,0,0,0,0,0, 192.168.1.111,172.217.135.39,0,0,0,0,0, 192.168.1.111,172.217.11.13,0,0,0,0,0, 192.168.1.111,172.217.9.238,0,0,0,0,0, 192.168.1.111,172.217.11.6,0,0,0,0,0, 192.168.1.111,172.217.11.1,0,0,0,0,0, 192.168.1.111,173.194.188.202,0,0,0,0,0, 192.168.1.111,216.58.207.227,0,0,0,0,0, 192.168.1.111,172.217.11.42,0,0,0,0,0, 192.168.1.111,216.58.212.227,0,0,0,0,0, 192.168.1.111,172.217.11.46,0,0,0,0,0, 192.168.1.111,172.217.11.10,0,0,0,0,0, 192.168.1.111,172.217.11.14,0,0,0,0,0, 192.168.1.111,172.217.11.19,0,0,0,0,0, 192.168.1.111,0,0,0,0,0,0, 192.168.1.111,0,0,0,0,0,0, 192.168.1.111,0.0.0.0,0,1,0,217,0,0,0,0,0,0,1526582419691,0.0,31732.921,0,0,0,0,0,0,0,0,0,0.0,0.0,-1
0.3,2,1,1471,95, 192.168.1.111,74.125.159.74,0,0,0,0,0, 192.168.1.111,172.217.135.9,0,0,0,0,0, 192.168.1.111,172.217.11.3,0,0,0,0,0, 192.168.1.111,172.217.3.110,0,0,0,0,0, 192.168.1.111,172.217.12.174,0,0,0,0,0, 192.168.1.111,172.217.6.227,0,0,0,0,0, 192.168.1.111,172.217.10.14,0,0,0,0,0, 192.168.1.111,173.194.7.55,0,0,0,0,0, 192.168.1.111,172.217.13.228,0,0,0,0,0, 192.168.1.111,172.217.12.130,0,0,0,0,0, 192.168.1.111,172.217.135.39,0,0,0,0,0, 192.168.1.111,172.217.11.13,QUIC,1,0,1392,0, 192.168.1.111,172.217.9.238,0,0,0,0,0, 192.168.1.111,172.217.11.6,0,0,0,0,0, 192.168.1.111,172.217.11.1,0,0,0,0,0, 192.168.1.111,173.194.188.202,0,0,0,0,0, 192.168.1.111,216.58.207.227,0,0,0,0,0, 192.168.1.111,172.217.11.42,0,0,0,0,0, 192.168.1.111,216.58.212.227,0,0,0,0,0, 192.168.1.111,172.217.11.46,0,0,0,0,0, 192.168.1.111,172.217.11.10,0,0,0,0,0, 192.168.1.111,172.217.11.14,0,0,0,0,0, 192.168.1.111,172.217.11.19,0,0,0,0,0, 192.168.1.111,0,0,0,0,0,0, 192.168.1.111,0,0,0,0,0,0, 192.168.1.111,0.0.0.0,0,1,1,79,95,0,0,0,0,0,1526582419691,0.0,31732.921,0,0,0,0,0,0,0,0,0,0.0,0.0,-1
0.4,17,11,10464,10357, 192.168.1.111,74.125.159.74,0,0,0,0,0, 192.168.1.111,172.217.135.9,0,0,0,0,0, 192.168.1.111,172.217.11.3,0,0,0,0,0, 192.168.1.111,172.217.3.110,0,0,0,0,0, 192.168.1.111,172.217.12.174,QUIC,4,2,3718,2784, 192.168.1.111,172.217.6.227,QUIC,1,0,1392,0, 192.168.1.111,172.217.10.14,0,0,0,0,0, 192.168.1.111,173.194.7.55,0,0,0,0,0, 192.168.1.111,172.217.13.228,0,0,0,0,0, 192.168.1.111,172.217.12.130,0,0,0,0,0, 192.168.1.111,172.217.135.39,0,0,0,0,0, 192.168.1.111,172.217.11.13,QUIC,12,9,5354,7573, 192.168.1.111,172.217.9.238,0,0,0,0,0, 192.168.1.111,172.217.11.6,0,0,0,0,0, 192.168.1.111,172.217.11.1,0,0,0,0,0, 192.168.1.111,173.194.188.202,0,0,0,0,0, 192.168.1.111,216.58.207.227,0,0,0,0,0, 192.168.1.111,172.217.11.42,0,0,0,0,0, 192.168.1.111,216.58.212.227,0,0,0,0,0, 192.168.1.111,172.217.11.46,0,0,0,0,0, 192.168.1.111,172.217.11.10,0,0,0,0,0, 192.168.1.111,172.217.11.14,0,0,0,0,0, 192.168.1.111,172.217.11.19,0,0,0,0,0, 192.168.1.111,0,0,0,0,0,0, 192.168.1.111,0,0,0,0,0,0, 192.168.1.111,0.0.0.0,0,0,0,0,0,0,0,0,0,0,1526582419691,0.0,31732.921,0,0,0,0,0,0,0,0,0,0.0,0.0,-1
0.5,14,17,5039,9121, 192.168.1.111,74.125.159.74,0,0,0,0,0, 192.168.1.111,172.217.135.9,0,0,0,0,0, 192.168.1.111,172.217.11.3,0,0,0,0,0, 192.168.1.111,172.217.3.110,0,0,0,0,0, 192.168.1.111,172.217.12.174,QUIC,3,4,1555,2789, 192.168.1.111,172.217.6.227,QUIC,5,5,3028,4332, 192.168.1.111,172.217.10.14,0,0,0,0,0, 192.168.1.111,173.194.7.55,0,0,0,0,0, 192.168.1.111,172.217.13.228,0,0,0,0,0, 192.168.1.111,172.217.12.130,0,0,0,0,0, 192.168.1.111,172.217.135.39,0,0,0,0,0, 192.168.1.111,172.217.11.13,QUIC,6,8,456,2000, 192.168.1.111,172.217.9.238,0,0,0,0,0, 192.168.1.111,172.217.11.6,0,0,0,0,0, 192.168.1.111,172.217.11.1,0,0,0,0,0, 192.168.1.111,173.194.188.202,0,0,0,0,0, 192.168.1.111,216.58.207.227,0,0,0,0,0, 192.168.1.111,172.217.11.42,0,0,0,0,0, 192.168.1.111,216.58.212.227,0,0,0,0,0, 192.168.1.111,172.217.11.46,0,0,0,0,0, 192.168.1.111,172.217.11.10,0,0,0,0,0, 192.168.1.111,172.217.11.14,0,0,0,0,0, 192.168.1.111,172.217.11.19,0,0,0,0,0, 192.168.1.111,0,0,0,0,0,0, 192.168.1.111,0,0,0,0,0,0, 192.168.1.111,0.0.0.0,0,0,0,0,0,0,0,0,0,0,1526582419691,0.0,31732.921,0,0,0,0,0,0,0,0,0,0.0,0.0,-1
0.6,1,0,80,0, 192.168.1.111,74.125.159.74,0,0,0,0,0, 192.168.1.111,172.217.135.9,0,0,0,0,0, 192.168.1.111,172.217.11.3,0,0,0,0,0, 192.168.1.111,172.217.3.110,0,0,0,0,0, 192.168.1.111,172.217.12.174,QUIC,1,0,80,0, 192.168.1.111,172.217.6.227,0,0,0,0,0, 192.168.1.111,172.217.10.14,0,0,0,0,0, 192.168.1.111,173.194.7.55,0,0,0,0,0, 192.168.1.111,172.217.13.228,0,0,0,0,0, 192.168.1.111,172.217.12.130,0,0,0,0,0, 192.168.1.111,172.217.135.39,0,0,0,0,0, 192.168.1.111,172.217.11.13,0,0,0,0,0, 192.168.1.111,172.217.9.238,0,0,0,0,0, 192.168.1.111,172.217.11.6,0,0,0,0,0, 192.168.1.111,172.217.11.1,0,0,0,0,0, 192.168.1.111,173.194.188.202,0,0,0,0,0, 192.168.1.111,216.58.207.227,0,0,0,0,0, 192.168.1.111,172.217.11.42,0,0,0,0,0, 192.168.1.111,216.58.212.227,0,0,0,0,0, 192.168.1.111,172.217.11.46,0,0,0,0,0, 192.168.1.111,172.217.11.10,0,0,0,0,0, 192.168.1.111,172.217.11.14,0,0,0,0,0, 192.168.1.111,172.217.11.19,0,0,0,0,0, 192.168.1.111,0,0,0,0,0,0, 192.168.1.111,0,0,0,0,0,0, 192.168.1.111,0.0.0.0,0,0,0,0,0,0,0,0,0,0,1526582419691,0.0,31732.921,0,0,0,0,0,0,0,0,0,0.0,0.0,-1
0.7,10,1,6240,72, 192.168.1.111,74.125.159.74,0,0,0,0,0, 192.168.1.111,172.217.135.9,0,0,0,0,0, 192.168.1.111,172.217.11.3,0,0,0,0,0, 192.168.1.111,172.217.3.110,0,0,0,0,0, 192.168.1.111,172.217.12.174,QUIC,1,0,239,0, 192.168.1.111,172.217.6.227,QUIC,1,1,1392,72, 192.168.1.111,172.217.10.14,0,0,0,0,0, 192.168.1.111,173.194.7.55,0,0,0,0,0, 192.168.1.111,172.217.13.228,QUIC,1,0,1392,0, 192.168.1.111,172.217.12.130,QUIC,1,0,1392,0, 192.168.1.111,172.217.135.39,0,0,0,0,0, 192.168.1.111,172.217.11.13,0,0,0,0,0, 192.168.1.111,172.217.9.238,0,0,0,0,0, 192.168.1.111,172.217.11.6,QUIC,1,0,1392,0, 192.168.1.111,172.217.11.1,0,0,0,0,0, 192.168.1.111,173.194.188.202,0,0,0,0,0, 192.168.1.111,216.58.207.227,0,0,0,0,0, 192.168.1.111,172.217.11.42,0,0,0,0,0, 192.168.1.111,216.58.212.227,0,0,0,0,0, 192.168.1.111,172.217.11.46,0,0,0,0,0, 192.168.1.111,172.217.11.10,0,0,0,0,0, 192.168.1.111,172.217.11.14,0,0,0,0,0, 192.168.1.111,172.217.11.19,0,0,0,0,0, 192.168.1.111,0,0,0,0,0,0, 192.168.1.111,0,0,0,0,0,0, 192.168.1.111,0.0.0.0,0,5,0,433,0,0,0,0,0,0,1526582419691,0.0,31732.921,0,0,0,0,0,0,0,0,0,0.0,0.0,-1
0.7999999999999999,4,0,5568,0, 192.168.1.111,74.125.159.74,0,0,0,0,0, 192.168.1.111,172.217.135.9,0,0,0,0,0, 192.168.1.111,172.217.11.3,0,0,0,0,0, 192.168.1.111,172.217.3.110,0,0,0,0,0, 192.168.1.111,172.217.12.174,0,0,0,0,0, 192.168.1.111,172.217.6.227,QUIC,1,0,1392,0, 192.168.1.111,172.217.10.14,0,0,0,0,0, 192.168.1.111,173.194.7.55,0,0,0,0,0, 192.168.1.111,172.217.13.228,QUIC,1,0,1392,0, 192.168.1.111,172.217.12.130,QUIC,1,0,1392,0, 192.168.1.111,172.217.135.39,0,0,0,0,0, 192.168.1.111,172.217.11.13,0,0,0,0,0, 192.168.1.111,172.217.9.238,0,0,0,0,0, 192.168.1.111,172.217.11.6,QUIC,1,0,1392,0, 192.168.1.111,172.217.11.1,0,0,0,0,0, 192.168.1.111,173.194.188.202,0,0,0,0,0, 192.168.1.111,216.58.207.227,0,0,0,0,0, 192.168.1.111,172.217.11.42,0,0,0,0,0, 192.168.1.111,216.58.212.227,0,0,0,0,0, 192.168.1.111,172.217.11.46,0,0,0,0,0, 192.168.1.111,172.217.11.10,0,0,0,0,0, 192.168.1.111,172.217.11.14,0,0,0,0,0, 192.168.1.111,172.217.11.19,0,0,0,0,0, 192.168.1.111,0,0,0,0,0,0, 192.168.1.111,0,0,0,0,0,0, 192.168.1.111,0.0.0.0,0,0,0,0,0,0,0,0,0,0,1526582419691,0.0,31732.921,0,0,0,0,0,0,0,0,0,0.0,0.0,-1
0.8999999999999999,3,0,1870,0, 192.168.1.111,74.125.159.74,0,0,0,0,0, 192.168.1.111,172.217.135.9,0,0,0,0,0, 192.168.1.111,172.217.11.3,0,0,0,0,0, 192.168.1.111,172.217.3.110,0,0,0,0,0, 192.168.1.111,172.217.12.174,QUIC,2,0,478,0, 192.168.1.111,172.217.6.227,0,0,0,0,0, 192.168.1.111,172.217.10.14,0,0,0,0,0, 192.168.1.111,173.194.7.55,0,0,0,0,0, 192.168.1.111,172.217.13.228,QUIC,1,0,1392,0, 192.168.1.111,172.217.12.130,0,0,0,0,0, 192.168.1.111,172.217.135.39,0,0,0,0,0, 192.168.1.111,172.217.11.13,0,0,0,0,0, 192.168.1.111,172.217.9.238,0,0,0,0,0, 192.168.1.111,172.217.11.6,0,0,0,0,0, 192.168.1.111,172.217.11.1,0,0,0,0,0, 192.168.1.111,173.194.188.202,0,0,0,0,0, 192.168.1.111,216.58.207.227,0,0,0,0,0, 192.168.1.111,172.217.11.42,0,0,0,0,0, 192.168.1.111,216.58.212.227,0,0,0,0,0, 192.168.1.111,172.217.11.46,0,0,0,0,0, 192.168.1.111,172.217.11.10,0,0,0,0,0, 192.168.1.111,172.217.11.14,0,0,0,0,0, 192.168.1.111,172.217.11.19,0,0,0,0,0, 192.168.1.111,0,0,0,0,0,0, 192.168.1.111,0,0,0,0,0,0, 192.168.1.111,0.0.0.0,0,0,0,0,0,0,0,0,0,0,1526582419691,0.0,31732.921,0,0,0,0,0,0,0,0,0,0.0,0.0,-1
1.0,2,0,2784,0, 192.168.1.111,74.125.159.74,0,0,0,0,0, 192.168.1.111,172.217.135.9,0,0,0,0,0, 192.168.1.111,172.217.11.3,0,0,0,0,0, 192.168.1.111,172.217.3.110,0,0,0,0,0, 192.168.1.111,172.217.12.174,0,0,0,0,0, 192.168.1.111,172.217.6.227,QUIC,1,0,1392,0, 192.168.1.111,172.217.10.14,0,0,0,0,0, 192.168.1.111,173.194.7.55,0,0,0,0,0, 192.168.1.111,172.217.13.228,0,0,0,0,0, 192.168.1.111,172.217.12.130,QUIC,1,0,1392,0, 192.168.1.111,172.217.135.39,0,0,0,0,0, 192.168.1.111,172.217.11.13,0,0,0,0,0, 192.168.1.111,172.217.9.238,0,0,0,0,0, 192.168.1.111,172.217.11.6,0,0,0,0,0, 192.168.1.111,172.217.11.1,0,0,0,0,0, 192.168.1.111,173.194.188.202,0,0,0,0,0, 192.168.1.111,216.58.207.227,0,0,0,0,0, 192.168.1.111,172.217.11.42,0,0,0,0,0, 192.168.1.111,216.58.212.227,0,0,0,0,0, 192.168.1.111,172.217.11.46,0,0,0,0,0, 192.168.1.111,172.217.11.10,0,0,0,0,0, 192.168.1.111,172.217.11.14,0,0,0,0,0, 192.168.1.111,172.217.11.19,0,0,0,0,0, 192.168.1.111,0,0,0,0,0,0, 192.168.1.111,0,0,0,0,0,0, 192.168.1.111,0.0.0.0,0,0,0,0,0,0,0,0,0,0,1526582419691,0.0,31732.921,0,0,0,0,0,0,0,0,0,0.0,0.0,-1
1.1,4,3,4415,411, 192.168.1.111,74.125.159.74,0,0,0,0,0, 192.168.1.111,172.217.135.9,0,0,0,0,0, 192.168.1.111,172.217.11.3,0,0,0,0,0, 192.168.1.111,172.217.3.110,0,0,0,0,0, 192.168.1.111,172.217.12.174,QUIC,1,0,239,0, 192.168.1.111,172.217.6.227,0,0,0,0,0, 192.168.1.111,172.217.10.14,0,0,0,0,0, 192.168.1.111,173.194.7.55,QUIC,1,0,1392,0, 192.168.1.111,172.217.13.228,0,0,0,0,0, 192.168.1.111,172.217.12.130,0,0,0,0,0, 192.168.1.111,172.217.135.39,QUIC,1,0,1392,0, 192.168.1.111,172.217.11.13,0,0,0,0,0, 192.168.1.111,172.217.9.238,0,0,0,0,0, 192.168.1.111,172.217.11.6,QUIC,1,0,1392,0, 192.168.1.111,172.217.11.1,0,0,0,0,0, 192.168.1.111,173.194.188.202,0,0,0,0,0, 192.168.1.111,216.58.207.227,0,0,0,0,0, 192.168.1.111,172.217.11.42,0,0,0,0,0, 192.168.1.111,216.58.212.227,0,0,0,0,0, 192.168.1.111,172.217.11.46,0,0,0,0,0, 192.168.1.111,172.217.11.10,0,0,0,0,0, 192.168.1.111,172.217.11.14,0,0,0,0,0, 192.168.1.111,172.217.11.19,0,0,0,0,0, 192.168.1.111,0,0,0,0,0,0, 192.168.1.111,0,0,0,0,0,0, 192.168.1.111,0.0.0.0,0,0,3,0,411,0,0,0,0,0,1526582419691,0.0,31732.921,0,0,0,0,0,0,0,0,0,0.0,0.0,-1
1.2,2,2,2784,272, 192.168.1.111,74.125.159.74,0,0,0,0,0, 192.168.1.111,172.217.135.9,0,0,0,0,0, 192.168.1.111,172.217.11.3,0,0,0,0,0, 192.168.1.111,172.217.3.110,0,0,0,0,0, 192.168.1.111,172.217.12.174,0,0,0,0,0, 192.168.1.111,172.217.6.227,0,0,0,0,0, 192.168.1.111,172.217.10.14,0,0,0,0,0, 192.168.1.111,173.194.7.55,0,0,0,0,0, 192.168.1.111,172.217.13.228,QUIC,1,0,1392,0, 192.168.1.111,172.217.12.130,0,0,0,0,0, 192.168.1.111,172.217.135.39,0,0,0,0,0, 192.168.1.111,172.217.11.13,0,0,0,0,0, 192.168.1.111,172.217.9.238,0,0,0,0,0, 192.168.1.111,172.217.11.6,0,0,0,0,0, 192.168.1.111,172.217.11.1,QUIC,1,0,1392,0, 192.168.1.111,173.194.188.202,0,0,0,0,0, 192.168.1.111,216.58.207.227,0,0,0,0,0, 192.168.1.111,172.217.11.42,0,0,0,0,0, 192.168.1.111,216.58.212.227,0,0,0,0,0, 192.168.1.111,172.217.11.46,0,0,0,0,0, 192.168.1.111,172.217.11.10,0,0,0,0,0, 192.168.1.111,172.217.11.14,0,0,0,0,0, 192.168.1.111,172.217.11.19,0,0,0,0,0, 192.168.1.111,0,0,0,0,0,0, 192.168.1.111,0,0,0,0,0,0, 192.168.1.111,0.0.0.0,0,0,2,0,272,0,0,0,0,0,1526582419691,0.0,31732.921,0,0,0,0,0,0,0,0,0,0.0,0.0,-1
1.3,6,1,7042,102, 192.168.1.111,74.125.159.74,0,0,0,0,0, 192.168.1.111,172.217.135.9,0,0,0,0,0, 192.168.1.111,172.217.11.3,0,0,0,0,0, 192.168.1.111,172.217.3.110,0,0,0,0,0, 192.168.1.111,172.217.12.174,0,0,0,0,0, 192.168.1.111,172.217.6.227,QUIC,1,0,1392,0, 192.168.1.111,172.217.10.14,0,0,0,0,0, 192.168.1.111,173.194.7.55,QUIC,1,0,1392,0, 192.168.1.111,172.217.13.228,0,0,0,0,0, 192.168.1.111,172.217.12.130,QUIC,1,0,1392,0, 192.168.1.111,172.217.135.39,QUIC,1,0,1392,0, 192.168.1.111,172.217.11.13,0,0,0,0,0, 192.168.1.111,172.217.9.238,0,0,0,0,0, 192.168.1.111,172.217.11.6,0,0,0,0,0, 192.168.1.111,172.217.11.1,QUIC,1,0,1392,0, 192.168.1.111,173.194.188.202,0,0,0,0,0, 192.168.1.111,216.58.207.227,0,0,0,0,0, 192.168.1.111,172.217.11.42,0,0,0,0,0, 192.168.1.111,216.58.212.227,0,0,0,0,0, 192.168.1.111,172.217.11.46,0,0,0,0,0, 192.168.1.111,172.217.11.10,0,0,0,0,0, 192.168.1.111,172.217.11.14,0,0,0,0,0, 192.168.1.111,172.217.11.19,0,0,0,0,0, 192.168.1.111,0,0,0,0,0,0, 192.168.1.111,0,0,0,0,0,0, 192.168.1.111,0.0.0.0,0,1,0,82,0,0,0,0,0,0,1526582419691,0.0,31732.921,0,0,0,0,0,0,0,0,0,0.0,0.0,-1
1.4,0,0,0,0, 192.168.1.111,74.125.159.74,0,0,0,0,0, 192.168.1.111,172.217.135.9,0,0,0,0,0, 192.168.1.111,172.217.11.3,0,0,0,0,0, 192.168.1.111,172.217.3.110,0,0,0,0,0, 192.168.1.111,172.217.12.174,0,0,0,0,0, 192.168.1.111,172.217.6.227,0,0,0,0,0, 192.168.1.111,172.217.10.14,0,0,0,0,0, 192.168.1.111,173.194.7.55,0,0,0,0,0, 192.168.1.111,172.217.13.228,0,0,0,0,0, 192.168.1.111,172.217.12.130,0,0,0,0,0, 192.168.1.111,172.217.135.39,0,0,0,0,0, 192.168.1.111,172.217.11.13,0,0,0,0,0, 192.168.1.111,172.217.9.238,0,0,0,0,0, 192.168.1.111,172.217.11.6,0,0,0,0,0, 192.168.1.111,172.217.11.1,0,0,0,0,0, 192.168.1.111,173.194.188.202,0,0,0,0,0, 192.168.1.111,216.58.207.227,0,0,0,0,0, 192.168.1.111,172.217.11.42,0,0,0,0,0, 192.168.1.111,216.58.212.227,0,0,0,0,0, 192.168.1.111,172.217.11.46,0,0,0,0,0, 192.168.1.111,172.217.11.10,0,0,0,0,0, 192.168.1.111,172.217.11.14,0,0,0,0,0, 192.168.1.111,172.217.11.19,0,0,0,0,0, 192.168.1.111,0,0,0,0,0,0, 192.168.1.111,0,0,0,0,0,0, 192.168.1.111,0.0.0.0,0,0,0,0,0,0,0,0,0,0,1526582419691,0.0,31732.921,0,0,0,0,0,0,0,0,0,0.0,0.0,-1
1.5000000000000002,13,22,8912,24039, 192.168.1.111,74.125.159.74,0,0,0,0,0, 192.168.1.111,172.217.135.9,0,0,0,0,0, 192.168.1.111,172.217.11.3,0,0,0,0,0, 192.168.1.111,172.217.3.110,0,0,0,0,0, 192.168.1.111,172.217.12.174,QUIC,0,1,0,81, 192.168.1.111,172.217.6.227,QUIC,3,7,1552,8406, 192.168.1.111,172.217.10.14,0,0,0,0,0, 192.168.1.111,173.194.7.55,QUIC,1,2,80,2784, 192.168.1.111,172.217.13.228,QUIC,2,3,1472,2864, 192.168.1.111,172.217.12.130,QUIC,2,3,1472,2864, 192.168.1.111,172.217.135.39,QUIC,2,3,1472,4176, 192.168.1.111,172.217.11.13,0,0,0,0,0, 192.168.1.111,172.217.9.238,0,0,0,0,0, 192.168.1.111,172.217.11.6,QUIC,2,3,1472,2864, 192.168.1.111,172.217.11.1,QUIC,1,0,1392,0, 192.168.1.111,173.194.188.202,0,0,0,0,0, 192.168.1.111,216.58.207.227,0,0,0,0,0, 192.168.1.111,172.217.11.42,0,0,0,0,0, 192.168.1.111,216.58.212.227,0,0,0,0,0, 192.168.1.111,172.217.11.46,0,0,0,0,0, 192.168.1.111,172.217.11.10,0,0,0,0,0, 192.168.1.111,172.217.11.14,0,0,0,0,0, 192.168.1.111,172.217.11.19,0,0,0,0,0, 192.168.1.111,0,0,0,0,0,0, 192.168.1.111,0,0,0,0,0,0, 192.168.1.111,0.0.0.0,0,0,0,0,0,0,0,0,0,0,1526582419691,0.0,31732.921,0,0,0,0,0,0,0,0,0,0.0,0.0,-1
1.6000000000000003,6,11,4422,10018, 192.168.1.111,74.125.159.74,0,0,0,0,0, 192.168.1.111,172.217.135.9,0,0,0,0,0, 192.168.1.111,172.217.11.3,0,0,0,0,0, 192.168.1.111,172.217.3.110,0,0,0,0,0, 192.168.1.111,172.217.12.174,QUIC,0,1,0,69, 192.168.1.111,172.217.6.227,0,0,0,0,0, 192.168.1.111,172.217.10.14,0,0,0,0,0, 192.168.1.111,173.194.7.55,QUIC,2,2,2784,1469, 192.168.1.111,172.217.13.228,QUIC,0,1,0,77, 192.168.1.111,172.217.12.130,QUIC,1,2,83,2771, 192.168.1.111,172.217.135.39,QUIC,0,1,0,77, 192.168.1.111,172.217.11.13,0,0,0,0,0, 192.168.1.111,172.217.9.238,0,0,0,0,0, 192.168.1.111,172.217.11.6,QUIC,1,2,83,2771, 192.168.1.111,172.217.11.1,QUIC,2,2,1472,2784, 192.168.1.111,173.194.188.202,0,0,0,0,0, 192.168.1.111,216.58.207.227,0,0,0,0,0, 192.168.1.111,172.217.11.42,0,0,0,0,0, 192.168.1.111,216.58.212.227,0,0,0,0,0, 192.168.1.111,172.217.11.46,0,0,0,0,0, 192.168.1.111,172.217.11.10,0,0,0,0,0, 192.168.1.111,172.217.11.14,0,0,0,0,0, 192.168.1.111,172.217.11.19,0,0,0,0,0, 192.168.1.111,0,0,0,0,0,0, 192.168.1.111,0,0,0,0,0,0, 192.168.1.111,0.0.0.0,0,0,0,0,0,0,0,0,0,0,1526582419691,0.0,31732.921,0,0,0,0,0,0,0,0,0,0.0,0.0,-1
1.7000000000000004,0,0,0,0, 192.168.1.111,74.125.159.74,0,0,0,0,0, 192.168.1.111,172.217.135.9,0,0,0,0,0, 192.168.1.111,172.217.11.3,0,0,0,0,0, 192.168.1.111,172.217.3.110,0,0,0,0,0, 192.168.1.111,172.217.12.174,0,0,0,0,0, 192.168.1.111,172.217.6.227,0,0,0,0,0, 192.168.1.111,172.217.10.14,0,0,0,0,0, 192.168.1.111,173.194.7.55,0,0,0,0,0, 192.168.1.111,172.217.13.228,0,0,0,0,0, 192.168.1.111,172.217.12.130,0,0,0,0,0, 192.168.1.111,172.217.135.39,0,0,0,0,0, 192.168.1.111,172.217.11.13,0,0,0,0,0, 192.168.1.111,172.217.9.238,0,0,0,0,0, 192.168.1.111,172.217.11.6,0,0,0,0,0, 192.168.1.111,172.217.11.1,0,0,0,0,0, 192.168.1.111,173.194.188.202,0,0,0,0,0, 192.168.1.111,216.58.207.227,0,0,0,0,0, 192.168.1.111,172.217.11.42,0,0,0,0,0, 192.168.1.111,216.58.212.227,0,0,0,0,0, 192.168.1.111,172.217.11.46,0,0,0,0,0, 192.168.1.111,172.217.11.10,0,0,0,0,0, 192.168.1.111,172.217.11.14,0,0,0,0,0, 192.168.1.111,172.217.11.19,0,0,0,0,0, 192.168.1.111,0,0,0,0,0,0, 192.168.1.111,0,0,0,0,0,0, 192.168.1.111,0.0.0.0,0,0,0,0,0,0,0,0,0,0,1526582419691,0.0,31732.921,0,0,0,0,0,0,0,0,0,0.0,0.0,-1
1.8000000000000005,31,59,2528,63082, 192.168.1.111,74.125.159.74,0,0,0,0,0, 192.168.1.111,172.217.135.9,0,0,0,0,0, 192.168.1.111,172.217.11.3,0,0,0,0,0, 192.168.1.111,172.217.3.110,0,0,0,0,0, 192.168.1.111,172.217.12.174,QUIC,9,17,723,19188, 192.168.1.111,172.217.6.227,QUIC,2,5,180,4313, 192.168.1.111,172.217.10.14,0,0,0,0,0, 192.168.1.111,173.194.7.55,QUIC,3,7,243,8429, 192.168.1.111,172.217.13.228,QUIC,4,6,327,7007, 192.168.1.111,172.217.12.130,QUIC,3,5,244,4313, 192.168.1.111,172.217.135.39,QUIC,5,9,407,9894, 192.168.1.111,172.217.11.13,0,0,0,0,0, 192.168.1.111,172.217.9.238,0,0,0,0,0, 192.168.1.111,172.217.11.6,QUIC,3,4,241,4236, 192.168.1.111,172.217.11.1,QUIC,2,6,163,5702, 192.168.1.111,173.194.188.202,0,0,0,0,0, 192.168.1.111,216.58.207.227,0,0,0,0,0, 192.168.1.111,172.217.11.42,0,0,0,0,0, 192.168.1.111,216.58.212.227,0,0,0,0,0, 192.168.1.111,172.217.11.46,0,0,0,0,0, 192.168.1.111,172.217.11.10,0,0,0,0,0, 192.168.1.111,172.217.11.14,0,0,0,0,0, 192.168.1.111,172.217.11.19,0,0,0,0,0, 192.168.1.111,0,0,0,0,0,0, 192.168.1.111,0,0,0,0,0,0, 192.168.1.111,0.0.0.0,0,0,0,0,0,0,0,0,0,0,1526582419691,0.0,31732.921,0,0,0,0,0,0,0,0,0,0.0,0.0,-1
1.9000000000000008,1,0,77,0, 192.168.1.111,74.125.159.74,0,0,0,0,0, 192.168.1.111,172.217.135.9,0,0,0,0,0, 192.168.1.111,172.217.11.3,0,0,0,0,0, 192.168.1.111,172.217.3.110,0,0,0,0,0, 192.168.1.111,172.217.12.174,0,0,0,0,0, 192.168.1.111,172.217.6.227,QUIC,1,0,77,0, 192.168.1.111,172.217.10.14,0,0,0,0,0, 192.168.1.111,173.194.7.55,0,0,0,0,0, 192.168.1.111,172.217.13.228,0,0,0,0,0, 192.168.1.111,172.217.12.130,0,0,0,0,0, 192.168.1.111,172.217.135.39,0,0,0,0,0, 192.168.1.111,172.217.11.13,0,0,0,0,0, 192.168.1.111,172.217.9.238,0,0,0,0,0, 192.168.1.111,172.217.11.6,0,0,0,0,0, 192.168.1.111,172.217.11.1,0,0,0,0,0, 192.168.1.111,173.194.188.202,0,0,0,0,0, 192.168.1.111,216.58.207.227,0,0,0,0,0, 192.168.1.111,172.217.11.42,0,0,0,0,0, 192.168.1.111,216.58.212.227,0,0,0,0,0, 192.168.1.111,172.217.11.46,0,0,0,0,0, 192.168.1.111,172.217.11.10,0,0,0,0,0, 192.168.1.111,172.217.11.14,0,0,0,0,0, 192.168.1.111,172.217.11.19,0,0,0,0,0, 192.168.1.111,0,0,0,0,0,0, 192.168.1.111,0,0,0,0,0,0, 192.168.1.111,0.0.0.0,0,0,0,0,0,0,0,0,0,0,1526582419691,0.0,31732.921,0,0,0,0,0,0,0,0,0,0.0,0.0,-1
2.0000000000000004,5,11,405,6107, 192.168.1.111,74.125.159.74,0,0,0,0,0, 192.168.1.111,172.217.135.9,0,0,0,0,0, 192.168.1.111,172.217.11.3,0,0,0,0,0, 192.168.1.111,172.217.3.110,0,0,0,0,0, 192.168.1.111,172.217.12.174,QUIC,1,2,80,2784, 192.168.1.111,172.217.6.227,QUIC,0,1,0,78, 192.168.1.111,172.217.10.14,0,0,0,0,0, 192.168.1.111,173.194.7.55,QUIC,2,2,161,1465, 192.168.1.111,172.217.13.228,QUIC,0,1,0,78, 192.168.1.111,172.217.12.130,QUIC,0,1,0,78, 192.168.1.111,172.217.135.39,QUIC,0,1,0,81, 192.168.1.111,172.217.11.13,0,0,0,0,0, 192.168.1.111,172.217.9.238,0,0,0,0,0, 192.168.1.111,172.217.11.6,QUIC,0,1,0,78, 192.168.1.111,172.217.11.1,QUIC,2,2,164,1465, 192.168.1.111,173.194.188.202,0,0,0,0,0, 192.168.1.111,216.58.207.227,0,0,0,0,0, 192.168.1.111,172.217.11.42,0,0,0,0,0, 192.168.1.111,216.58.212.227,0,0,0,0,0, 192.168.1.111,172.217.11.46,0,0,0,0,0, 192.168.1.111,172.217.11.10,0,0,0,0,0, 192.168.1.111,172.217.11.14,0,0,0,0,0, 192.168.1.111,172.217.11.19,0,0,0,0,0, 192.168.1.111,0,0,0,0,0,0, 192.168.1.111,0,0,0,0,0,0, 192.168.1.111,0.0.0.0,0,0,0,0,0,0,0,0,0,0,1526582419691,0.0,31732.921,0,0,0,0,0,0,0,0,0,0.0,0.0,-1
2.1000000000000005,2,2,1104,159, 192.168.1.111,74.125.159.74,0,0,0,0,0, 192.168.1.111,172.217.135.9,0,0,0,0,0, 192.168.1.111,172.217.11.3,0,0,0,0,0, 192.168.1.111,172.217.3.110,0,0,0,0,0, 192.168.1.111,172.217.12.174,0,0,0,0,0, 192.168.1.111,172.217.6.227,0,0,0,0,0, 192.168.1.111,172.217.10.14,0,0,0,0,0, 192.168.1.111,173.194.7.55,QUIC,0,1,0,81, 192.168.1.111,172.217.13.228,0,0,0,0,0, 192.168.1.111,172.217.12.130,QUIC,1,0,550,0, 192.168.1.111,172.217.135.39,0,0,0,0,0, 192.168.1.111,172.217.11.13,0,0,0,0,0, 192.168.1.111,172.217.9.238,0,0,0,0,0, 192.168.1.111,172.217.11.6,QUIC,1,0,554,0, 192.168.1.111,172.217.11.1,QUIC,0,1,0,78, 192.168.1.111,173.194.188.202,0,0,0,0,0, 192.168.1.111,216.58.207.227,0,0,0,0,0, 192.168.1.111,172.217.11.42,0,0,0,0,0, 192.168.1.111,216.58.212.227,0,0,0,0,0, 192.168.1.111,172.217.11.46,0,0,0,0,0, 192.168.1.111,172.217.11.10,0,0,0,0,0, 192.168.1.111,172.217.11.14,0,0,0,0,0, 192.168.1.111,172.217.11.19,0,0,0,0,0, 192.168.1.111,0,0,0,0,0,0, 192.168.1.111,0,0,0,0,0,0, 192.168.1.111,0.0.0.0,0,0,0,0,0,0,0,0,0,0,1526582419691,0.0,31732.921,0,0,0,0,0,0,0,0,0,0.0,0.0,-1
2.2000000000000006,1,0,708,0, 192.168.1.111,74.125.159.74,0,0,0,0,0, 192.168.1.111,172.217.135.9,0,0,0,0,0, 192.168.1.111,172.217.11.3,0,0,0,0,0, 192.168.1.111,172.217.3.110,0,0,0,0,0, 192.168.1.111,172.217.12.174,0,0,0,0,0, 192.168.1.111,172.217.6.227,0,0,0,0,0, 192.168.1.111,172.217.10.14,0,0,0,0,0, 192.168.1.111,173.194.7.55,0,0,0,0,0, 192.168.1.111,172.217.13.228,QUIC,1,0,708,0, 192.168.1.111,172.217.12.130,0,0,0,0,0, 192.168.1.111,172.217.135.39,0,0,0,0,0, 192.168.1.111,172.217.11.13,0,0,0,0,0, 192.168.1.111,172.217.9.238,0,0,0,0,0, 192.168.1.111,172.217.11.6,0,0,0,0,0, 192.168.1.111,172.217.11.1,0,0,0,0,0, 192.168.1.111,173.194.188.202,0,0,0,0,0, 192.168.1.111,216.58.207.227,0,0,0,0,0, 192.168.1.111,172.217.11.42,0,0,0,0,0, 192.168.1.111,216.58.212.227,0,0,0,0,0, 192.168.1.111,172.217.11.46,0,0,0,0,0, 192.168.1.111,172.217.11.10,0,0,0,0,0, 192.168.1.111,172.217.11.14,0,0,0,0,0, 192.168.1.111,172.217.11.19,0,0,0,0,0, 192.168.1.111,0,0,0,0,0,0, 192.168.1.111,0,0,0,0,0,0, 192.168.1.111,0.0.0.0,0,0,0,0,0,0,0,0,0,0,1526582419691,0.0,31732.921,0,0,0,0,0,0,0,0,0,0.0,0.0,-1
2.3000000000000007,5,4,1131,1408, 192.168.1.111,74.125.159.74,0,0,0,0,0, 192.168.1.111,172.217.135.9,0,0,0,0,0, 192.168.1.111,172.217.11.3,0,0,0,0,0, 192.168.1.111,172.217.3.110,0,0,0,0,0, 192.168.1.111,172.217.12.174,QUIC,2,0,890,0, 192.168.1.111,172.217.6.227,0,0,0,0,0, 192.168.1.111,172.217.10.14,0,0,0,0,0, 192.168.1.111,173.194.7.55,0,0,0,0,0, 192.168.1.111,172.217.13.228,0,0,0,0,0, 192.168.1.111,172.217.12.130,QUIC,1,1,80,998, 192.168.1.111,172.217.135.39,0,0,0,0,0, 192.168.1.111,172.217.11.13,0,0,0,0,0, 192.168.1.111,172.217.9.238,0,0,0,0,0, 192.168.1.111,172.217.11.6,QUIC,1,2,83,312, 192.168.1.111,172.217.11.1,0,0,0,0,0, 192.168.1.111,173.194.188.202,0,0,0,0,0, 192.168.1.111,216.58.207.227,0,0,0,0,0, 192.168.1.111,172.217.11.42,0,0,0,0,0, 192.168.1.111,216.58.212.227,0,0,0,0,0, 192.168.1.111,172.217.11.46,0,0,0,0,0, 192.168.1.111,172.217.11.10,0,0,0,0,0, 192.168.1.111,172.217.11.14,0,0,0,0,0, 192.168.1.111,172.217.11.19,0,0,0,0,0, 192.168.1.111,0,0,0,0,0,0, 192.168.1.111,0,0,0,0,0,0, 192.168.1.111,0.0.0.0,0,1,0,78,0,0,0,0,0,0,1526582419691,0.0,31732.921,0,0,0,0,0,0,0,0,0,0.0,0.0,-1
2.400000000000001,0,0,0,0, 192.168.1.111,74.125.159.74,0,0,0,0,0, 192.168.1.111,172.217.135.9,0,0,0,0,0, 192.168.1.111,172.217.11.3,0,0,0,0,0, 192.168.1.111,172.217.3.110,0,0,0,0,0, 192.168.1.111,172.217.12.174,0,0,0,0,0, 192.168.1.111,172.217.6.227,0,0,0,0,0, 192.168.1.111,172.217.10.14,0,0,0,0,0, 192.168.1.111,173.194.7.55,0,0,0,0,0, 192.168.1.111,172.217.13.228,0,0,0,0,0, 192.168.1.111,172.217.12.130,0,0,0,0,0, 192.168.1.111,172.217.135.39,0,0,0,0,0, 192.168.1.111,172.217.11.13,0,0,0,0,0, 192.168.1.111,172.217.9.238,0,0,0,0,0, 192.168.1.111,172.217.11.6,0,0,0,0,0, 192.168.1.111,172.217.11.1,0,0,0,0,0, 192.168.1.111,173.194.188.202,0,0,0,0,0, 192.168.1.111,216.58.207.227,0,0,0,0,0, 192.168.1.111,172.217.11.42,0,0,0,0,0, 192.168.1.111,216.58.212.227,0,0,0,0,0, 192.168.1.111,172.217.11.46,0,0,0,0,0, 192.168.1.111,172.217.11.10,0,0,0,0,0, 192.168.1.111,172.217.11.14,0,0,0,0,0, 192.168.1.111,172.217.11.19,0,0,0,0,0, 192.168.1.111,0,0,0,0,0,0, 192.168.1.111,0,0,0,0,0,0, 192.168.1.111,0.0.0.0,0,0,0,0,0,0,0,0,0,0,1526582419691,0.0,31732.921,0,0,0,0,0,0,0,0,0,0.0,0.0,-1
2.500000000000001,4,5,667,991, 192.168.1.111,74.125.159.74,0,0,0,0,0, 192.168.1.111,172.217.135.9,0,0,0,0,0, 192.168.1.111,172.217.11.3,0,0,0,0,0, 192.168.1.111,172.217.3.110,0,0,0,0,0, 192.168.1.111,172.217.12.174,QUIC,2,2,507,293, 192.168.1.111,172.217.6.227,0,0,0,0,0, 192.168.1.111,172.217.10.14,0,0,0,0,0, 192.168.1.111,173.194.7.55,0,0,0,0,0, 192.168.1.111,172.217.13.228,QUIC,2,3,160,698, 192.168.1.111,172.217.12.130,0,0,0,0,0, 192.168.1.111,172.217.135.39,0,0,0,0,0, 192.168.1.111,172.217.11.13,0,0,0,0,0, 192.168.1.111,172.217.9.238,0,0,0,0,0, 192.168.1.111,172.217.11.6,0,0,0,0,0, 192.168.1.111,172.217.11.1,0,0,0,0,0, 192.168.1.111,173.194.188.202,0,0,0,0,0, 192.168.1.111,216.58.207.227,0,0,0,0,0, 192.168.1.111,172.217.11.42,0,0,0,0,0, 192.168.1.111,216.58.212.227,0,0,0,0,0, 192.168.1.111,172.217.11.46,0,0,0,0,0, 192.168.1.111,172.217.11.10,0,0,0,0,0, 192.168.1.111,172.217.11.14,0,0,0,0,0, 192.168.1.111,172.217.11.19,0,0,0,0,0, 192.168.1.111,0,0,0,0,0,0, 192.168.1.111,0,0,0,0,0,0, 192.168.1.111,0.0.0.0,0,0,0,0,0,0,0,0,0,0,1526582419691,0.0,31732.921,0,0,0,0,0,0,0,0,0,0.0,0.0,-1
2.600000000000001,0,0,0,0, 192.168.1.111,74.125.159.74,0,0,0,0,0, 192.168.1.111,172.217.135.9,0,0,0,0,0, 192.168.1.111,172.217.11.3,0,0,0,0,0, 192.168.1.111,172.217.3.110,0,0,0,0,0, 192.168.1.111,172.217.12.174,0,0,0,0,0, 192.168.1.111,172.217.6.227,0,0,0,0,0, 192.168.1.111,172.217.10.14,0,0,0,0,0, 192.168.1.111,173.194.7.55,0,0,0,0,0, 192.168.1.111,172.217.13.228,0,0,0,0,0, 192.168.1.111,172.217.12.130,0,0,0,0,0, 192.168.1.111,172.217.135.39,0,0,0,0,0, 192.168.1.111,172.217.11.13,0,0,0,0,0, 192.168.1.111,172.217.9.238,0,0,0,0,0, 192.168.1.111,172.217.11.6,0,0,0,0,0, 192.168.1.111,172.217.11.1,0,0,0,0,0, 192.168.1.111,173.194.188.202,0,0,0,0,0, 192.168.1.111,216.58.207.227,0,0,0,0,0, 192.168.1.111,172.217.11.42,0,0,0,0,0, 192.168.1.111,216.58.212.227,0,0,0,0,0, 192.168.1.111,172.217.11.46,0,0,0,0,0, 192.168.1.111,172.217.11.10,0,0,0,0,0, 192.168.1.111,172.217.11.14,0,0,0,0,0, 192.168.1.111,172.217.11.19,0,0,0,0,0, 192.168.1.111,0,0,0,0,0,0, 192.168.1.111,0,0,0,0,0,0, 192.168.1.111,0.0.0.0,0,0,0,0,0,0,0,0,0,0,1526582419691,0.0,31732.921,0,0,0,0,0,0,0,0,0,0.0,0.0,-1
4.899999999999999,1,1,77,118, 192.168.1.111,74.125.159.74,0,0,0,0,0, 192.168.1.111,172.217.135.9,0,0,0,0,0, 192.168.1.111,172.217.11.3,0,0,0,0,0, 192.168.1.111,172.217.3.110,0,0,0,0,0, 192.168.1.111,172.217.12.174,QUIC,1,1,77,118, 192.168.1.111,172.217.6.227,0,0,0,0,0, 192.168.1.111,172.217.10.14,0,0,0,0,0, 192.168.1.111,173.194.7.55,0,0,0,0,0, 192.168.1.111,172.217.13.228,0,0,0,0,0, 192.168.1.111,172.217.12.130,0,0,0,0,0, 192.168.1.111,172.217.135.39,0,0,0,0,0, 192.168.1.111,172.217.11.13,0,0,0,0,0, 192.168.1.111,172.217.9.238,0,0,0,0,0, 192.168.1.111,172.217.11.6,0,0,0,0,0, 192.168.1.111,172.217.11.1,0,0,0,0,0, 192.168.1.111,173.194.188.202,0,0,0,0,0, 192.168.1.111,216.58.207.227,0,0,0,0,0, 192.168.1.111,172.217.11.42,0,0,0,0,0, 192.168.1.111,216.58.212.227,0,0,0,0,0, 192.168.1.111,172.217.11.46,0,0,0,0,0, 192.168.1.111,172.217.11.10,0,0,0,0,0, 192.168.1.111,172.217.11.14,0,0,0,0,0, 192.168.1.111,172.217.11.19,0,0,0,0,0, 192.168.1.111,0,0,0,0,0,0, 192.168.1.111,0,0,0,0,0,0, 192.168.1.111,0.0.0.0,0,0,0,0,0,1,0,1,0,1526582424066,1526582419691,7501.0,31732.921,0,0,1,0,0,0,0,0,0,3.96100000000024,0.2365039449094522,true
1799.4999999994589,0,0,0,0, 192.168.1.111,74.125.159.74,0,0,0,0,0, 192.168.1.111,172.217.135.9,0,0,0,0,0, 192.168.1.111,172.217.11.3,0,0,0,0,0, 192.168.1.111,172.217.3.110,0,0,0,0,0, 192.168.1.111,172.217.12.174,0,0,0,0,0, 192.168.1.111,172.217.6.227,0,0,0,0,0, 192.168.1.111,172.217.10.14,0,0,0,0,0, 192.168.1.111,173.194.7.55,0,0,0,0,0, 192.168.1.111,172.217.13.228,0,0,0,0,0, 192.168.1.111,172.217.12.130,0,0,0,0,0, 192.168.1.111,172.217.135.39,0,0,0,0,0, 192.168.1.111,172.217.11.13,0,0,0,0,0, 192.168.1.111,172.217.9.238,0,0,0,0,0, 192.168.1.111,172.217.11.6,0,0,0,0,0, 192.168.1.111,172.217.11.1,0,0,0,0,0, 192.168.1.111,173.194.188.202,0,0,0,0,0, 192.168.1.111,216.58.207.227,0,0,0,0,0, 192.168.1.111,172.217.11.42,0,0,0,0,0, 192.168.1.111,216.58.212.227,0,0,0,0,0, 192.168.1.111,172.217.11.46,0,0,0,0,0, 192.168.1.111,172.217.11.10,0,0,0,0,0, 192.168.1.111,172.217.11.14,0,0,0,0,0, 192.168.1.111,172.217.11.19,0,0,0,0,0, 192.168.1.111,0,0,0,0,0,0, 192.168.1.111,0,0,0,0,0,0, 192.168.1.111,0.0.0.0,0,0,0,0,0,0,0,0,0,0,1526582419691,0.0,31732.921,0,0,0,0,0,0,0,0,0,0.0,0.0,-1
1799.5999999994588,0,0,0,0, 192.168.1.111,74.125.159.74,0,0,0,0,0, 192.168.1.111,172.217.135.9,0,0,0,0,0, 192.168.1.111,172.217.11.3,0,0,0,0,0, 192.168.1.111,172.217.3.110,0,0,0,0,0, 192.168.1.111,172.217.12.174,0,0,0,0,0, 192.168.1.111,172.217.6.227,0,0,0,0,0, 192.168.1.111,172.217.10.14,0,0,0,0,0, 192.168.1.111,173.194.7.55,0,0,0,0,0, 192.168.1.111,172.217.13.228,0,0,0,0,0, 192.168.1.111,172.217.12.130,0,0,0,0,0, 192.168.1.111,172.217.135.39,0,0,0,0,0, 192.168.1.111,172.217.11.13,0,0,0,0,0, 192.168.1.111,172.217.9.238,0,0,0,0,0, 192.168.1.111,172.217.11.6,0,0,0,0,0, 192.168.1.111,172.217.11.1,0,0,0,0,0, 192.168.1.111,173.194.188.202,0,0,0,0,0, 192.168.1.111,216.58.207.227,0,0,0,0,0, 192.168.1.111,172.217.11.42,0,0,0,0,0, 192.168.1.111,216.58.212.227,0,0,0,0,0, 192.168.1.111,172.217.11.46,0,0,0,0,0, 192.168.1.111,172.217.11.10,0,0,0,0,0, 192.168.1.111,172.217.11.14,0,0,0,0,0, 192.168.1.111,172.217.11.19,0,0,0,0,0, 192.168.1.111,0,0,0,0,0,0, 192.168.1.111,0,0,0,0,0,0, 192.168.1.111,0.0.0.0,0,0,0,0,0,0,0,0,0,0,1526582419691,0.0,31732.921,0,0,0,0,0,0,0,0,0,0.0,0.0,-1
1799.699999999459,0,0,0,0, 192.168.1.111,74.125.159.74,0,0,0,0,0, 192.168.1.111,172.217.135.9,0,0,0,0,0, 192.168.1.111,172.217.11.3,0,0,0,0,0, 192.168.1.111,172.217.3.110,0,0,0,0,0, 192.168.1.111,172.217.12.174,0,0,0,0,0, 192.168.1.111,172.217.6.227,0,0,0,0,0, 192.168.1.111,172.217.10.14,0,0,0,0,0, 192.168.1.111,173.194.7.55,0,0,0,0,0, 192.168.1.111,172.217.13.228,0,0,0,0,0, 192.168.1.111,172.217.12.130,0,0,0,0,0, 192.168.1.111,172.217.135.39,0,0,0,0,0, 192.168.1.111,172.217.11.13,0,0,0,0,0, 192.168.1.111,172.217.9.238,0,0,0,0,0, 192.168.1.111,172.217.11.6,0,0,0,0,0, 192.168.1.111,172.217.11.1,0,0,0,0,0, 192.168.1.111,173.194.188.202,0,0,0,0,0, 192.168.1.111,216.58.207.227,0,0,0,0,0, 192.168.1.111,172.217.11.42,0,0,0,0,0, 192.168.1.111,216.58.212.227,0,0,0,0,0, 192.168.1.111,172.217.11.46,0,0,0,0,0, 192.168.1.111,172.217.11.10,0,0,0,0,0, 192.168.1.111,172.217.11.14,0,0,0,0,0, 192.168.1.111,172.217.11.19,0,0,0,0,0, 192.168.1.111,0,0,0,0,0,0, 192.168.1.111,0,0,0,0,0,0, 192.168.1.111,0.0.0.0,0,0,0,0,0,0,0,0,0,0,1526582419691,0.0,31732.921,0,0,0,0,0,0,0,0,0,0.0,0.0,-1
1799.7999999994586,0,0,0,0, 192.168.1.111,74.125.159.74,0,0,0,0,0, 192.168.1.111,172.217.135.9,0,0,0,0,0, 192.168.1.111,172.217.11.3,0,0,0,0,0, 192.168.1.111,172.217.3.110,0,0,0,0,0, 192.168.1.111,172.217.12.174,0,0,0,0,0, 192.168.1.111,172.217.6.227,0,0,0,0,0, 192.168.1.111,172.217.10.14,0,0,0,0,0, 192.168.1.111,173.194.7.55,0,0,0,0,0, 192.168.1.111,172.217.13.228,0,0,0,0,0, 192.168.1.111,172.217.12.130,0,0,0,0,0, 192.168.1.111,172.217.135.39,0,0,0,0,0, 192.168.1.111,172.217.11.13,0,0,0,0,0, 192.168.1.111,172.217.9.238,0,0,0,0,0, 192.168.1.111,172.217.11.6,0,0,0,0,0, 192.168.1.111,172.217.11.1,0,0,0,0,0, 192.168.1.111,173.194.188.202,0,0,0,0,0, 192.168.1.111,216.58.207.227,0,0,0,0,0, 192.168.1.111,172.217.11.42,0,0,0,0,0, 192.168.1.111,216.58.212.227,0,0,0,0,0, 192.168.1.111,172.217.11.46,0,0,0,0,0, 192.168.1.111,172.217.11.10,0,0,0,0,0, 192.168.1.111,172.217.11.14,0,0,0,0,0, 192.168.1.111,172.217.11.19,0,0,0,0,0, 192.168.1.111,0,0,0,0,0,0, 192.168.1.111,0,0,0,0,0,0, 192.168.1.111,0.0.0.0,0,0,0,0,0,0,0,0,0,0,1526582419691,0.0,31732.921,0,0,0,0,0,0,0,0,0,0.0,0.0,-1
1799.8999999994585,0,0,0,0, 192.168.1.111,74.125.159.74,0,0,0,0,0, 192.168.1.111,172.217.135.9,0,0,0,0,0, 192.168.1.111,172.217.11.3,0,0,0,0,0, 192.168.1.111,172.217.3.110,0,0,0,0,0, 192.168.1.111,172.217.12.174,0,0,0,0,0, 192.168.1.111,172.217.6.227,0,0,0,0,0, 192.168.1.111,172.217.10.14,0,0,0,0,0, 192.168.1.111,173.194.7.55,0,0,0,0,0, 192.168.1.111,172.217.13.228,0,0,0,0,0, 192.168.1.111,172.217.12.130,0,0,0,0,0, 192.168.1.111,172.217.135.39,0,0,0,0,0, 192.168.1.111,172.217.11.13,0,0,0,0,0, 192.168.1.111,172.217.9.238,0,0,0,0,0, 192.168.1.111,172.217.11.6,0,0,0,0,0, 192.168.1.111,172.217.11.1,0,0,0,0,0, 192.168.1.111,173.194.188.202,0,0,0,0,0, 192.168.1.111,216.58.207.227,0,0,0,0,0, 192.168.1.111,172.217.11.42,0,0,0,0,0, 192.168.1.111,216.58.212.227,0,0,0,0,0, 192.168.1.111,172.217.11.46,0,0,0,0,0, 192.168.1.111,172.217.11.10,0,0,0,0,0, 192.168.1.111,172.217.11.14,0,0,0,0,0, 192.168.1.111,172.217.11.19,0,0,0,0,0, 192.168.1.111,0,0,0,0,0,0, 192.168.1.111,0,0,0,0,0,0, 192.168.1.111,0.0.0.0,0,0,0,0,0,0,0,0,0,0,1526582419691,0.0,31732.921,0,0,0,0,0,0,0,0,0,0.0,0.0,-1
1799.9999999994584,0,0,0,0, 192.168.1.111,74.125.159.74,0,0,0,0,0, 192.168.1.111,172.217.135.9,0,0,0,0,0, 192.168.1.111,172.217.11.3,0,0,0,0,0, 192.168.1.111,172.217.3.110,0,0,0,0,0, 192.168.1.111,172.217.12.174,0,0,0,0,0, 192.168.1.111,172.217.6.227,0,0,0,0,0, 192.168.1.111,172.217.10.14,0,0,0,0,0, 192.168.1.111,173.194.7.55,0,0,0,0,0, 192.168.1.111,172.217.13.228,0,0,0,0,0, 192.168.1.111,172.217.12.130,0,0,0,0,0, 192.168.1.111,172.217.135.39,0,0,0,0,0, 192.168.1.111,172.217.11.13,0,0,0,0,0, 192.168.1.111,172.217.9.238,0,0,0,0,0, 192.168.1.111,172.217.11.6,0,0,0,0,0, 192.168.1.111,172.217.11.1,0,0,0,0,0, 192.168.1.111,173.194.188.202,0,0,0,0,0, 192.168.1.111,216.58.207.227,0,0,0,0,0, 192.168.1.111,172.217.11.42,0,0,0,0,0, 192.168.1.111,216.58.212.227,0,0,0,0,0, 192.168.1.111,172.217.11.46,0,0,0,0,0, 192.168.1.111,172.217.11.10,0,0,0,0,0, 192.168.1.111,172.217.11.14,0,0,0,0,0, 192.168.1.111,172.217.11.19,0,0,0,0,0, 192.168.1.111,0,0,0,0,0,0, 192.168.1.111,0,0,0,0,0,0, 192.168.1.111,0.0.0.0,0,0,0,0,0,0,0,0,0,0,1526582419691,0.0,31732.921,0,0,0,0,0,0,0,0,0,0.0,0.0,-1
1800.0999999994583,0,0,0,0, 192.168.1.111,74.125.159.74,0,0,0,0,0, 192.168.1.111,172.217.135.9,0,0,0,0,0, 192.168.1.111,172.217.11.3,0,0,0,0,0, 192.168.1.111,172.217.3.110,0,0,0,0,0, 192.168.1.111,172.217.12.174,0,0,0,0,0, 192.168.1.111,172.217.6.227,0,0,0,0,0, 192.168.1.111,172.217.10.14,0,0,0,0,0, 192.168.1.111,173.194.7.55,0,0,0,0,0, 192.168.1.111,172.217.13.228,0,0,0,0,0, 192.168.1.111,172.217.12.130,0,0,0,0,0, 192.168.1.111,172.217.135.39,0,0,0,0,0, 192.168.1.111,172.217.11.13,0,0,0,0,0, 192.168.1.111,172.217.9.238,0,0,0,0,0, 192.168.1.111,172.217.11.6,0,0,0,0,0, 192.168.1.111,172.217.11.1,0,0,0,0,0, 192.168.1.111,173.194.188.202,0,0,0,0,0, 192.168.1.111,216.58.207.227,0,0,0,0,0, 192.168.1.111,172.217.11.42,0,0,0,0,0, 192.168.1.111,216.58.212.227,0,0,0,0,0, 192.168.1.111,172.217.11.46,0,0,0,0,0, 192.168.1.111,172.217.11.10,0,0,0,0,0, 192.168.1.111,172.217.11.14,0,0,0,0,0, 192.168.1.111,172.217.11.19,0,0,0,0,0, 192.168.1.111,0,0,0,0,0,0, 192.168.1.111,0,0,0,0,0,0, 192.168.1.111,0.0.0.0,0,0,0,0,0,0,0,0,0,0,1526582419691,0.0,31732.921,0,0,0,0,0,0,0,0,0,0.0,0.0,-1
1800.1999999994582,0,0,0,0, 192.168.1.111,74.125.159.74,0,0,0,0,0, 192.168.1.111,172.217.135.9,0,0,0,0,0, 192.168.1.111,172.217.11.3,0,0,0,0,0, 192.168.1.111,172.217.3.110,0,0,0,0,0, 192.168.1.111,172.217.12.174,0,0,0,0,0, 192.168.1.111,172.217.6.227,0,0,0,0,0, 192.168.1.111,172.217.10.14,0,0,0,0,0, 192.168.1.111,173.194.7.55,0,0,0,0,0, 192.168.1.111,172.217.13.228,0,0,0,0,0, 192.168.1.111,172.217.12.130,0,0,0,0,0, 192.168.1.111,172.217.135.39,0,0,0,0,0, 192.168.1.111,172.217.11.13,0,0,0,0,0, 192.168.1.111,172.217.9.238,0,0,0,0,0, 192.168.1.111,172.217.11.6,0,0,0,0,0, 192.168.1.111,172.217.11.1,0,0,0,0,0, 192.168.1.111,173.194.188.202,0,0,0,0,0, 192.168.1.111,216.58.207.227,0,0,0,0,0, 192.168.1.111,172.217.11.42,0,0,0,0,0, 192.168.1.111,216.58.212.227,0,0,0,0,0, 192.168.1.111,172.217.11.46,0,0,0,0,0, 192.168.1.111,172.217.11.10,0,0,0,0,0, 192.168.1.111,172.217.11.14,0,0,0,0,0, 192.168.1.111,172.217.11.19,0,0,0,0,0, 192.168.1.111,0,0,0,0,0,0, 192.168.1.111,0,0,0,0,0,0, 192.168.1.111,0.0.0.0,0,0,0,0,0,0,0,0,0,0,1526582419691,0.0,31732.921,0,0,0,0,0,0,0,0,0,0.0,0.0,-1
1800.299999999458,0,0,0,0, 192.168.1.111,74.125.159.74,0,0,0,0,0, 192.168.1.111,172.217.135.9,0,0,0,0,0, 192.168.1.111,172.217.11.3,0,0,0,0,0, 192.168.1.111,172.217.3.110,0,0,0,0,0, 192.168.1.111,172.217.12.174,0,0,0,0,0, 192.168.1.111,172.217.6.227,0,0,0,0,0, 192.168.1.111,172.217.10.14,0,0,0,0,0, 192.168.1.111,173.194.7.55,0,0,0,0,0, 192.168.1.111,172.217.13.228,0,0,0,0,0, 192.168.1.111,172.217.12.130,0,0,0,0,0, 192.168.1.111,172.217.135.39,0,0,0,0,0, 192.168.1.111,172.217.11.13,0,0,0,0,0, 192.168.1.111,172.217.9.238,0,0,0,0,0, 192.168.1.111,172.217.11.6,0,0,0,0,0, 192.168.1.111,172.217.11.1,0,0,0,0,0, 192.168.1.111,173.194.188.202,0,0,0,0,0, 192.168.1.111,216.58.207.227,0,0,0,0,0, 192.168.1.111,172.217.11.42,0,0,0,0,0, 192.168.1.111,216.58.212.227,0,0,0,0,0, 192.168.1.111,172.217.11.46,0,0,0,0,0, 192.168.1.111,172.217.11.10,0,0,0,0,0, 192.168.1.111,172.217.11.14,0,0,0,0,0, 192.168.1.111,172.217.11.19,0,0,0,0,0, 192.168.1.111,0,0,0,0,0,0, 192.168.1.111,0,0,0,0,0,0, 192.168.1.111,0.0.0.0,0,0,0,0,0,0,0,0,0,0,1526582419691,0.0,31732.921,0,0,0,0,0,0,0,0,0,0.0,0.0,-1
1800.399999999458,0,0,0,0, 192.168.1.111,74.125.159.74,0,0,0,0,0, 192.168.1.111,172.217.135.9,0,0,0,0,0, 192.168.1.111,172.217.11.3,0,0,0,0,0, 192.168.1.111,172.217.3.110,0,0,0,0,0, 192.168.1.111,172.217.12.174,0,0,0,0,0, 192.168.1.111,172.217.6.227,0,0,0,0,0, 192.168.1.111,172.217.10.14,0,0,0,0,0, 192.168.1.111,173.194.7.55,0,0,0,0,0, 192.168.1.111,172.217.13.228,0,0,0,0,0, 192.168.1.111,172.217.12.130,0,0,0,0,0, 192.168.1.111,172.217.135.39,0,0,0,0,0, 192.168.1.111,172.217.11.13,0,0,0,0,0, 192.168.1.111,172.217.9.238,0,0,0,0,0, 192.168.1.111,172.217.11.6,0,0,0,0,0, 192.168.1.111,172.217.11.1,0,0,0,0,0, 192.168.1.111,173.194.188.202,0,0,0,0,0, 192.168.1.111,216.58.207.227,0,0,0,0,0, 192.168.1.111,172.217.11.42,0,0,0,0,0, 192.168.1.111,216.58.212.227,0,0,0,0,0, 192.168.1.111,172.217.11.46,0,0,0,0,0, 192.168.1.111,172.217.11.10,0,0,0,0,0, 192.168.1.111,172.217.11.14,0,0,0,0,0, 192.168.1.111,172.217.11.19,0,0,0,0,0, 192.168.1.111,0,0,0,0,0,0, 192.168.1.111,0,0,0,0,0,0, 192.168.1.111,0.0.0.0,0,0,0,0,0,0,0,0,0,0,1526582419691,0.0,31732.921,0,0,0,0,0,0,0,0,0,0.0,0.0,-1
1800.499999999458,0,0,0,0, 192.168.1.111,74.125.159.74,0,0,0,0,0, 192.168.1.111,172.217.135.9,0,0,0,0,0, 192.168.1.111,172.217.11.3,0,0,0,0,0, 192.168.1.111,172.217.3.110,0,0,0,0,0, 192.168.1.111,172.217.12.174,0,0,0,0,0, 192.168.1.111,172.217.6.227,0,0,0,0,0, 192.168.1.111,172.217.10.14,0,0,0,0,0, 192.168.1.111,173.194.7.55,0,0,0,0,0, 192.168.1.111,172.217.13.228,0,0,0,0,0, 192.168.1.111,172.217.12.130,0,0,0,0,0, 192.168.1.111,172.217.135.39,0,0,0,0,0, 192.168.1.111,172.217.11.13,0,0,0,0,0, 192.168.1.111,172.217.9.238,0,0,0,0,0, 192.168.1.111,172.217.11.6,0,0,0,0,0, 192.168.1.111,172.217.11.1,0,0,0,0,0, 192.168.1.111,173.194.188.202,0,0,0,0,0, 192.168.1.111,216.58.207.227,0,0,0,0,0, 192.168.1.111,172.217.11.42,0,0,0,0,0, 192.168.1.111,216.58.212.227,0,0,0,0,0, 192.168.1.111,172.217.11.46,0,0,0,0,0, 192.168.1.111,172.217.11.10,0,0,0,0,0, 192.168.1.111,172.217.11.14,0,0,0,0,0, 192.168.1.111,172.217.11.19,0,0,0,0,0, 192.168.1.111,0,0,0,0,0,0, 192.168.1.111,0,0,0,0,0,0, 192.168.1.111,0.0.0.0,0,0,0,0,0,0,0,0,0,0,1526582419691,0.0,31732.921,0,0,0,0,0,0,0,0,0,0.0,0.0,-1
1800.599999999458,0,0,0,0, 192.168.1.111,74.125.159.74,0,0,0,0,0, 192.168.1.111,172.217.135.9,0,0,0,0,0, 192.168.1.111,172.217.11.3,0,0,0,0,0, 192.168.1.111,172.217.3.110,0,0,0,0,0, 192.168.1.111,172.217.12.174,0,0,0,0,0, 192.168.1.111,172.217.6.227,0,0,0,0,0, 192.168.1.111,172.217.10.14,0,0,0,0,0, 192.168.1.111,173.194.7.55,0,0,0,0,0, 192.168.1.111,172.217.13.228,0,0,0,0,0, 192.168.1.111,172.217.12.130,0,0,0,0,0, 192.168.1.111,172.217.135.39,0,0,0,0,0, 192.168.1.111,172.217.11.13,0,0,0,0,0, 192.168.1.111,172.217.9.238,0,0,0,0,0, 192.168.1.111,172.217.11.6,0,0,0,0,0, 192.168.1.111,172.217.11.1,0,0,0,0,0, 192.168.1.111,173.194.188.202,0,0,0,0,0, 192.168.1.111,216.58.207.227,0,0,0,0,0, 192.168.1.111,172.217.11.42,0,0,0,0,0, 192.168.1.111,216.58.212.227,0,0,0,0,0, 192.168.1.111,172.217.11.46,0,0,0,0,0, 192.168.1.111,172.217.11.10,0,0,0,0,0, 192.168.1.111,172.217.11.14,0,0,0,0,0, 192.168.1.111,172.217.11.19,0,0,0,0,0, 192.168.1.111,0,0,0,0,0,0, 192.168.1.111,0,0,0,0,0,0, 192.168.1.111,0.0.0.0,0,0,0,0,0,0,0,0,0,0,1526582419691,0.0,31732.921,0,0,0,0,0,0,0,0,0,0.0,0.0,-1
1800.6999999994578,0,0,0,0, 192.168.1.111,74.125.159.74,0,0,0,0,0, 192.168.1.111,172.217.135.9,0,0,0,0,0, 192.168.1.111,172.217.11.3,0,0,0,0,0, 192.168.1.111,172.217.3.110,0,0,0,0,0, 192.168.1.111,172.217.12.174,0,0,0,0,0, 192.168.1.111,172.217.6.227,0,0,0,0,0, 192.168.1.111,172.217.10.14,0,0,0,0,0, 192.168.1.111,173.194.7.55,0,0,0,0,0, 192.168.1.111,172.217.13.228,0,0,0,0,0, 192.168.1.111,172.217.12.130,0,0,0,0,0, 192.168.1.111,172.217.135.39,0,0,0,0,0, 192.168.1.111,172.217.11.13,0,0,0,0,0, 192.168.1.111,172.217.9.238,0,0,0,0,0, 192.168.1.111,172.217.11.6,0,0,0,0,0, 192.168.1.111,172.217.11.1,0,0,0,0,0, 192.168.1.111,173.194.188.202,0,0,0,0,0, 192.168.1.111,216.58.207.227,0,0,0,0,0, 192.168.1.111,172.217.11.42,0,0,0,0,0, 192.168.1.111,216.58.212.227,0,0,0,0,0, 192.168.1.111,172.217.11.46,0,0,0,0,0, 192.168.1.111,172.217.11.10,0,0,0,0,0, 192.168.1.111,172.217.11.14,0,0,0,0,0, 192.168.1.111,172.217.11.19,0,0,0,0,0, 192.168.1.111,0,0,0,0,0,0, 192.168.1.111,0,0,0,0,0,0, 192.168.1.111,0.0.0.0,0,0,0,0,0,0,0,0,0,0,1526582419691,0.0,31732.921,0,0,0,0,0,0,0,0,0,0.0,0.0,-1
1800.7999999994577,0,0,0,0, 192.168.1.111,74.125.159.74,0,0,0,0,0, 192.168.1.111,172.217.135.9,0,0,0,0,0, 192.168.1.111,172.217.11.3,0,0,0,0,0, 192.168.1.111,172.217.3.110,0,0,0,0,0, 192.168.1.111,172.217.12.174,0,0,0,0,0, 192.168.1.111,172.217.6.227,0,0,0,0,0, 192.168.1.111,172.217.10.14,0,0,0,0,0, 192.168.1.111,173.194.7.55,0,0,0,0,0, 192.168.1.111,172.217.13.228,0,0,0,0,0, 192.168.1.111,172.217.12.130,0,0,0,0,0, 192.168.1.111,172.217.135.39,0,0,0,0,0, 192.168.1.111,172.217.11.13,0,0,0,0,0, 192.168.1.111,172.217.9.238,0,0,0,0,0, 192.168.1.111,172.217.11.6,0,0,0,0,0, 192.168.1.111,172.217.11.1,0,0,0,0,0, 192.168.1.111,173.194.188.202,0,0,0,0,0, 192.168.1.111,216.58.207.227,0,0,0,0,0, 192.168.1.111,172.217.11.42,0,0,0,0,0, 192.168.1.111,216.58.212.227,0,0,0,0,0, 192.168.1.111,172.217.11.46,0,0,0,0,0, 192.168.1.111,172.217.11.10,0,0,0,0,0, 192.168.1.111,172.217.11.14,0,0,0,0,0, 192.168.1.111,172.217.11.19,0,0,0,0,0, 192.168.1.111,0,0,0,0,0,0, 192.168.1.111,0,0,0,0,0,0, 192.168.1.111,0.0.0.0,0,0,0,0,0,0,0,0,0,0,1526582419691,0.0,31732.921,0,0,0,0,0,0,0,0,0,0.0,0.0,-1
1800.8999999994576,0,0,0,0, 192.168.1.111,74.125.159.74,0,0,0,0,0, 192.168.1.111,172.217.135.9,0,0,0,0,0, 192.168.1.111,172.217.11.3,0,0,0,0,0, 192.168.1.111,172.217.3.110,0,0,0,0,0, 192.168.1.111,172.217.12.174,0,0,0,0,0, 192.168.1.111,172.217.6.227,0,0,0,0,0, 192.168.1.111,172.217.10.14,0,0,0,0,0, 192.168.1.111,173.194.7.55,0,0,0,0,0, 192.168.1.111,172.217.13.228,0,0,0,0,0, 192.168.1.111,172.217.12.130,0,0,0,0,0, 192.168.1.111,172.217.135.39,0,0,0,0,0, 192.168.1.111,172.217.11.13,0,0,0,0,0, 192.168.1.111,172.217.9.238,0,0,0,0,0, 192.168.1.111,172.217.11.6,0,0,0,0,0, 192.168.1.111,172.217.11.1,0,0,0,0,0, 192.168.1.111,173.194.188.202,0,0,0,0,0, 192.168.1.111,216.58.207.227,0,0,0,0,0, 192.168.1.111,172.217.11.42,0,0,0,0,0, 192.168.1.111,216.58.212.227,0,0,0,0,0, 192.168.1.111,172.217.11.46,0,0,0,0,0, 192.168.1.111,172.217.11.10,0,0,0,0,0, 192.168.1.111,172.217.11.14,0,0,0,0,0, 192.168.1.111,172.217.11.19,0,0,0,0,0, 192.168.1.111,0,0,0,0,0,0, 192.168.1.111,0,0,0,0,0,0, 192.168.1.111,0.0.0.0,0,0,0,0,0,0,0,0,0,0,1526582419691,0.0,31732.921,0,0,0,0,0,0,0,0,0,0.0,0.0,-1
0.0,0,1,0,1392, 192.168.1.111,173.194.7.25,0,0,0,0,0, 192.168.1.111,23.208.94.102,0,0,0,0,0, 192.168.1.111,172.217.11.35,0,0,0,0,0, 192.168.1.111,172.217.10.110,0,0,0,0,0, 192.168.1.111,172.217.11.3,0,0,0,0,0, 192.168.1.111,172.217.11.14,0,0,0,0,0, 192.168.1.111,172.217.3.118,0,0,0,0,0, 192.168.1.111,172.217.11.34,0,0,0,0,0, 192.168.1.111,172.217.12.150,0,0,0,0,0, 192.168.1.111,172.217.9.243,0,0,0,0,0, 192.168.1.111,172.217.10.14,0,0,0,0,0, 192.168.1.111,172.217.11.45,0,0,0,0,0, 192.168.1.111,172.217.13.228,0,0,0,0,0, 192.168.1.111,173.194.5.41,0,0,0,0,0, 192.168.1.111,172.217.11.38,0,0,0,0,0, 192.168.1.111,172.217.11.10,QUIC,0,1,0,1392, 192.168.1.111,172.217.9.227,0,0,0,0,0, 192.168.1.111,216.58.209.131,0,0,0,0,0, 192.168.1.111,216.58.211.99,0,0,0,0,0, 192.168.1.111,104.237.191.1,0,0,0,0,0, 192.168.1.111,172.217.11.42,0,0,0,0,0, 192.168.1.111,172.217.9.238,0,0,0,0,0, 192.168.1.111,172.217.11.51,0,0,0,0,0, 192.168.1.111,0,0,0,0,0,0, 192.168.1.111,0,0,0,0,0,0, 192.168.1.111,0.0.0.0,0,0,0,0,0,0,0,0,0,0,1526497566731,0.0,1479.681,0,0,0,0,0,0,0,0,0,0.0,0.0,-1
0.1,4,2,1632,202, 192.168.1.111,173.194.7.25,0,0,0,0,0, 192.168.1.111,23.208.94.102,0,0,0,0,0, 192.168.1.111,172.217.11.35,0,0,0,0,0, 192.168.1.111,172.217.10.110,0,0,0,0,0, 192.168.1.111,172.217.11.3,0,0,0,0,0, 192.168.1.111,172.217.11.14,0,0,0,0,0, 192.168.1.111,172.217.3.118,0,0,0,0,0, 192.168.1.111,172.217.11.34,0,0,0,0,0, 192.168.1.111,172.217.12.150,0,0,0,0,0, 192.168.1.111,172.217.9.243,0,0,0,0,0, 192.168.1.111,172.217.10.14,0,0,0,0,0, 192.168.1.111,172.217.11.45,0,0,0,0,0, 192.168.1.111,172.217.13.228,0,0,0,0,0, 192.168.1.111,173.194.5.41,0,0,0,0,0, 192.168.1.111,172.217.11.38,0,0,0,0,0, 192.168.1.111,172.217.11.10,QUIC,2,1,161,73, 192.168.1.111,172.217.9.227,QUIC,1,0,1392,0, 192.168.1.111,216.58.209.131,0,0,0,0,0, 192.168.1.111,216.58.211.99,0,0,0,0,0, 192.168.1.111,104.237.191.1,0,0,0,0,0, 192.168.1.111,172.217.11.42,0,0,0,0,0, 192.168.1.111,172.217.9.238,0,0,0,0,0, 192.168.1.111,172.217.11.51,0,0,0,0,0, 192.168.1.111,0,0,0,0,0,0, 192.168.1.111,0,0,0,0,0,0, 192.168.1.111,0.0.0.0,0,1,1,79,129,0,0,0,0,0,1526497566731,0.0,1479.681,0,0,0,0,0,0,0,0,0,0.0,0.0,-1
0.2,18,21,11118,13178, 192.168.1.111,173.194.7.25,0,0,0,0,0, 192.168.1.111,23.208.94.102,0,0,0,0,0, 192.168.1.111,172.217.11.35,0,0,0,0,0, 192.168.1.111,172.217.10.110,QUIC,4,4,1635,2680, 192.168.1.111,172.217.11.3,0,0,0,0,0, 192.168.1.111,172.217.11.14,0,0,0,0,0, 192.168.1.111,172.217.3.118,0,0,0,0,0, 192.168.1.111,172.217.11.34,0,0,0,0,0, 192.168.1.111,172.217.12.150,0,0,0,0,0, 192.168.1.111,172.217.9.243,0,0,0,0,0, 192.168.1.111,172.217.10.14,0,0,0,0,0, 192.168.1.111,172.217.11.45,QUIC,7,5,4983,3001, 192.168.1.111,172.217.13.228,0,0,0,0,0, 192.168.1.111,173.194.5.41,0,0,0,0,0, 192.168.1.111,172.217.11.38,0,0,0,0,0, 192.168.1.111,172.217.11.10,QUIC,0,1,0,72, 192.168.1.111,172.217.9.227,QUIC,7,9,4500,7258, 192.168.1.111,216.58.209.131,0,0,0,0,0, 192.168.1.111,216.58.211.99,0,0,0,0,0, 192.168.1.111,104.237.191.1,0,0,0,0,0, 192.168.1.111,172.217.11.42,0,0,0,0,0, 192.168.1.111,172.217.9.238,QUIC,0,1,0,72, 192.168.1.111,172.217.11.51,0,0,0,0,0, 192.168.1.111,0,0,0,0,0,0, 192.168.1.111,0,0,0,0,0,0, 192.168.1.111,0.0.0.0,0,0,1,0,95,0,0,0,0,0,1526497566731,0.0,1479.681,0,0,0,0,0,0,0,0,0,0.0,0.0,-1
0.3,11,11,2153,6479, 192.168.1.111,173.194.7.25,0,0,0,0,0, 192.168.1.111,23.208.94.102,0,0,0,0,0, 192.168.1.111,172.217.11.35,0,0,0,0,0, 192.168.1.111,172.217.10.110,0,0,0,0,0, 192.168.1.111,172.217.11.3,0,0,0,0,0, 192.168.1.111,172.217.11.14,0,0,0,0,0, 192.168.1.111,172.217.3.118,0,0,0,0,0, 192.168.1.111,172.217.11.34,0,0,0,0,0, 192.168.1.111,172.217.12.150,0,0,0,0,0, 192.168.1.111,172.217.9.243,0,0,0,0,0, 192.168.1.111,172.217.10.14,0,0,0,0,0, 192.168.1.111,172.217.11.45,QUIC,10,11,2073,6479, 192.168.1.111,172.217.13.228,0,0,0,0,0, 192.168.1.111,173.194.5.41,0,0,0,0,0, 192.168.1.111,172.217.11.38,0,0,0,0,0, 192.168.1.111,172.217.11.10,0,0,0,0,0, 192.168.1.111,172.217.9.227,QUIC,1,0,80,0, 192.168.1.111,216.58.209.131,0,0,0,0,0, 192.168.1.111,216.58.211.99,0,0,0,0,0, 192.168.1.111,104.237.191.1,0,0,0,0,0, 192.168.1.111,172.217.11.42,0,0,0,0,0, 192.168.1.111,172.217.9.238,0,0,0,0,0, 192.168.1.111,172.217.11.51,0,0,0,0,0, 192.168.1.111,0,0,0,0,0,0, 192.168.1.111,0,0,0,0,0,0, 192.168.1.111,0.0.0.0,0,0,0,0,0,0,0,0,0,0,1526497566731,0.0,1479.681,0,0,0,0,0,0,0,0,0,0.0,0.0,-1
0.4,0,0,0,0, 192.168.1.111,173.194.7.25,0,0,0,0,0, 192.168.1.111,23.208.94.102,0,0,0,0,0, 192.168.1.111,172.217.11.35,0,0,0,0,0, 192.168.1.111,172.217.10.110,0,0,0,0,0, 192.168.1.111,172.217.11.3,0,0,0,0,0, 192.168.1.111,172.217.11.14,0,0,0,0,0, 192.168.1.111,172.217.3.118,0,0,0,0,0, 192.168.1.111,172.217.11.34,0,0,0,0,0, 192.168.1.111,172.217.12.150,0,0,0,0,0, 192.168.1.111,172.217.9.243,0,0,0,0,0, 192.168.1.111,172.217.10.14,0,0,0,0,0, 192.168.1.111,172.217.11.45,0,0,0,0,0, 192.168.1.111,172.217.13.228,0,0,0,0,0, 192.168.1.111,173.194.5.41,0,0,0,0,0, 192.168.1.111,172.217.11.38,0,0,0,0,0, 192.168.1.111,172.217.11.10,0,0,0,0,0, 192.168.1.111,172.217.9.227,0,0,0,0,0, 192.168.1.111,216.58.209.131,0,0,0,0,0, 192.168.1.111,216.58.211.99,0,0,0,0,0, 192.168.1.111,104.237.191.1,0,0,0,0,0, 192.168.1.111,172.217.11.42,0,0,0,0,0, 192.168.1.111,172.217.9.238,0,0,0,0,0, 192.168.1.111,172.217.11.51,0,0,0,0,0, 192.168.1.111,0,0,0,0,0,0, 192.168.1.111,0,0,0,0,0,0, 192.168.1.111,0.0.0.0,0,0,0,0,0,0,0,0,0,0,1526497566731,0.0,1479.681,0,0,0,0,0,0,0,0,0,0.0,0.0,-1
0.5,4,0,4268,0, 192.168.1.111,173.194.7.25,0,0,0,0,0, 192.168.1.111,23.208.94.102,0,0,0,0,0, 192.168.1.111,172.217.11.35,0,0,0,0,0, 192.168.1.111,172.217.10.110,0,0,0,0,0, 192.168.1.111,172.217.11.3,0,0,0,0,0, 192.168.1.111,172.217.11.14,0,0,0,0,0, 192.168.1.111,172.217.3.118,0,0,0,0,0, 192.168.1.111,172.217.11.34,QUIC,1,0,1392,0, 192.168.1.111,172.217.12.150,0,0,0,0,0, 192.168.1.111,172.217.9.243,0,0,0,0,0, 192.168.1.111,172.217.10.14,0,0,0,0,0, 192.168.1.111,172.217.11.45,0,0,0,0,0, 192.168.1.111,172.217.13.228,QUIC,1,0,1392,0, 192.168.1.111,173.194.5.41,0,0,0,0,0, 192.168.1.111,172.217.11.38,QUIC,1,0,1392,0, 192.168.1.111,172.217.11.10,0,0,0,0,0, 192.168.1.111,172.217.9.227,0,0,0,0,0, 192.168.1.111,216.58.209.131,0,0,0,0,0, 192.168.1.111,216.58.211.99,0,0,0,0,0, 192.168.1.111,104.237.191.1,0,0,0,0,0, 192.168.1.111,172.217.11.42,0,0,0,0,0, 192.168.1.111,172.217.9.238,0,0,0,0,0, 192.168.1.111,172.217.11.51,0,0,0,0,0, 192.168.1.111,0,0,0,0,0,0, 192.168.1.111,0,0,0,0,0,0, 192.168.1.111,0.0.0.0,0,1,0,92,0,0,0,0,0,0,1526497566731,0.0,1479.681,0,0,0,0,0,0,0,0,0,0.0,0.0,-1
0.6,1,0,239,0, 192.168.1.111,173.194.7.25,0,0,0,0,0, 192.168.1.111,23.208.94.102,0,0,0,0,0, 192.168.1.111,172.217.11.35,0,0,0,0,0, 192.168.1.111,172.217.10.110,QUIC,1,0,239,0, 192.168.1.111,172.217.11.3,0,0,0,0,0, 192.168.1.111,172.217.11.14,0,0,0,0,0, 192.168.1.111,172.217.3.118,0,0,0,0,0, 192.168.1.111,172.217.11.34,0,0,0,0,0, 192.168.1.111,172.217.12.150,0,0,0,0,0, 192.168.1.111,172.217.9.243,0,0,0,0,0, 192.168.1.111,172.217.10.14,0,0,0,0,0, 192.168.1.111,172.217.11.45,0,0,0,0,0, 192.168.1.111,172.217.13.228,0,0,0,0,0, 192.168.1.111,173.194.5.41,0,0,0,0,0, 192.168.1.111,172.217.11.38,0,0,0,0,0, 192.168.1.111,172.217.11.10,0,0,0,0,0, 192.168.1.111,172.217.9.227,0,0,0,0,0, 192.168.1.111,216.58.209.131,0,0,0,0,0, 192.168.1.111,216.58.211.99,0,0,0,0,0, 192.168.1.111,104.237.191.1,0,0,0,0,0, 192.168.1.111,172.217.11.42,0,0,0,0,0, 192.168.1.111,172.217.9.238,0,0,0,0,0, 192.168.1.111,172.217.11.51,0,0,0,0,0, 192.168.1.111,0,0,0,0,0,0, 192.168.1.111,0,0,0,0,0,0, 192.168.1.111,0.0.0.0,0,0,0,0,0,0,0,0,0,0,1526497566731,0.0,1479.681,0,0,0,0,0,0,0,0,0,0.0,0.0,-1
0.7,6,8,4416,8564, 192.168.1.111,173.194.7.25,0,0,0,0,0, 192.168.1.111,23.208.94.102,0,0,0,0,0, 192.168.1.111,172.217.11.35,0,0,0,0,0, 192.168.1.111,172.217.10.110,QUIC,0,1,0,75, 192.168.1.111,172.217.11.3,0,0,0,0,0, 192.168.1.111,172.217.11.14,0,0,0,0,0, 192.168.1.111,172.217.3.118,0,0,0,0,0, 192.168.1.111,172.217.11.34,QUIC,2,2,1472,2784, 192.168.1.111,172.217.12.150,0,0,0,0,0, 192.168.1.111,172.217.9.243,0,0,0,0,0, 192.168.1.111,172.217.10.14,0,0,0,0,0, 192.168.1.111,172.217.11.45,0,0,0,0,0, 192.168.1.111,172.217.13.228,QUIC,2,2,1472,2784, 192.168.1.111,173.194.5.41,0,0,0,0,0, 192.168.1.111,172.217.11.38,QUIC,2,2,1472,2784, 192.168.1.111,172.217.11.10,0,0,0,0,0, 192.168.1.111,172.217.9.227,0,0,0,0,0, 192.168.1.111,216.58.209.131,0,0,0,0,0, 192.168.1.111,216.58.211.99,0,0,0,0,0, 192.168.1.111,104.237.191.1,0,0,0,0,0, 192.168.1.111,172.217.11.42,0,0,0,0,0, 192.168.1.111,172.217.9.238,0,0,0,0,0, 192.168.1.111,172.217.11.51,0,0,0,0,0, 192.168.1.111,0,0,0,0,0,0, 192.168.1.111,0,0,0,0,0,0, 192.168.1.111,0.0.0.0,0,0,1,0,137,0,0,0,0,0,1526497566731,0.0,1479.681,0,0,0,0,0,0,0,0,0,0.0,0.0,-1
0.7999999999999999,0,0,0,0, 192.168.1.111,173.194.7.25,0,0,0,0,0, 192.168.1.111,23.208.94.102,0,0,0,0,0, 192.168.1.111,172.217.11.35,0,0,0,0,0, 192.168.1.111,172.217.10.110,0,0,0,0,0, 192.168.1.111,172.217.11.3,0,0,0,0,0, 192.168.1.111,172.217.11.14,0,0,0,0,0, 192.168.1.111,172.217.3.118,0,0,0,0,0, 192.168.1.111,172.217.11.34,0,0,0,0,0, 192.168.1.111,172.217.12.150,0,0,0,0,0, 192.168.1.111,172.217.9.243,0,0,0,0,0, 192.168.1.111,172.217.10.14,0,0,0,0,0, 192.168.1.111,172.217.11.45,0,0,0,0,0, 192.168.1.111,172.217.13.228,0,0,0,0,0, 192.168.1.111,173.194.5.41,0,0,0,0,0, 192.168.1.111,172.217.11.38,0,0,0,0,0, 192.168.1.111,172.217.11.10,0,0,0,0,0, 192.168.1.111,172.217.9.227,0,0,0,0,0, 192.168.1.111,216.58.209.131,0,0,0,0,0, 192.168.1.111,216.58.211.99,0,0,0,0,0, 192.168.1.111,104.237.191.1,0,0,0,0,0, 192.168.1.111,172.217.11.42,0,0,0,0,0, 192.168.1.111,172.217.9.238,0,0,0,0,0, 192.168.1.111,172.217.11.51,0,0,0,0,0, 192.168.1.111,0,0,0,0,0,0, 192.168.1.111,0,0,0,0,0,0, 192.168.1.111,0.0.0.0,0,0,0,0,0,0,0,0,0,0,1526497566731,0.0,1479.681,0,0,0,0,0,0,0,0,0,0.0,0.0,-1
0.8999999999999999,21,27,5613,31733, 192.168.1.111,173.194.7.25,0,0,0,0,0, 192.168.1.111,23.208.94.102,0,0,0,0,0, 192.168.1.111,172.217.11.35,0,0,0,0,0, 192.168.1.111,172.217.10.110,QUIC,7,14,563,16275, 192.168.1.111,172.217.11.3,0,0,0,0,0, 192.168.1.111,172.217.11.14,0,0,0,0,0, 192.168.1.111,172.217.3.118,0,0,0,0,0, 192.168.1.111,172.217.11.34,QUIC,6,7,1790,8425, 192.168.1.111,172.217.12.150,0,0,0,0,0, 192.168.1.111,172.217.9.243,0,0,0,0,0, 192.168.1.111,172.217.10.14,0,0,0,0,0, 192.168.1.111,172.217.11.45,0,0,0,0,0, 192.168.1.111,172.217.13.228,QUIC,5,5,1710,5641, 192.168.1.111,173.194.5.41,0,0,0,0,0, 192.168.1.111,172.217.11.38,QUIC,3,1,1550,1392, 192.168.1.111,172.217.11.10,0,0,0,0,0, 192.168.1.111,172.217.9.227,0,0,0,0,0, 192.168.1.111,216.58.209.131,0,0,0,0,0, 192.168.1.111,216.58.211.99,0,0,0,0,0, 192.168.1.111,104.237.191.1,0,0,0,0,0, 192.168.1.111,172.217.11.42,0,0,0,0,0, 192.168.1.111,172.217.9.238,0,0,0,0,0, 192.168.1.111,172.217.11.51,0,0,0,0,0, 192.168.1.111,0,0,0,0,0,0, 192.168.1.111,0,0,0,0,0,0, 192.168.1.111,0.0.0.0,0,0,0,0,0,0,0,0,0,0,1526497566731,0.0,1479.681,0,0,0,0,0,0,0,0,0,0.0,0.0,-1
1.0,1,1,82,102, 192.168.1.111,173.194.7.25,0,0,0,0,0, 192.168.1.111,23.208.94.102,0,0,0,0,0, 192.168.1.111,172.217.11.35,0,0,0,0,0, 192.168.1.111,172.217.10.110,0,0,0,0,0, 192.168.1.111,172.217.11.3,0,0,0,0,0, 192.168.1.111,172.217.11.14,0,0,0,0,0, 192.168.1.111,172.217.3.118,0,0,0,0,0, 192.168.1.111,172.217.11.34,0,0,0,0,0, 192.168.1.111,172.217.12.150,0,0,0,0,0, 192.168.1.111,172.217.9.243,0,0,0,0,0, 192.168.1.111,172.217.10.14,0,0,0,0,0, 192.168.1.111,172.217.11.45,0,0,0,0,0, 192.168.1.111,172.217.13.228,0,0,0,0,0, 192.168.1.111,173.194.5.41,0,0,0,0,0, 192.168.1.111,172.217.11.38,0,0,0,0,0, 192.168.1.111,172.217.11.10,0,0,0,0,0, 192.168.1.111,172.217.9.227,0,0,0,0,0, 192.168.1.111,216.58.209.131,0,0,0,0,0, 192.168.1.111,216.58.211.99,0,0,0,0,0, 192.168.1.111,104.237.191.1,0,0,0,0,0, 192.168.1.111,172.217.11.42,0,0,0,0,0, 192.168.1.111,172.217.9.238,0,0,0,0,0, 192.168.1.111,172.217.11.51,0,0,0,0,0, 192.168.1.111,0,0,0,0,0,0, 192.168.1.111,0,0,0,0,0,0, 192.168.1.111,0.0.0.0,0,1,0,82,0,0,0,0,0,0,1526497566731,0.0,1479.681,0,0,0,0,0,0,0,0,0,0.0,0.0,-1
1.1,5,10,870,7325, 192.168.1.111,173.194.7.25,0,0,0,0,0, 192.168.1.111,23.208.94.102,0,0,0,0,0, 192.168.1.111,172.217.11.35,0,0,0,0,0, 192.168.1.111,172.217.10.110,0,0,0,0,0, 192.168.1.111,172.217.11.3,0,0,0,0,0, 192.168.1.111,172.217.11.14,0,0,0,0,0, 192.168.1.111,172.217.3.118,0,0,0,0,0, 192.168.1.111,172.217.11.34,QUIC,0,1,0,75, 192.168.1.111,172.217.12.150,0,0,0,0,0, 192.168.1.111,172.217.9.243,0,0,0,0,0, 192.168.1.111,172.217.10.14,0,0,0,0,0, 192.168.1.111,172.217.11.45,0,0,0,0,0, 192.168.1.111,172.217.13.228,QUIC,1,2,80,1464, 192.168.1.111,173.194.5.41,0,0,0,0,0, 192.168.1.111,172.217.11.38,QUIC,4,7,790,5786, 192.168.1.111,172.217.11.10,0,0,0,0,0, 192.168.1.111,172.217.9.227,0,0,0,0,0, 192.168.1.111,216.58.209.131,0,0,0,0,0, 192.168.1.111,216.58.211.99,0,0,0,0,0, 192.168.1.111,104.237.191.1,0,0,0,0,0, 192.168.1.111,172.217.11.42,0,0,0,0,0, 192.168.1.111,172.217.9.238,0,0,0,0,0, 192.168.1.111,172.217.11.51,0,0,0,0,0, 192.168.1.111,0,0,0,0,0,0, 192.168.1.111,0,0,0,0,0,0, 192.168.1.111,0.0.0.0,0,0,0,0,0,0,0,0,0,0,1526497566731,0.0,1479.681,0,0,0,0,0,0,0,0,0,0.0,0.0,-1
1.2,3,3,703,1262, 192.168.1.111,173.194.7.25,0,0,0,0,0, 192.168.1.111,23.208.94.102,0,0,0,0,0, 192.168.1.111,172.217.11.35,0,0,0,0,0, 192.168.1.111,172.217.10.110,0,0,0,0,0, 192.168.1.111,172.217.11.3,0,0,0,0,0, 192.168.1.111,172.217.11.14,0,0,0,0,0, 192.168.1.111,172.217.3.118,0,0,0,0,0, 192.168.1.111,172.217.11.34,QUIC,2,2,626,995, 192.168.1.111,172.217.12.150,0,0,0,0,0, 192.168.1.111,172.217.9.243,0,0,0,0,0, 192.168.1.111,172.217.10.14,0,0,0,0,0, 192.168.1.111,172.217.11.45,0,0,0,0,0, 192.168.1.111,172.217.13.228,0,0,0,0,0, 192.168.1.111,173.194.5.41,0,0,0,0,0, 192.168.1.111,172.217.11.38,QUIC,1,1,77,267, 192.168.1.111,172.217.11.10,0,0,0,0,0, 192.168.1.111,172.217.9.227,0,0,0,0,0, 192.168.1.111,216.58.209.131,0,0,0,0,0, 192.168.1.111,216.58.211.99,0,0,0,0,0, 192.168.1.111,104.237.191.1,0,0,0,0,0, 192.168.1.111,172.217.11.42,0,0,0,0,0, 192.168.1.111,172.217.9.238,0,0,0,0,0, 192.168.1.111,172.217.11.51,0,0,0,0,0, 192.168.1.111,0,0,0,0,0,0, 192.168.1.111,0,0,0,0,0,0, 192.168.1.111,0.0.0.0,0,0,0,0,0,0,0,0,0,0,1526497566731,0.0,1479.681,0,0,0,0,0,0,0,0,0,0.0,0.0,-1
1.3,0,0,0,0, 192.168.1.111,173.194.7.25,0,0,0,0,0, 192.168.1.111,23.208.94.102,0,0,0,0,0, 192.168.1.111,172.217.11.35,0,0,0,0,0, 192.168.1.111,172.217.10.110,0,0,0,0,0, 192.168.1.111,172.217.11.3,0,0,0,0,0, 192.168.1.111,172.217.11.14,0,0,0,0,0, 192.168.1.111,172.217.3.118,0,0,0,0,0, 192.168.1.111,172.217.11.34,0,0,0,0,0, 192.168.1.111,172.217.12.150,0,0,0,0,0, 192.168.1.111,172.217.9.243,0,0,0,0,0, 192.168.1.111,172.217.10.14,0,0,0,0,0, 192.168.1.111,172.217.11.45,0,0,0,0,0, 192.168.1.111,172.217.13.228,0,0,0,0,0, 192.168.1.111,173.194.5.41,0,0,0,0,0, 192.168.1.111,172.217.11.38,0,0,0,0,0, 192.168.1.111,172.217.11.10,0,0,0,0,0, 192.168.1.111,172.217.9.227,0,0,0,0,0, 192.168.1.111,216.58.209.131,0,0,0,0,0, 192.168.1.111,216.58.211.99,0,0,0,0,0, 192.168.1.111,104.237.191.1,0,0,0,0,0, 192.168.1.111,172.217.11.42,0,0,0,0,0, 192.168.1.111,172.217.9.238,0,0,0,0,0, 192.168.1.111,172.217.11.51,0,0,0,0,0, 192.168.1.111,0,0,0,0,0,0, 192.168.1.111,0,0,0,0,0,0, 192.168.1.111,0.0.0.0,0,0,0,0,0,0,0,0,0,0,1526497566731,0.0,1479.681,0,0,0,0,0,0,0,0,0,0.0,0.0,-1
1.4,2,0,891,0, 192.168.1.111,173.194.7.25,0,0,0,0,0, 192.168.1.111,23.208.94.102,0,0,0,0,0, 192.168.1.111,172.217.11.35,0,0,0,0,0, 192.168.1.111,172.217.10.110,QUIC,2,0,891,0, 192.168.1.111,172.217.11.3,0,0,0,0,0, 192.168.1.111,172.217.11.14,0,0,0,0,0, 192.168.1.111,172.217.3.118,0,0,0,0,0, 192.168.1.111,172.217.11.34,0,0,0,0,0, 192.168.1.111,172.217.12.150,0,0,0,0,0, 192.168.1.111,172.217.9.243,0,0,0,0,0, 192.168.1.111,172.217.10.14,0,0,0,0,0, 192.168.1.111,172.217.11.45,0,0,0,0,0, 192.168.1.111,172.217.13.228,0,0,0,0,0, 192.168.1.111,173.194.5.41,0,0,0,0,0, 192.168.1.111,172.217.11.38,0,0,0,0,0, 192.168.1.111,172.217.11.10,0,0,0,0,0, 192.168.1.111,172.217.9.227,0,0,0,0,0, 192.168.1.111,216.58.209.131,0,0,0,0,0, 192.168.1.111,216.58.211.99,0,0,0,0,0, 192.168.1.111,104.237.191.1,0,0,0,0,0, 192.168.1.111,172.217.11.42,0,0,0,0,0, 192.168.1.111,172.217.9.238,0,0,0,0,0, 192.168.1.111,172.217.11.51,0,0,0,0,0, 192.168.1.111,0,0,0,0,0,0, 192.168.1.111,0,0,0,0,0,0, 192.168.1.111,0.0.0.0,0,0,0,0,0,0,0,0,0,0,1526497566731,0.0,1479.681,0,0,0,0,0,0,0,0,0,0.0,0.0,-1
1.5000000000000002,0,0,0,0, 192.168.1.111,173.194.7.25,0,0,0,0,0, 192.168.1.111,23.208.94.102,0,0,0,0,0, 192.168.1.111,172.217.11.35,0,0,0,0,0, 192.168.1.111,172.217.10.110,0,0,0,0,0, 192.168.1.111,172.217.11.3,0,0,0,0,0, 192.168.1.111,172.217.11.14,0,0,0,0,0, 192.168.1.111,172.217.3.118,0,0,0,0,0, 192.168.1.111,172.217.11.34,0,0,0,0,0, 192.168.1.111,172.217.12.150,0,0,0,0,0, 192.168.1.111,172.217.9.243,0,0,0,0,0, 192.168.1.111,172.217.10.14,0,0,0,0,0, 192.168.1.111,172.217.11.45,0,0,0,0,0, 192.168.1.111,172.217.13.228,0,0,0,0,0, 192.168.1.111,173.194.5.41,0,0,0,0,0, 192.168.1.111,172.217.11.38,0,0,0,0,0, 192.168.1.111,172.217.11.10,0,0,0,0,0, 192.168.1.111,172.217.9.227,0,0,0,0,0, 192.168.1.111,216.58.209.131,0,0,0,0,0, 192.168.1.111,216.58.211.99,0,0,0,0,0, 192.168.1.111,104.237.191.1,0,0,0,0,0, 192.168.1.111,172.217.11.42,0,0,0,0,0, 192.168.1.111,172.217.9.238,0,0,0,0,0, 192.168.1.111,172.217.11.51,0,0,0,0,0, 192.168.1.111,0,0,0,0,0,0, 192.168.1.111,0,0,0,0,0,0, 192.168.1.111,0.0.0.0,0,0,0,0,0,0,0,0,0,0,1526497566731,0.0,1479.681,0,0,0,0,0,0,0,0,0,0.0,0.0,-1
1.6000000000000003,0,1,0,93, 192.168.1.111,173.194.7.25,0,0,0,0,0, 192.168.1.111,23.208.94.102,0,0,0,0,0, 192.168.1.111,172.217.11.35,0,0,0,0,0, 192.168.1.111,172.217.10.110,QUIC,0,1,0,93, 192.168.1.111,172.217.11.3,0,0,0,0,0, 192.168.1.111,172.217.11.14,0,0,0,0,0, 192.168.1.111,172.217.3.118,0,0,0,0,0, 192.168.1.111,172.217.11.34,0,0,0,0,0, 192.168.1.111,172.217.12.150,0,0,0,0,0, 192.168.1.111,172.217.9.243,0,0,0,0,0, 192.168.1.111,172.217.10.14,0,0,0,0,0, 192.168.1.111,172.217.11.45,0,0,0,0,0, 192.168.1.111,172.217.13.228,0,0,0,0,0, 192.168.1.111,173.194.5.41,0,0,0,0,0, 192.168.1.111,172.217.11.38,0,0,0,0,0, 192.168.1.111,172.217.11.10,0,0,0,0,0, 192.168.1.111,172.217.9.227,0,0,0,0,0, 192.168.1.111,216.58.209.131,0,0,0,0,0, 192.168.1.111,216.58.211.99,0,0,0,0,0, 192.168.1.111,104.237.191.1,0,0,0,0,0, 192.168.1.111,172.217.11.42,0,0,0,0,0, 192.168.1.111,172.217.9.238,0,0,0,0,0, 192.168.1.111,172.217.11.51,0,0,0,0,0, 192.168.1.111,0,0,0,0,0,0, 192.168.1.111,0,0,0,0,0,0, 192.168.1.111,0.0.0.0,0,0,0,0,0,0,0,0,0,0,1526497566731,0.0,1479.681,0,0,0,0,0,0,0,0,0,0.0,0.0,-1
1.7000000000000004,1,1,425,191, 192.168.1.111,173.194.7.25,0,0,0,0,0, 192.168.1.111,23.208.94.102,0,0,0,0,0, 192.168.1.111,172.217.11.35,0,0,0,0,0, 192.168.1.111,172.217.10.110,QUIC,1,1,425,191, 192.168.1.111,172.217.11.3,0,0,0,0,0, 192.168.1.111,172.217.11.14,0,0,0,0,0, 192.168.1.111,172.217.3.118,0,0,0,0,0, 192.168.1.111,172.217.11.34,0,0,0,0,0, 192.168.1.111,172.217.12.150,0,0,0,0,0, 192.168.1.111,172.217.9.243,0,0,0,0,0, 192.168.1.111,172.217.10.14,0,0,0,0,0, 192.168.1.111,172.217.11.45,0,0,0,0,0, 192.168.1.111,172.217.13.228,0,0,0,0,0, 192.168.1.111,173.194.5.41,0,0,0,0,0, 192.168.1.111,172.217.11.38,0,0,0,0,0, 192.168.1.111,172.217.11.10,0,0,0,0,0, 192.168.1.111,172.217.9.227,0,0,0,0,0, 192.168.1.111,216.58.209.131,0,0,0,0,0, 192.168.1.111,216.58.211.99,0,0,0,0,0, 192.168.1.111,104.237.191.1,0,0,0,0,0, 192.168.1.111,172.217.11.42,0,0,0,0,0, 192.168.1.111,172.217.9.238,0,0,0,0,0, 192.168.1.111,172.217.11.51,0,0,0,0,0, 192.168.1.111,0,0,0,0,0,0, 192.168.1.111,0,0,0,0,0,0, 192.168.1.111,0.0.0.0,0,0,0,0,0,0,0,0,0,0,1526497566731,0.0,1479.681,0,0,0,0,0,0,0,0,0,0.0,0.0,-1
4.4,18,72,2912,90102, 192.168.1.111,173.194.7.25,QUIC,9,64,881,89088, 192.168.1.111,23.208.94.102,0,0,0,0,0, 192.168.1.111,172.217.11.35,0,0,0,0,0, 192.168.1.111,172.217.10.110,QUIC,2,2,1179,176, 192.168.1.111,172.217.11.3,0,0,0,0,0, 192.168.1.111,172.217.11.14,0,0,0,0,0, 192.168.1.111,172.217.3.118,0,0,0,0,0, 192.168.1.111,172.217.11.34,QUIC,1,0,344,0, 192.168.1.111,172.217.12.150,0,0,0,0,0, 192.168.1.111,172.217.9.243,0,0,0,0,0, 192.168.1.111,172.217.10.14,0,0,0,0,0, 192.168.1.111,172.217.11.45,0,0,0,0,0, 192.168.1.111,172.217.13.228,0,0,0,0,0, 192.168.1.111,173.194.5.41,0,0,0,0,0, 192.168.1.111,172.217.11.38,0,0,0,0,0, 192.168.1.111,172.217.11.10,0,0,0,0,0, 192.168.1.111,172.217.9.227,0,0,0,0,0, 192.168.1.111,216.58.209.131,0,0,0,0,0, 192.168.1.111,216.58.211.99,0,0,0,0,0, 192.168.1.111,104.237.191.1,0,0,0,0,0, 192.168.1.111,172.217.11.42,0,0,0,0,0, 192.168.1.111,172.217.9.238,0,0,0,0,0, 192.168.1.111,172.217.11.51,0,0,0,0,0, 192.168.1.111,0,0,0,0,0,0, 192.168.1.111,0,0,0,0,0,0, 192.168.1.111,0.0.0.0,0,6,6,508,838,0,0,1,0,1526497570634,1526497566731,0.0214580839233398,1479.681,0,0,0,0,1,0,0,0,0,7.769541916076659,0.0052653240799875,true
1799.9999999994584,0,0,0,0, 192.168.1.111,173.194.7.25,0,0,0,0,0, 192.168.1.111,23.208.94.102,0,0,0,0,0, 192.168.1.111,172.217.11.35,0,0,0,0,0, 192.168.1.111,172.217.10.110,0,0,0,0,0, 192.168.1.111,172.217.11.3,0,0,0,0,0, 192.168.1.111,172.217.11.14,0,0,0,0,0, 192.168.1.111,172.217.3.118,0,0,0,0,0, 192.168.1.111,172.217.11.34,0,0,0,0,0, 192.168.1.111,172.217.12.150,0,0,0,0,0, 192.168.1.111,172.217.9.243,0,0,0,0,0, 192.168.1.111,172.217.10.14,0,0,0,0,0, 192.168.1.111,172.217.11.45,0,0,0,0,0, 192.168.1.111,172.217.13.228,0,0,0,0,0, 192.168.1.111,173.194.5.41,0,0,0,0,0, 192.168.1.111,172.217.11.38,0,0,0,0,0, 192.168.1.111,172.217.11.10,0,0,0,0,0, 192.168.1.111,172.217.9.227,0,0,0,0,0, 192.168.1.111,216.58.209.131,0,0,0,0,0, 192.168.1.111,216.58.211.99,0,0,0,0,0, 192.168.1.111,104.237.191.1,0,0,0,0,0, 192.168.1.111,172.217.11.42,0,0,0,0,0, 192.168.1.111,172.217.9.238,0,0,0,0,0, 192.168.1.111,172.217.11.51,0,0,0,0,0, 192.168.1.111,0,0,0,0,0,0, 192.168.1.111,0,0,0,0,0,0, 192.168.1.111,0.0.0.0,0,0,0,0,0,0,0,0,0,0,1526497566731,0.0,1479.681,0,0,0,0,0,0,0,0,0,0.0,0.0,-1
1800.0999999994583,0,0,0,0, 192.168.1.111,173.194.7.25,0,0,0,0,0, 192.168.1.111,23.208.94.102,0,0,0,0,0, 192.168.1.111,172.217.11.35,0,0,0,0,0, 192.168.1.111,172.217.10.110,0,0,0,0,0, 192.168.1.111,172.217.11.3,0,0,0,0,0, 192.168.1.111,172.217.11.14,0,0,0,0,0, 192.168.1.111,172.217.3.118,0,0,0,0,0, 192.168.1.111,172.217.11.34,0,0,0,0,0, 192.168.1.111,172.217.12.150,0,0,0,0,0, 192.168.1.111,172.217.9.243,0,0,0,0,0, 192.168.1.111,172.217.10.14,0,0,0,0,0, 192.168.1.111,172.217.11.45,0,0,0,0,0, 192.168.1.111,172.217.13.228,0,0,0,0,0, 192.168.1.111,173.194.5.41,0,0,0,0,0, 192.168.1.111,172.217.11.38,0,0,0,0,0, 192.168.1.111,172.217.11.10,0,0,0,0,0, 192.168.1.111,172.217.9.227,0,0,0,0,0, 192.168.1.111,216.58.209.131,0,0,0,0,0, 192.168.1.111,216.58.211.99,0,0,0,0,0, 192.168.1.111,104.237.191.1,0,0,0,0,0, 192.168.1.111,172.217.11.42,0,0,0,0,0, 192.168.1.111,172.217.9.238,0,0,0,0,0, 192.168.1.111,172.217.11.51,0,0,0,0,0, 192.168.1.111,0,0,0,0,0,0, 192.168.1.111,0,0,0,0,0,0, 192.168.1.111,0.0.0.0,0,0,0,0,0,0,0,0,0,0,1526497566731,0.0,1479.681,0,0,0,0,0,0,0,0,0,0.0,0.0,-1
1800.1999999994582,0,0,0,0, 192.168.1.111,173.194.7.25,0,0,0,0,0, 192.168.1.111,23.208.94.102,0,0,0,0,0, 192.168.1.111,172.217.11.35,0,0,0,0,0, 192.168.1.111,172.217.10.110,0,0,0,0,0, 192.168.1.111,172.217.11.3,0,0,0,0,0, 192.168.1.111,172.217.11.14,0,0,0,0,0, 192.168.1.111,172.217.3.118,0,0,0,0,0, 192.168.1.111,172.217.11.34,0,0,0,0,0, 192.168.1.111,172.217.12.150,0,0,0,0,0, 192.168.1.111,172.217.9.243,0,0,0,0,0, 192.168.1.111,172.217.10.14,0,0,0,0,0, 192.168.1.111,172.217.11.45,0,0,0,0,0, 192.168.1.111,172.217.13.228,0,0,0,0,0, 192.168.1.111,173.194.5.41,0,0,0,0,0, 192.168.1.111,172.217.11.38,0,0,0,0,0, 192.168.1.111,172.217.11.10,0,0,0,0,0, 192.168.1.111,172.217.9.227,0,0,0,0,0, 192.168.1.111,216.58.209.131,0,0,0,0,0, 192.168.1.111,216.58.211.99,0,0,0,0,0, 192.168.1.111,104.237.191.1,0,0,0,0,0, 192.168.1.111,172.217.11.42,0,0,0,0,0, 192.168.1.111,172.217.9.238,0,0,0,0,0, 192.168.1.111,172.217.11.51,0,0,0,0,0, 192.168.1.111,0,0,0,0,0,0, 192.168.1.111,0,0,0,0,0,0, 192.168.1.111,0.0.0.0,0,0,0,0,0,0,0,0,0,0,1526497566731,0.0,1479.681,0,0,0,0,0,0,0,0,0,0.0,0.0,-1
1800.299999999458,0,0,0,0, 192.168.1.111,173.194.7.25,0,0,0,0,0, 192.168.1.111,23.208.94.102,0,0,0,0,0, 192.168.1.111,172.217.11.35,0,0,0,0,0, 192.168.1.111,172.217.10.110,0,0,0,0,0, 192.168.1.111,172.217.11.3,0,0,0,0,0, 192.168.1.111,172.217.11.14,0,0,0,0,0, 192.168.1.111,172.217.3.118,0,0,0,0,0, 192.168.1.111,172.217.11.34,0,0,0,0,0, 192.168.1.111,172.217.12.150,0,0,0,0,0, 192.168.1.111,172.217.9.243,0,0,0,0,0, 192.168.1.111,172.217.10.14,0,0,0,0,0, 192.168.1.111,172.217.11.45,0,0,0,0,0, 192.168.1.111,172.217.13.228,0,0,0,0,0, 192.168.1.111,173.194.5.41,0,0,0,0,0, 192.168.1.111,172.217.11.38,0,0,0,0,0, 192.168.1.111,172.217.11.10,0,0,0,0,0, 192.168.1.111,172.217.9.227,0,0,0,0,0, 192.168.1.111,216.58.209.131,0,0,0,0,0, 192.168.1.111,216.58.211.99,0,0,0,0,0, 192.168.1.111,104.237.191.1,0,0,0,0,0, 192.168.1.111,172.217.11.42,0,0,0,0,0, 192.168.1.111,172.217.9.238,0,0,0,0,0, 192.168.1.111,172.217.11.51,0,0,0,0,0, 192.168.1.111,0,0,0,0,0,0, 192.168.1.111,0,0,0,0,0,0, 192.168.1.111,0.0.0.0,0,0,0,0,0,0,0,0,0,0,1526497566731,0.0,1479.681,0,0,0,0,0,0,0,0,0,0.0,0.0,-1
1800.399999999458,0,0,0,0, 192.168.1.111,173.194.7.25,0,0,0,0,0, 192.168.1.111,23.208.94.102,0,0,0,0,0, 192.168.1.111,172.217.11.35,0,0,0,0,0, 192.168.1.111,172.217.10.110,0,0,0,0,0, 192.168.1.111,172.217.11.3,0,0,0,0,0, 192.168.1.111,172.217.11.14,0,0,0,0,0, 192.168.1.111,172.217.3.118,0,0,0,0,0, 192.168.1.111,172.217.11.34,0,0,0,0,0, 192.168.1.111,172.217.12.150,0,0,0,0,0, 192.168.1.111,172.217.9.243,0,0,0,0,0, 192.168.1.111,172.217.10.14,0,0,0,0,0, 192.168.1.111,172.217.11.45,0,0,0,0,0, 192.168.1.111,172.217.13.228,0,0,0,0,0, 192.168.1.111,173.194.5.41,0,0,0,0,0, 192.168.1.111,172.217.11.38,0,0,0,0,0, 192.168.1.111,172.217.11.10,0,0,0,0,0, 192.168.1.111,172.217.9.227,0,0,0,0,0, 192.168.1.111,216.58.209.131,0,0,0,0,0, 192.168.1.111,216.58.211.99,0,0,0,0,0, 192.168.1.111,104.237.191.1,0,0,0,0,0, 192.168.1.111,172.217.11.42,0,0,0,0,0, 192.168.1.111,172.217.9.238,0,0,0,0,0, 192.168.1.111,172.217.11.51,0,0,0,0,0, 192.168.1.111,0,0,0,0,0,0, 192.168.1.111,0,0,0,0,0,0, 192.168.1.111,0.0.0.0,0,0,0,0,0,0,0,0,0,0,1526497566731,0.0,1479.681,0,0,0,0,0,0,0,0,0,0.0,0.0,-1
1800.499999999458,0,0,0,0, 192.168.1.111,173.194.7.25,0,0,0,0,0, 192.168.1.111,23.208.94.102,0,0,0,0,0, 192.168.1.111,172.217.11.35,0,0,0,0,0, 192.168.1.111,172.217.10.110,0,0,0,0,0, 192.168.1.111,172.217.11.3,0,0,0,0,0, 192.168.1.111,172.217.11.14,0,0,0,0,0, 192.168.1.111,172.217.3.118,0,0,0,0,0, 192.168.1.111,172.217.11.34,0,0,0,0,0, 192.168.1.111,172.217.12.150,0,0,0,0,0, 192.168.1.111,172.217.9.243,0,0,0,0,0, 192.168.1.111,172.217.10.14,0,0,0,0,0, 192.168.1.111,172.217.11.45,0,0,0,0,0, 192.168.1.111,172.217.13.228,0,0,0,0,0, 192.168.1.111,173.194.5.41,0,0,0,0,0, 192.168.1.111,172.217.11.38,0,0,0,0,0, 192.168.1.111,172.217.11.10,0,0,0,0,0, 192.168.1.111,172.217.9.227,0,0,0,0,0, 192.168.1.111,216.58.209.131,0,0,0,0,0, 192.168.1.111,216.58.211.99,0,0,0,0,0, 192.168.1.111,104.237.191.1,0,0,0,0,0, 192.168.1.111,172.217.11.42,0,0,0,0,0, 192.168.1.111,172.217.9.238,0,0,0,0,0, 192.168.1.111,172.217.11.51,0,0,0,0,0, 192.168.1.111,0,0,0,0,0,0, 192.168.1.111,0,0,0,0,0,0, 192.168.1.111,0.0.0.0,0,0,0,0,0,0,0,0,0,0,1526497566731,0.0,1479.681,0,0,0,0,0,0,0,0,0,0.0,0.0,-1
1800.599999999458,0,0,0,0, 192.168.1.111,173.194.7.25,0,0,0,0,0, 192.168.1.111,23.208.94.102,0,0,0,0,0, 192.168.1.111,172.217.11.35,0,0,0,0,0, 192.168.1.111,172.217.10.110,0,0,0,0,0, 192.168.1.111,172.217.11.3,0,0,0,0,0, 192.168.1.111,172.217.11.14,0,0,0,0,0, 192.168.1.111,172.217.3.118,0,0,0,0,0, 192.168.1.111,172.217.11.34,0,0,0,0,0, 192.168.1.111,172.217.12.150,0,0,0,0,0, 192.168.1.111,172.217.9.243,0,0,0,0,0, 192.168.1.111,172.217.10.14,0,0,0,0,0, 192.168.1.111,172.217.11.45,0,0,0,0,0, 192.168.1.111,172.217.13.228,0,0,0,0,0, 192.168.1.111,173.194.5.41,0,0,0,0,0, 192.168.1.111,172.217.11.38,0,0,0,0,0, 192.168.1.111,172.217.11.10,0,0,0,0,0, 192.168.1.111,172.217.9.227,0,0,0,0,0, 192.168.1.111,216.58.209.131,0,0,0,0,0, 192.168.1.111,216.58.211.99,0,0,0,0,0, 192.168.1.111,104.237.191.1,0,0,0,0,0, 192.168.1.111,172.217.11.42,0,0,0,0,0, 192.168.1.111,172.217.9.238,0,0,0,0,0, 192.168.1.111,172.217.11.51,0,0,0,0,0, 192.168.1.111,0,0,0,0,0,0, 192.168.1.111,0,0,0,0,0,0, 192.168.1.111,0.0.0.0,0,0,0,0,0,0,0,0,0,0,1526497566731,0.0,1479.681,0,0,0,0,0,0,0,0,0,0.0,0.0,-1
1800.6999999994578,0,0,0,0, 192.168.1.111,173.194.7.25,0,0,0,0,0, 192.168.1.111,23.208.94.102,0,0,0,0,0, 192.168.1.111,172.217.11.35,0,0,0,0,0, 192.168.1.111,172.217.10.110,0,0,0,0,0, 192.168.1.111,172.217.11.3,0,0,0,0,0, 192.168.1.111,172.217.11.14,0,0,0,0,0, 192.168.1.111,172.217.3.118,0,0,0,0,0, 192.168.1.111,172.217.11.34,0,0,0,0,0, 192.168.1.111,172.217.12.150,0,0,0,0,0, 192.168.1.111,172.217.9.243,0,0,0,0,0, 192.168.1.111,172.217.10.14,0,0,0,0,0, 192.168.1.111,172.217.11.45,0,0,0,0,0, 192.168.1.111,172.217.13.228,0,0,0,0,0, 192.168.1.111,173.194.5.41,0,0,0,0,0, 192.168.1.111,172.217.11.38,0,0,0,0,0, 192.168.1.111,172.217.11.10,0,0,0,0,0, 192.168.1.111,172.217.9.227,0,0,0,0,0, 192.168.1.111,216.58.209.131,0,0,0,0,0, 192.168.1.111,216.58.211.99,0,0,0,0,0, 192.168.1.111,104.237.191.1,0,0,0,0,0, 192.168.1.111,172.217.11.42,0,0,0,0,0, 192.168.1.111,172.217.9.238,0,0,0,0,0, 192.168.1.111,172.217.11.51,0,0,0,0,0, 192.168.1.111,0,0,0,0,0,0, 192.168.1.111,0,0,0,0,0,0, 192.168.1.111,0.0.0.0,0,0,0,0,0,0,0,0,0,0,1526497566731,0.0,1479.681,0,0,0,0,0,0,0,0,0,0.0,0.0,-1
1800.7999999994577,0,0,0,0, 192.168.1.111,173.194.7.25,0,0,0,0,0, 192.168.1.111,23.208.94.102,0,0,0,0,0, 192.168.1.111,172.217.11.35,0,0,0,0,0, 192.168.1.111,172.217.10.110,0,0,0,0,0, 192.168.1.111,172.217.11.3,0,0,0,0,0, 192.168.1.111,172.217.11.14,0,0,0,0,0, 192.168.1.111,172.217.3.118,0,0,0,0,0, 192.168.1.111,172.217.11.34,0,0,0,0,0, 192.168.1.111,172.217.12.150,0,0,0,0,0, 192.168.1.111,172.217.9.243,0,0,0,0,0, 192.168.1.111,172.217.10.14,0,0,0,0,0, 192.168.1.111,172.217.11.45,0,0,0,0,0, 192.168.1.111,172.217.13.228,0,0,0,0,0, 192.168.1.111,173.194.5.41,0,0,0,0,0, 192.168.1.111,172.217.11.38,0,0,0,0,0, 192.168.1.111,172.217.11.10,0,0,0,0,0, 192.168.1.111,172.217.9.227,0,0,0,0,0, 192.168.1.111,216.58.209.131,0,0,0,0,0, 192.168.1.111,216.58.211.99,0,0,0,0,0, 192.168.1.111,104.237.191.1,0,0,0,0,0, 192.168.1.111,172.217.11.42,0,0,0,0,0, 192.168.1.111,172.217.9.238,0,0,0,0,0, 192.168.1.111,172.217.11.51,0,0,0,0,0, 192.168.1.111,0,0,0,0,0,0, 192.168.1.111,0,0,0,0,0,0, 192.168.1.111,0.0.0.0,0,0,0,0,0,0,0,0,0,0,1526497566731,0.0,1479.681,0,0,0,0,0,0,0,0,0,0.0,0.0,-1
1800.8999999994576,0,0,0,0, 192.168.1.111,173.194.7.25,0,0,0,0,0, 192.168.1.111,23.208.94.102,0,0,0,0,0, 192.168.1.111,172.217.11.35,0,0,0,0,0, 192.168.1.111,172.217.10.110,0,0,0,0,0, 192.168.1.111,172.217.11.3,0,0,0,0,0, 192.168.1.111,172.217.11.14,0,0,0,0,0, 192.168.1.111,172.217.3.118,0,0,0,0,0, 192.168.1.111,172.217.11.34,0,0,0,0,0, 192.168.1.111,172.217.12.150,0,0,0,0,0, 192.168.1.111,172.217.9.243,0,0,0,0,0, 192.168.1.111,172.217.10.14,0,0,0,0,0, 192.168.1.111,172.217.11.45,0,0,0,0,0, 192.168.1.111,172.217.13.228,0,0,0,0,0, 192.168.1.111,173.194.5.41,0,0,0,0,0, 192.168.1.111,172.217.11.38,0,0,0,0,0, 192.168.1.111,172.217.11.10,0,0,0,0,0, 192.168.1.111,172.217.9.227,0,0,0,0,0, 192.168.1.111,216.58.209.131,0,0,0,0,0, 192.168.1.111,216.58.211.99,0,0,0,0,0, 192.168.1.111,104.237.191.1,0,0,0,0,0, 192.168.1.111,172.217.11.42,0,0,0,0,0, 192.168.1.111,172.217.9.238,0,0,0,0,0, 192.168.1.111,172.217.11.51,0,0,0,0,0, 192.168.1.111,0,0,0,0,0,0, 192.168.1.111,0,0,0,0,0,0, 192.168.1.111,0.0.0.0,0,0,0,0,0,0,0,0,0,0,1526497566731,0.0,1479.681,0,0,0,0,0,0,0,0,0,0.0,0.0,-1
0.0,1,0,217,0, 192.168.1.111,172.217.135.9,0,0,0,0,0, 192.168.1.111,172.217.11.35,0,0,0,0,0, 192.168.1.111,74.125.159.74,0,0,0,0,0, 192.168.1.111,172.217.12.174,0,0,0,0,0, 192.168.1.111,172.217.10.142,0,0,0,0,0, 192.168.1.111,172.217.17.35,0,0,0,0,0, 192.168.1.111,172.217.11.46,0,0,0,0,0, 192.168.1.111,216.58.211.99,0,0,0,0,0, 192.168.1.111,172.217.11.42,0,0,0,0,0, 192.168.1.111,172.217.11.3,0,0,0,0,0, 192.168.1.111,173.194.24.216,0,0,0,0,0, 192.168.1.111,172.217.11.14,0,0,0,0,0, 192.168.1.111,74.125.155.231,0,0,0,0,0, 192.168.1.111,172.217.17.67,0,0,0,0,0, 192.168.1.111,216.58.219.194,0,0,0,0,0, 192.168.1.111,172.217.11.38,0,0,0,0,0, 192.168.1.111,172.217.9.227,0,0,0,0,0, 192.168.1.111,172.217.11.45,0,0,0,0,0, 192.168.1.111,216.58.212.163,0,0,0,0,0, 192.168.1.111,172.217.9.238,0,0,0,0,0, 192.168.1.111,172.217.10.54,0,0,0,0,0, 192.168.1.111,172.217.15.68,0,0,0,0,0, 192.168.1.111,172.217.11.51,0,0,0,0,0, 192.168.1.111,0,0,0,0,0,0, 192.168.1.111,0,0,0,0,0,0, 192.168.1.111,0.0.0.0,0,1,0,217,0,0,0,0,0,0,1526403849675,0.0,31732.921,0,0,0,0,0,0,0,0,0,0.0,0.0,-1
0.1,4,3,2943,2879, 192.168.1.111,172.217.135.9,0,0,0,0,0, 192.168.1.111,172.217.11.35,0,0,0,0,0, 192.168.1.111,74.125.159.74,0,0,0,0,0, 192.168.1.111,172.217.12.174,0,0,0,0,0, 192.168.1.111,172.217.10.142,0,0,0,0,0, 192.168.1.111,172.217.17.35,0,0,0,0,0, 192.168.1.111,172.217.11.46,0,0,0,0,0, 192.168.1.111,216.58.211.99,0,0,0,0,0, 192.168.1.111,172.217.11.42,0,0,0,0,0, 192.168.1.111,172.217.11.3,0,0,0,0,0, 192.168.1.111,173.194.24.216,0,0,0,0,0, 192.168.1.111,172.217.11.14,0,0,0,0,0, 192.168.1.111,74.125.155.231,0,0,0,0,0, 192.168.1.111,172.217.17.67,0,0,0,0,0, 192.168.1.111,216.58.219.194,0,0,0,0,0, 192.168.1.111,172.217.11.38,0,0,0,0,0, 192.168.1.111,172.217.9.227,0,0,0,0,0, 192.168.1.111,172.217.11.45,QUIC,3,2,2864,2784, 192.168.1.111,216.58.212.163,0,0,0,0,0, 192.168.1.111,172.217.9.238,0,0,0,0,0, 192.168.1.111,172.217.10.54,0,0,0,0,0, 192.168.1.111,172.217.15.68,0,0,0,0,0, 192.168.1.111,172.217.11.51,0,0,0,0,0, 192.168.1.111,0,0,0,0,0,0, 192.168.1.111,0,0,0,0,0,0, 192.168.1.111,0.0.0.0,0,1,1,79,95,0,0,0,0,0,1526403849675,0.0,31732.921,0,0,0,0,0,0,0,0,0,0.0,0.0,-1
0.2,6,6,1535,2994, 192.168.1.111,172.217.135.9,0,0,0,0,0, 192.168.1.111,172.217.11.35,0,0,0,0,0, 192.168.1.111,74.125.159.74,0,0,0,0,0, 192.168.1.111,172.217.12.174,0,0,0,0,0, 192.168.1.111,172.217.10.142,0,0,0,0,0, 192.168.1.111,172.217.17.35,0,0,0,0,0, 192.168.1.111,172.217.11.46,0,0,0,0,0, 192.168.1.111,216.58.211.99,0,0,0,0,0, 192.168.1.111,172.217.11.42,0,0,0,0,0, 192.168.1.111,172.217.11.3,0,0,0,0,0, 192.168.1.111,173.194.24.216,0,0,0,0,0, 192.168.1.111,172.217.11.14,0,0,0,0,0, 192.168.1.111,74.125.155.231,0,0,0,0,0, 192.168.1.111,172.217.17.67,0,0,0,0,0, 192.168.1.111,216.58.219.194,0,0,0,0,0, 192.168.1.111,172.217.11.38,0,0,0,0,0, 192.168.1.111,172.217.9.227,0,0,0,0,0, 192.168.1.111,172.217.11.45,QUIC,6,6,1535,2994, 192.168.1.111,216.58.212.163,0,0,0,0,0, 192.168.1.111,172.217.9.238,0,0,0,0,0, 192.168.1.111,172.217.10.54,0,0,0,0,0, 192.168.1.111,172.217.15.68,0,0,0,0,0, 192.168.1.111,172.217.11.51,0,0,0,0,0, 192.168.1.111,0,0,0,0,0,0, 192.168.1.111,0,0,0,0,0,0, 192.168.1.111,0.0.0.0,0,0,0,0,0,0,0,0,0,0,1526403849675,0.0,31732.921,0,0,0,0,0,0,0,0,0,0.0,0.0,-1
0.3,0,0,0,0, 192.168.1.111,172.217.135.9,0,0,0,0,0, 192.168.1.111,172.217.11.35,0,0,0,0,0, 192.168.1.111,74.125.159.74,0,0,0,0,0, 192.168.1.111,172.217.12.174,0,0,0,0,0, 192.168.1.111,172.217.10.142,0,0,0,0,0, 192.168.1.111,172.217.17.35,0,0,0,0,0, 192.168.1.111,172.217.11.46,0,0,0,0,0, 192.168.1.111,216.58.211.99,0,0,0,0,0, 192.168.1.111,172.217.11.42,0,0,0,0,0, 192.168.1.111,172.217.11.3,0,0,0,0,0, 192.168.1.111,173.194.24.216,0,0,0,0,0, 192.168.1.111,172.217.11.14,0,0,0,0,0, 192.168.1.111,74.125.155.231,0,0,0,0,0, 192.168.1.111,172.217.17.67,0,0,0,0,0, 192.168.1.111,216.58.219.194,0,0,0,0,0, 192.168.1.111,172.217.11.38,0,0,0,0,0, 192.168.1.111,172.217.9.227,0,0,0,0,0, 192.168.1.111,172.217.11.45,0,0,0,0,0, 192.168.1.111,216.58.212.163,0,0,0,0,0, 192.168.1.111,172.217.9.238,0,0,0,0,0, 192.168.1.111,172.217.10.54,0,0,0,0,0, 192.168.1.111,172.217.15.68,0,0,0,0,0, 192.168.1.111,172.217.11.51,0,0,0,0,0, 192.168.1.111,0,0,0,0,0,0, 192.168.1.111,0,0,0,0,0,0, 192.168.1.111,0.0.0.0,0,0,0,0,0,0,0,0,0,0,1526403849675,0.0,31732.921,0,0,0,0,0,0,0,0,0,0.0,0.0,-1
0.4,0,0,0,0, 192.168.1.111,172.217.135.9,0,0,0,0,0, 192.168.1.111,172.217.11.35,0,0,0,0,0, 192.168.1.111,74.125.159.74,0,0,0,0,0, 192.168.1.111,172.217.12.174,0,0,0,0,0, 192.168.1.111,172.217.10.142,0,0,0,0,0, 192.168.1.111,172.217.17.35,0,0,0,0,0, 192.168.1.111,172.217.11.46,0,0,0,0,0, 192.168.1.111,216.58.211.99,0,0,0,0,0, 192.168.1.111,172.217.11.42,0,0,0,0,0, 192.168.1.111,172.217.11.3,0,0,0,0,0, 192.168.1.111,173.194.24.216,0,0,0,0,0, 192.168.1.111,172.217.11.14,0,0,0,0,0, 192.168.1.111,74.125.155.231,0,0,0,0,0, 192.168.1.111,172.217.17.67,0,0,0,0,0, 192.168.1.111,216.58.219.194,0,0,0,0,0, 192.168.1.111,172.217.11.38,0,0,0,0,0, 192.168.1.111,172.217.9.227,0,0,0,0,0, 192.168.1.111,172.217.11.45,0,0,0,0,0, 192.168.1.111,216.58.212.163,0,0,0,0,0, 192.168.1.111,172.217.9.238,0,0,0,0,0, 192.168.1.111,172.217.10.54,0,0,0,0,0, 192.168.1.111,172.217.15.68,0,0,0,0,0, 192.168.1.111,172.217.11.51,0,0,0,0,0, 192.168.1.111,0,0,0,0,0,0, 192.168.1.111,0,0,0,0,0,0, 192.168.1.111,0.0.0.0,0,0,0,0,0,0,0,0,0,0,1526403849675,0.0,31732.921,0,0,0,0,0,0,0,0,0,0.0,0.0,-1
0.5,2,1,919,1143, 192.168.1.111,172.217.135.9,0,0,0,0,0, 192.168.1.111,172.217.11.35,0,0,0,0,0, 192.168.1.111,74.125.159.74,0,0,0,0,0, 192.168.1.111,172.217.12.174,0,0,0,0,0, 192.168.1.111,172.217.10.142,QUIC,2,1,919,1143, 192.168.1.111,172.217.17.35,0,0,0,0,0, 192.168.1.111,172.217.11.46,0,0,0,0,0, 192.168.1.111,216.58.211.99,0,0,0,0,0, 192.168.1.111,172.217.11.42,0,0,0,0,0, 192.168.1.111,172.217.11.3,0,0,0,0,0, 192.168.1.111,173.194.24.216,0,0,0,0,0, 192.168.1.111,172.217.11.14,0,0,0,0,0, 192.168.1.111,74.125.155.231,0,0,0,0,0, 192.168.1.111,172.217.17.67,0,0,0,0,0, 192.168.1.111,216.58.219.194,0,0,0,0,0, 192.168.1.111,172.217.11.38,0,0,0,0,0, 192.168.1.111,172.217.9.227,0,0,0,0,0, 192.168.1.111,172.217.11.45,0,0,0,0,0, 192.168.1.111,216.58.212.163,0,0,0,0,0, 192.168.1.111,172.217.9.238,0,0,0,0,0, 192.168.1.111,172.217.10.54,0,0,0,0,0, 192.168.1.111,172.217.15.68,0,0,0,0,0, 192.168.1.111,172.217.11.51,0,0,0,0,0, 192.168.1.111,0,0,0,0,0,0, 192.168.1.111,0,0,0,0,0,0, 192.168.1.111,0.0.0.0,0,0,0,0,0,0,0,0,0,0,1526403849675,0.0,31732.921,0,0,0,0,0,0,0,0,0,0.0,0.0,-1
0.6,5,4,3025,4249, 192.168.1.111,172.217.135.9,0,0,0,0,0, 192.168.1.111,172.217.11.35,QUIC,5,4,3025,4249, 192.168.1.111,74.125.159.74,0,0,0,0,0, 192.168.1.111,172.217.12.174,0,0,0,0,0, 192.168.1.111,172.217.10.142,0,0,0,0,0, 192.168.1.111,172.217.17.35,0,0,0,0,0, 192.168.1.111,172.217.11.46,0,0,0,0,0, 192.168.1.111,216.58.211.99,0,0,0,0,0, 192.168.1.111,172.217.11.42,0,0,0,0,0, 192.168.1.111,172.217.11.3,0,0,0,0,0, 192.168.1.111,173.194.24.216,0,0,0,0,0, 192.168.1.111,172.217.11.14,0,0,0,0,0, 192.168.1.111,74.125.155.231,0,0,0,0,0, 192.168.1.111,172.217.17.67,0,0,0,0,0, 192.168.1.111,216.58.219.194,0,0,0,0,0, 192.168.1.111,172.217.11.38,0,0,0,0,0, 192.168.1.111,172.217.9.227,0,0,0,0,0, 192.168.1.111,172.217.11.45,0,0,0,0,0, 192.168.1.111,216.58.212.163,0,0,0,0,0, 192.168.1.111,172.217.9.238,0,0,0,0,0, 192.168.1.111,172.217.10.54,0,0,0,0,0, 192.168.1.111,172.217.15.68,0,0,0,0,0, 192.168.1.111,172.217.11.51,0,0,0,0,0, 192.168.1.111,0,0,0,0,0,0, 192.168.1.111,0,0,0,0,0,0, 192.168.1.111,0.0.0.0,0,0,0,0,0,0,0,0,0,0,1526403849675,0.0,31732.921,0,0,0,0,0,0,0,0,0,0.0,0.0,-1
0.7,0,1,0,72, 192.168.1.111,172.217.135.9,0,0,0,0,0, 192.168.1.111,172.217.11.35,QUIC,0,1,0,72, 192.168.1.111,74.125.159.74,0,0,0,0,0, 192.168.1.111,172.217.12.174,0,0,0,0,0, 192.168.1.111,172.217.10.142,0,0,0,0,0, 192.168.1.111,172.217.17.35,0,0,0,0,0, 192.168.1.111,172.217.11.46,0,0,0,0,0, 192.168.1.111,216.58.211.99,0,0,0,0,0, 192.168.1.111,172.217.11.42,0,0,0,0,0, 192.168.1.111,172.217.11.3,0,0,0,0,0, 192.168.1.111,173.194.24.216,0,0,0,0,0, 192.168.1.111,172.217.11.14,0,0,0,0,0, 192.168.1.111,74.125.155.231,0,0,0,0,0, 192.168.1.111,172.217.17.67,0,0,0,0,0, 192.168.1.111,216.58.219.194,0,0,0,0,0, 192.168.1.111,172.217.11.38,0,0,0,0,0, 192.168.1.111,172.217.9.227,0,0,0,0,0, 192.168.1.111,172.217.11.45,0,0,0,0,0, 192.168.1.111,216.58.212.163,0,0,0,0,0, 192.168.1.111,172.217.9.238,0,0,0,0,0, 192.168.1.111,172.217.10.54,0,0,0,0,0, 192.168.1.111,172.217.15.68,0,0,0,0,0, 192.168.1.111,172.217.11.51,0,0,0,0,0, 192.168.1.111,0,0,0,0,0,0, 192.168.1.111,0,0,0,0,0,0, 192.168.1.111,0.0.0.0,0,0,0,0,0,0,0,0,0,0,1526403849675,0.0,31732.921,0,0,0,0,0,0,0,0,0,0.0,0.0,-1
0.7999999999999999,16,18,9308,17504, 192.168.1.111,172.217.135.9,0,0,0,0,0, 192.168.1.111,172.217.11.35,QUIC,4,4,2945,4249, 192.168.1.111,74.125.159.74,0,0,0,0,0, 192.168.1.111,172.217.12.174,0,0,0,0,0, 192.168.1.111,172.217.10.142,QUIC,1,1,239,72, 192.168.1.111,172.217.17.35,0,0,0,0,0, 192.168.1.111,172.217.11.46,0,0,0,0,0, 192.168.1.111,216.58.211.99,0,0,0,0,0, 192.168.1.111,172.217.11.42,0,0,0,0,0, 192.168.1.111,172.217.11.3,0,0,0,0,0, 192.168.1.111,173.194.24.216,0,0,0,0,0, 192.168.1.111,172.217.11.14,0,0,0,0,0, 192.168.1.111,74.125.155.231,QUIC,2,4,1472,4256, 192.168.1.111,172.217.17.67,0,0,0,0,0, 192.168.1.111,216.58.219.194,QUIC,2,2,1472,2784, 192.168.1.111,172.217.11.38,QUIC,2,2,1472,2784, 192.168.1.111,172.217.9.227,0,0,0,0,0, 192.168.1.111,172.217.11.45,0,0,0,0,0, 192.168.1.111,216.58.212.163,0,0,0,0,0, 192.168.1.111,172.217.9.238,0,0,0,0,0, 192.168.1.111,172.217.10.54,QUIC,2,2,1472,2784, 192.168.1.111,172.217.15.68,0,0,0,0,0, 192.168.1.111,172.217.11.51,0,0,0,0,0, 192.168.1.111,0,0,0,0,0,0, 192.168.1.111,0,0,0,0,0,0, 192.168.1.111,0.0.0.0,0,3,3,236,575,0,0,0,0,0,1526403849675,0.0,31732.921,0,0,0,0,0,0,0,0,0,0.0,0.0,-1
0.8999999999999999,21,29,8250,27786, 192.168.1.111,172.217.135.9,0,0,0,0,0, 192.168.1.111,172.217.11.35,QUIC,0,1,0,72, 192.168.1.111,74.125.159.74,0,0,0,0,0, 192.168.1.111,172.217.12.174,0,0,0,0,0, 192.168.1.111,172.217.10.142,QUIC,7,14,563,16142, 192.168.1.111,172.217.17.35,0,0,0,0,0, 192.168.1.111,172.217.11.46,0,0,0,0,0, 192.168.1.111,216.58.211.99,0,0,0,0,0, 192.168.1.111,172.217.11.42,0,0,0,0,0, 192.168.1.111,172.217.11.3,0,0,0,0,0, 192.168.1.111,173.194.24.216,0,0,0,0,0, 192.168.1.111,172.217.11.14,0,0,0,0,0, 192.168.1.111,74.125.155.231,QUIC,5,6,3028,4393, 192.168.1.111,172.217.17.67,0,0,0,0,0, 192.168.1.111,216.58.219.194,QUIC,3,3,1553,2857, 192.168.1.111,172.217.11.38,QUIC,3,3,1553,2857, 192.168.1.111,172.217.9.227,0,0,0,0,0, 192.168.1.111,172.217.11.45,0,0,0,0,0, 192.168.1.111,216.58.212.163,0,0,0,0,0, 192.168.1.111,172.217.9.238,0,0,0,0,0, 192.168.1.111,172.217.10.54,QUIC,3,2,1553,1465, 192.168.1.111,172.217.15.68,0,0,0,0,0, 192.168.1.111,172.217.11.51,0,0,0,0,0, 192.168.1.111,0,0,0,0,0,0, 192.168.1.111,0,0,0,0,0,0, 192.168.1.111,0.0.0.0,0,0,0,0,0,0,0,0,0,0,1526403849675,0.0,31732.921,0,0,0,0,0,0,0,0,0,0.0,0.0,-1
1.0,3,3,237,216, 192.168.1.111,172.217.135.9,0,0,0,0,0, 192.168.1.111,172.217.11.35,0,0,0,0,0, 192.168.1.111,74.125.159.74,0,0,0,0,0, 192.168.1.111,172.217.12.174,0,0,0,0,0, 192.168.1.111,172.217.10.142,0,0,0,0,0, 192.168.1.111,172.217.17.35,0,0,0,0,0, 192.168.1.111,172.217.11.46,0,0,0,0,0, 192.168.1.111,216.58.211.99,0,0,0,0,0, 192.168.1.111,172.217.11.42,0,0,0,0,0, 192.168.1.111,172.217.11.3,0,0,0,0,0, 192.168.1.111,173.194.24.216,0,0,0,0,0, 192.168.1.111,172.217.11.14,0,0,0,0,0, 192.168.1.111,74.125.155.231,QUIC,1,0,83,0, 192.168.1.111,172.217.17.67,0,0,0,0,0, 192.168.1.111,216.58.219.194,QUIC,1,1,77,72, 192.168.1.111,172.217.11.38,QUIC,1,1,77,72, 192.168.1.111,172.217.9.227,0,0,0,0,0, 192.168.1.111,172.217.11.45,0,0,0,0,0, 192.168.1.111,216.58.212.163,0,0,0,0,0, 192.168.1.111,172.217.9.238,0,0,0,0,0, 192.168.1.111,172.217.10.54,QUIC,0,1,0,72, 192.168.1.111,172.217.15.68,0,0,0,0,0, 192.168.1.111,172.217.11.51,0,0,0,0,0, 192.168.1.111,0,0,0,0,0,0, 192.168.1.111,0,0,0,0,0,0, 192.168.1.111,0.0.0.0,0,0,0,0,0,0,0,0,0,0,1526403849675,0.0,31732.921,0,0,0,0,0,0,0,0,0,0.0,0.0,-1
1.1,1,0,217,0, 192.168.1.111,172.217.135.9,0,0,0,0,0, 192.168.1.111,172.217.11.35,0,0,0,0,0, 192.168.1.111,74.125.159.74,0,0,0,0,0, 192.168.1.111,172.217.12.174,0,0,0,0,0, 192.168.1.111,172.217.10.142,0,0,0,0,0, 192.168.1.111,172.217.17.35,0,0,0,0,0, 192.168.1.111,172.217.11.46,0,0,0,0,0, 192.168.1.111,216.58.211.99,0,0,0,0,0, 192.168.1.111,172.217.11.42,0,0,0,0,0, 192.168.1.111,172.217.11.3,0,0,0,0,0, 192.168.1.111,173.194.24.216,0,0,0,0,0, 192.168.1.111,172.217.11.14,0,0,0,0,0, 192.168.1.111,74.125.155.231,0,0,0,0,0, 192.168.1.111,172.217.17.67,0,0,0,0,0, 192.168.1.111,216.58.219.194,0,0,0,0,0, 192.168.1.111,172.217.11.38,0,0,0,0,0, 192.168.1.111,172.217.9.227,0,0,0,0,0, 192.168.1.111,172.217.11.45,0,0,0,0,0, 192.168.1.111,216.58.212.163,0,0,0,0,0, 192.168.1.111,172.217.9.238,0,0,0,0,0, 192.168.1.111,172.217.10.54,0,0,0,0,0, 192.168.1.111,172.217.15.68,0,0,0,0,0, 192.168.1.111,172.217.11.51,0,0,0,0,0, 192.168.1.111,0,0,0,0,0,0, 192.168.1.111,0,0,0,0,0,0, 192.168.1.111,0.0.0.0,0,1,0,217,0,0,0,0,0,0,1526403849675,0.0,31732.921,0,0,0,0,0,0,0,0,0,0.0,0.0,-1
1.2,0,0,0,0, 192.168.1.111,172.217.135.9,0,0,0,0,0, 192.168.1.111,172.217.11.35,0,0,0,0,0, 192.168.1.111,74.125.159.74,0,0,0,0,0, 192.168.1.111,172.217.12.174,0,0,0,0,0, 192.168.1.111,172.217.10.142,0,0,0,0,0, 192.168.1.111,172.217.17.35,0,0,0,0,0, 192.168.1.111,172.217.11.46,0,0,0,0,0, 192.168.1.111,216.58.211.99,0,0,0,0,0, 192.168.1.111,172.217.11.42,0,0,0,0,0, 192.168.1.111,172.217.11.3,0,0,0,0,0, 192.168.1.111,173.194.24.216,0,0,0,0,0, 192.168.1.111,172.217.11.14,0,0,0,0,0, 192.168.1.111,74.125.155.231,0,0,0,0,0, 192.168.1.111,172.217.17.67,0,0,0,0,0, 192.168.1.111,216.58.219.194,0,0,0,0,0, 192.168.1.111,172.217.11.38,0,0,0,0,0, 192.168.1.111,172.217.9.227,0,0,0,0,0, 192.168.1.111,172.217.11.45,0,0,0,0,0, 192.168.1.111,216.58.212.163,0,0,0,0,0, 192.168.1.111,172.217.9.238,0,0,0,0,0, 192.168.1.111,172.217.10.54,0,0,0,0,0, 192.168.1.111,172.217.15.68,0,0,0,0,0, 192.168.1.111,172.217.11.51,0,0,0,0,0, 192.168.1.111,0,0,0,0,0,0, 192.168.1.111,0,0,0,0,0,0, 192.168.1.111,0.0.0.0,0,0,0,0,0,0,0,0,0,0,1526403849675,0.0,31732.921,0,0,0,0,0,0,0,0,0,0.0,0.0,-1
1.3,0,0,0,0, 192.168.1.111,172.217.135.9,0,0,0,0,0, 192.168.1.111,172.217.11.35,0,0,0,0,0, 192.168.1.111,74.125.159.74,0,0,0,0,0, 192.168.1.111,172.217.12.174,0,0,0,0,0, 192.168.1.111,172.217.10.142,0,0,0,0,0, 192.168.1.111,172.217.17.35,0,0,0,0,0, 192.168.1.111,172.217.11.46,0,0,0,0,0, 192.168.1.111,216.58.211.99,0,0,0,0,0, 192.168.1.111,172.217.11.42,0,0,0,0,0, 192.168.1.111,172.217.11.3,0,0,0,0,0, 192.168.1.111,173.194.24.216,0,0,0,0,0, 192.168.1.111,172.217.11.14,0,0,0,0,0, 192.168.1.111,74.125.155.231,0,0,0,0,0, 192.168.1.111,172.217.17.67,0,0,0,0,0, 192.168.1.111,216.58.219.194,0,0,0,0,0, 192.168.1.111,172.217.11.38,0,0,0,0,0, 192.168.1.111,172.217.9.227,0,0,0,0,0, 192.168.1.111,172.217.11.45,0,0,0,0,0, 192.168.1.111,216.58.212.163,0,0,0,0,0, 192.168.1.111,172.217.9.238,0,0,0,0,0, 192.168.1.111,172.217.10.54,0,0,0,0,0, 192.168.1.111,172.217.15.68,0,0,0,0,0, 192.168.1.111,172.217.11.51,0,0,0,0,0, 192.168.1.111,0,0,0,0,0,0, 192.168.1.111,0,0,0,0,0,0, 192.168.1.111,0.0.0.0,0,0,0,0,0,0,0,0,0,0,1526403849675,0.0,31732.921,0,0,0,0,0,0,0,0,0,0.0,0.0,-1
1.4,2,0,1090,0, 192.168.1.111,172.217.135.9,0,0,0,0,0, 192.168.1.111,172.217.11.35,0,0,0,0,0, 192.168.1.111,74.125.159.74,0,0,0,0,0, 192.168.1.111,172.217.12.174,0,0,0,0,0, 192.168.1.111,172.217.10.142,0,0,0,0,0, 192.168.1.111,172.217.17.35,0,0,0,0,0, 192.168.1.111,172.217.11.46,0,0,0,0,0, 192.168.1.111,216.58.211.99,0,0,0,0,0, 192.168.1.111,172.217.11.42,0,0,0,0,0, 192.168.1.111,172.217.11.3,0,0,0,0,0, 192.168.1.111,173.194.24.216,0,0,0,0,0, 192.168.1.111,172.217.11.14,0,0,0,0,0, 192.168.1.111,74.125.155.231,0,0,0,0,0, 192.168.1.111,172.217.17.67,0,0,0,0,0, 192.168.1.111,216.58.219.194,QUIC,1,0,543,0, 192.168.1.111,172.217.11.38,QUIC,1,0,547,0, 192.168.1.111,172.217.9.227,0,0,0,0,0, 192.168.1.111,172.217.11.45,0,0,0,0,0, 192.168.1.111,216.58.212.163,0,0,0,0,0, 192.168.1.111,172.217.9.238,0,0,0,0,0, 192.168.1.111,172.217.10.54,0,0,0,0,0, 192.168.1.111,172.217.15.68,0,0,0,0,0, 192.168.1.111,172.217.11.51,0,0,0,0,0, 192.168.1.111,0,0,0,0,0,0, 192.168.1.111,0,0,0,0,0,0, 192.168.1.111,0.0.0.0,0,0,0,0,0,0,0,0,0,0,1526403849675,0.0,31732.921,0,0,0,0,0,0,0,0,0,0.0,0.0,-1
1.5000000000000002,2,4,166,1361, 192.168.1.111,172.217.135.9,0,0,0,0,0, 192.168.1.111,172.217.11.35,0,0,0,0,0, 192.168.1.111,74.125.159.74,0,0,0,0,0, 192.168.1.111,172.217.12.174,0,0,0,0,0, 192.168.1.111,172.217.10.142,0,0,0,0,0, 192.168.1.111,172.217.17.35,0,0,0,0,0, 192.168.1.111,172.217.11.46,0,0,0,0,0, 192.168.1.111,216.58.211.99,0,0,0,0,0, 192.168.1.111,172.217.11.42,0,0,0,0,0, 192.168.1.111,172.217.11.3,0,0,0,0,0, 192.168.1.111,173.194.24.216,0,0,0,0,0, 192.168.1.111,172.217.11.14,0,0,0,0,0, 192.168.1.111,74.125.155.231,0,0,0,0,0, 192.168.1.111,172.217.17.67,0,0,0,0,0, 192.168.1.111,216.58.219.194,QUIC,1,2,83,1048, 192.168.1.111,172.217.11.38,QUIC,1,2,83,313, 192.168.1.111,172.217.9.227,0,0,0,0,0, 192.168.1.111,172.217.11.45,0,0,0,0,0, 192.168.1.111,216.58.212.163,0,0,0,0,0, 192.168.1.111,172.217.9.238,0,0,0,0,0, 192.168.1.111,172.217.10.54,0,0,0,0,0, 192.168.1.111,172.217.15.68,0,0,0,0,0, 192.168.1.111,172.217.11.51,0,0,0,0,0, 192.168.1.111,0,0,0,0,0,0, 192.168.1.111,0,0,0,0,0,0, 192.168.1.111,0.0.0.0,0,0,0,0,0,0,0,0,0,0,1526403849675,0.0,31732.921,0,0,0,0,0,0,0,0,0,0.0,0.0,-1
1.6000000000000003,3,3,971,575, 192.168.1.111,172.217.135.9,0,0,0,0,0, 192.168.1.111,172.217.11.35,0,0,0,0,0, 192.168.1.111,74.125.159.74,0,0,0,0,0, 192.168.1.111,172.217.12.174,0,0,0,0,0, 192.168.1.111,172.217.10.142,QUIC,2,1,891,93, 192.168.1.111,172.217.17.35,0,0,0,0,0, 192.168.1.111,172.217.11.46,0,0,0,0,0, 192.168.1.111,216.58.211.99,0,0,0,0,0, 192.168.1.111,172.217.11.42,0,0,0,0,0, 192.168.1.111,172.217.11.3,0,0,0,0,0, 192.168.1.111,173.194.24.216,0,0,0,0,0, 192.168.1.111,172.217.11.14,0,0,0,0,0, 192.168.1.111,74.125.155.231,0,0,0,0,0, 192.168.1.111,172.217.17.67,0,0,0,0,0, 192.168.1.111,216.58.219.194,0,0,0,0,0, 192.168.1.111,172.217.11.38,QUIC,1,2,80,482, 192.168.1.111,172.217.9.227,0,0,0,0,0, 192.168.1.111,172.217.11.45,0,0,0,0,0, 192.168.1.111,216.58.212.163,0,0,0,0,0, 192.168.1.111,172.217.9.238,0,0,0,0,0, 192.168.1.111,172.217.10.54,0,0,0,0,0, 192.168.1.111,172.217.15.68,0,0,0,0,0, 192.168.1.111,172.217.11.51,0,0,0,0,0, 192.168.1.111,0,0,0,0,0,0, 192.168.1.111,0,0,0,0,0,0, 192.168.1.111,0.0.0.0,0,0,0,0,0,0,0,0,0,0,1526403849675,0.0,31732.921,0,0,0,0,0,0,0,0,0,0.0,0.0,-1
1.7000000000000004,0,0,0,0, 192.168.1.111,172.217.135.9,0,0,0,0,0, 192.168.1.111,172.217.11.35,0,0,0,0,0, 192.168.1.111,74.125.159.74,0,0,0,0,0, 192.168.1.111,172.217.12.174,0,0,0,0,0, 192.168.1.111,172.217.10.142,0,0,0,0,0, 192.168.1.111,172.217.17.35,0,0,0,0,0, 192.168.1.111,172.217.11.46,0,0,0,0,0, 192.168.1.111,216.58.211.99,0,0,0,0,0, 192.168.1.111,172.217.11.42,0,0,0,0,0, 192.168.1.111,172.217.11.3,0,0,0,0,0, 192.168.1.111,173.194.24.216,0,0,0,0,0, 192.168.1.111,172.217.11.14,0,0,0,0,0, 192.168.1.111,74.125.155.231,0,0,0,0,0, 192.168.1.111,172.217.17.67,0,0,0,0,0, 192.168.1.111,216.58.219.194,0,0,0,0,0, 192.168.1.111,172.217.11.38,0,0,0,0,0, 192.168.1.111,172.217.9.227,0,0,0,0,0, 192.168.1.111,172.217.11.45,0,0,0,0,0, 192.168.1.111,216.58.212.163,0,0,0,0,0, 192.168.1.111,172.217.9.238,0,0,0,0,0, 192.168.1.111,172.217.10.54,0,0,0,0,0, 192.168.1.111,172.217.15.68,0,0,0,0,0, 192.168.1.111,172.217.11.51,0,0,0,0,0, 192.168.1.111,0,0,0,0,0,0, 192.168.1.111,0,0,0,0,0,0, 192.168.1.111,0.0.0.0,0,0,0,0,0,0,0,0,0,0,1526403849675,0.0,31732.921,0,0,0,0,0,0,0,0,0,0.0,0.0,-1
1.8000000000000005,1,0,429,0, 192.168.1.111,172.217.135.9,0,0,0,0,0, 192.168.1.111,172.217.11.35,0,0,0,0,0, 192.168.1.111,74.125.159.74,0,0,0,0,0, 192.168.1.111,172.217.12.174,0,0,0,0,0, 192.168.1.111,172.217.10.142,QUIC,1,0,429,0, 192.168.1.111,172.217.17.35,0,0,0,0,0, 192.168.1.111,172.217.11.46,0,0,0,0,0, 192.168.1.111,216.58.211.99,0,0,0,0,0, 192.168.1.111,172.217.11.42,0,0,0,0,0, 192.168.1.111,172.217.11.3,0,0,0,0,0, 192.168.1.111,173.194.24.216,0,0,0,0,0, 192.168.1.111,172.217.11.14,0,0,0,0,0, 192.168.1.111,74.125.155.231,0,0,0,0,0, 192.168.1.111,172.217.17.67,0,0,0,0,0, 192.168.1.111,216.58.219.194,0,0,0,0,0, 192.168.1.111,172.217.11.38,0,0,0,0,0, 192.168.1.111,172.217.9.227,0,0,0,0,0, 192.168.1.111,172.217.11.45,0,0,0,0,0, 192.168.1.111,216.58.212.163,0,0,0,0,0, 192.168.1.111,172.217.9.238,0,0,0,0,0, 192.168.1.111,172.217.10.54,0,0,0,0,0, 192.168.1.111,172.217.15.68,0,0,0,0,0, 192.168.1.111,172.217.11.51,0,0,0,0,0, 192.168.1.111,0,0,0,0,0,0, 192.168.1.111,0,0,0,0,0,0, 192.168.1.111,0.0.0.0,0,0,0,0,0,0,0,0,0,0,1526403849675,0.0,31732.921,0,0,0,0,0,0,0,0,0,0.0,0.0,-1
1.9000000000000008,2,2,512,382, 192.168.1.111,172.217.135.9,0,0,0,0,0, 192.168.1.111,172.217.11.35,0,0,0,0,0, 192.168.1.111,74.125.159.74,0,0,0,0,0, 192.168.1.111,172.217.12.174,0,0,0,0,0, 192.168.1.111,172.217.10.142,QUIC,2,2,512,382, 192.168.1.111,172.217.17.35,0,0,0,0,0, 192.168.1.111,172.217.11.46,0,0,0,0,0, 192.168.1.111,216.58.211.99,0,0,0,0,0, 192.168.1.111,172.217.11.42,0,0,0,0,0, 192.168.1.111,172.217.11.3,0,0,0,0,0, 192.168.1.111,173.194.24.216,0,0,0,0,0, 192.168.1.111,172.217.11.14,0,0,0,0,0, 192.168.1.111,74.125.155.231,0,0,0,0,0, 192.168.1.111,172.217.17.67,0,0,0,0,0, 192.168.1.111,216.58.219.194,0,0,0,0,0, 192.168.1.111,172.217.11.38,0,0,0,0,0, 192.168.1.111,172.217.9.227,0,0,0,0,0, 192.168.1.111,172.217.11.45,0,0,0,0,0, 192.168.1.111,216.58.212.163,0,0,0,0,0, 192.168.1.111,172.217.9.238,0,0,0,0,0, 192.168.1.111,172.217.10.54,0,0,0,0,0, 192.168.1.111,172.217.15.68,0,0,0,0,0, 192.168.1.111,172.217.11.51,0,0,0,0,0, 192.168.1.111,0,0,0,0,0,0, 192.168.1.111,0,0,0,0,0,0, 192.168.1.111,0.0.0.0,0,0,0,0,0,0,0,0,0,0,1526403849675,0.0,31732.921,0,0,0,0,0,0,0,0,0,0.0,0.0,-1
2.0000000000000004,1,2,429,144, 192.168.1.111,172.217.135.9,0,0,0,0,0, 192.168.1.111,172.217.11.35,0,0,0,0,0, 192.168.1.111,74.125.159.74,0,0,0,0,0, 192.168.1.111,172.217.12.174,0,0,0,0,0, 192.168.1.111,172.217.10.142,QUIC,1,2,429,144, 192.168.1.111,172.217.17.35,0,0,0,0,0, 192.168.1.111,172.217.11.46,0,0,0,0,0, 192.168.1.111,216.58.211.99,0,0,0,0,0, 192.168.1.111,172.217.11.42,0,0,0,0,0, 192.168.1.111,172.217.11.3,0,0,0,0,0, 192.168.1.111,173.194.24.216,0,0,0,0,0, 192.168.1.111,172.217.11.14,0,0,0,0,0, 192.168.1.111,74.125.155.231,0,0,0,0,0, 192.168.1.111,172.217.17.67,0,0,0,0,0, 192.168.1.111,216.58.219.194,0,0,0,0,0, 192.168.1.111,172.217.11.38,0,0,0,0,0, 192.168.1.111,172.217.9.227,0,0,0,0,0, 192.168.1.111,172.217.11.45,0,0,0,0,0, 192.168.1.111,216.58.212.163,0,0,0,0,0, 192.168.1.111,172.217.9.238,0,0,0,0,0, 192.168.1.111,172.217.10.54,0,0,0,0,0, 192.168.1.111,172.217.15.68,0,0,0,0,0, 192.168.1.111,172.217.11.51,0,0,0,0,0, 192.168.1.111,0,0,0,0,0,0, 192.168.1.111,0,0,0,0,0,0, 192.168.1.111,0.0.0.0,0,0,0,0,0,0,0,0,0,0,1526403849675,0.0,31732.921,0,0,0,0,0,0,0,0,0,0.0,0.0,-1
12.099999999999971,7,13,568,14160, 192.168.1.111,172.217.135.9,QUIC,5,10,408,13903, 192.168.1.111,172.217.11.35,0,0,0,0,0, 192.168.1.111,74.125.159.74,0,0,0,0,0, 192.168.1.111,172.217.12.174,0,0,0,0,0, 192.168.1.111,172.217.10.142,QUIC,2,3,160,257, 192.168.1.111,172.217.17.35,0,0,0,0,0, 192.168.1.111,172.217.11.46,0,0,0,0,0, 192.168.1.111,216.58.211.99,0,0,0,0,0, 192.168.1.111,172.217.11.42,0,0,0,0,0, 192.168.1.111,172.217.11.3,0,0,0,0,0, 192.168.1.111,173.194.24.216,0,0,0,0,0, 192.168.1.111,172.217.11.14,0,0,0,0,0, 192.168.1.111,74.125.155.231,0,0,0,0,0, 192.168.1.111,172.217.17.67,0,0,0,0,0, 192.168.1.111,216.58.219.194,0,0,0,0,0, 192.168.1.111,172.217.11.38,0,0,0,0,0, 192.168.1.111,172.217.9.227,0,0,0,0,0, 192.168.1.111,172.217.11.45,0,0,0,0,0, 192.168.1.111,216.58.212.163,0,0,0,0,0, 192.168.1.111,172.217.9.238,0,0,0,0,0, 192.168.1.111,172.217.10.54,0,0,0,0,0, 192.168.1.111,172.217.15.68,0,0,0,0,0, 192.168.1.111,172.217.11.51,0,0,0,0,0, 192.168.1.111,0,0,0,0,0,0, 192.168.1.111,0,0,0,0,0,0, 192.168.1.111,0.0.0.0,0,0,0,0,0,0,0,1,0,1526403861022,1526403849675,0.0306290629425048,31732.921,0,0,0,0,0,0,1,0,0,7.768370937057496,0.0002457700001837,true
1799.399999999459,0,0,0,0, 192.168.1.111,172.217.135.9,0,0,0,0,0, 192.168.1.111,172.217.11.35,0,0,0,0,0, 192.168.1.111,74.125.159.74,0,0,0,0,0, 192.168.1.111,172.217.12.174,0,0,0,0,0, 192.168.1.111,172.217.10.142,0,0,0,0,0, 192.168.1.111,172.217.17.35,0,0,0,0,0, 192.168.1.111,172.217.11.46,0,0,0,0,0, 192.168.1.111,216.58.211.99,0,0,0,0,0, 192.168.1.111,172.217.11.42,0,0,0,0,0, 192.168.1.111,172.217.11.3,0,0,0,0,0, 192.168.1.111,173.194.24.216,0,0,0,0,0, 192.168.1.111,172.217.11.14,0,0,0,0,0, 192.168.1.111,74.125.155.231,0,0,0,0,0, 192.168.1.111,172.217.17.67,0,0,0,0,0, 192.168.1.111,216.58.219.194,0,0,0,0,0, 192.168.1.111,172.217.11.38,0,0,0,0,0, 192.168.1.111,172.217.9.227,0,0,0,0,0, 192.168.1.111,172.217.11.45,0,0,0,0,0, 192.168.1.111,216.58.212.163,0,0,0,0,0, 192.168.1.111,172.217.9.238,0,0,0,0,0, 192.168.1.111,172.217.10.54,0,0,0,0,0, 192.168.1.111,172.217.15.68,0,0,0,0,0, 192.168.1.111,172.217.11.51,0,0,0,0,0, 192.168.1.111,0,0,0,0,0,0, 192.168.1.111,0,0,0,0,0,0, 192.168.1.111,0.0.0.0,0,0,0,0,0,0,0,0,0,0,1526403849675,0.0,31732.921,0,0,0,0,0,0,0,0,0,0.0,0.0,-1
1799.4999999994589,0,0,0,0, 192.168.1.111,172.217.135.9,0,0,0,0,0, 192.168.1.111,172.217.11.35,0,0,0,0,0, 192.168.1.111,74.125.159.74,0,0,0,0,0, 192.168.1.111,172.217.12.174,0,0,0,0,0, 192.168.1.111,172.217.10.142,0,0,0,0,0, 192.168.1.111,172.217.17.35,0,0,0,0,0, 192.168.1.111,172.217.11.46,0,0,0,0,0, 192.168.1.111,216.58.211.99,0,0,0,0,0, 192.168.1.111,172.217.11.42,0,0,0,0,0, 192.168.1.111,172.217.11.3,0,0,0,0,0, 192.168.1.111,173.194.24.216,0,0,0,0,0, 192.168.1.111,172.217.11.14,0,0,0,0,0, 192.168.1.111,74.125.155.231,0,0,0,0,0, 192.168.1.111,172.217.17.67,0,0,0,0,0, 192.168.1.111,216.58.219.194,0,0,0,0,0, 192.168.1.111,172.217.11.38,0,0,0,0,0, 192.168.1.111,172.217.9.227,0,0,0,0,0, 192.168.1.111,172.217.11.45,0,0,0,0,0, 192.168.1.111,216.58.212.163,0,0,0,0,0, 192.168.1.111,172.217.9.238,0,0,0,0,0, 192.168.1.111,172.217.10.54,0,0,0,0,0, 192.168.1.111,172.217.15.68,0,0,0,0,0, 192.168.1.111,172.217.11.51,0,0,0,0,0, 192.168.1.111,0,0,0,0,0,0, 192.168.1.111,0,0,0,0,0,0, 192.168.1.111,0.0.0.0,0,0,0,0,0,0,0,0,0,0,1526403849675,0.0,31732.921,0,0,0,0,0,0,0,0,0,0.0,0.0,-1
1799.5999999994588,0,0,0,0, 192.168.1.111,172.217.135.9,0,0,0,0,0, 192.168.1.111,172.217.11.35,0,0,0,0,0, 192.168.1.111,74.125.159.74,0,0,0,0,0, 192.168.1.111,172.217.12.174,0,0,0,0,0, 192.168.1.111,172.217.10.142,0,0,0,0,0, 192.168.1.111,172.217.17.35,0,0,0,0,0, 192.168.1.111,172.217.11.46,0,0,0,0,0, 192.168.1.111,216.58.211.99,0,0,0,0,0, 192.168.1.111,172.217.11.42,0,0,0,0,0, 192.168.1.111,172.217.11.3,0,0,0,0,0, 192.168.1.111,173.194.24.216,0,0,0,0,0, 192.168.1.111,172.217.11.14,0,0,0,0,0, 192.168.1.111,74.125.155.231,0,0,0,0,0, 192.168.1.111,172.217.17.67,0,0,0,0,0, 192.168.1.111,216.58.219.194,0,0,0,0,0, 192.168.1.111,172.217.11.38,0,0,0,0,0, 192.168.1.111,172.217.9.227,0,0,0,0,0, 192.168.1.111,172.217.11.45,0,0,0,0,0, 192.168.1.111,216.58.212.163,0,0,0,0,0, 192.168.1.111,172.217.9.238,0,0,0,0,0, 192.168.1.111,172.217.10.54,0,0,0,0,0, 192.168.1.111,172.217.15.68,0,0,0,0,0, 192.168.1.111,172.217.11.51,0,0,0,0,0, 192.168.1.111,0,0,0,0,0,0, 192.168.1.111,0,0,0,0,0,0, 192.168.1.111,0.0.0.0,0,0,0,0,0,0,0,0,0,0,1526403849675,0.0,31732.921,0,0,0,0,0,0,0,0,0,0.0,0.0,-1
1799.699999999459,0,0,0,0, 192.168.1.111,172.217.135.9,0,0,0,0,0, 192.168.1.111,172.217.11.35,0,0,0,0,0, 192.168.1.111,74.125.159.74,0,0,0,0,0, 192.168.1.111,172.217.12.174,0,0,0,0,0, 192.168.1.111,172.217.10.142,0,0,0,0,0, 192.168.1.111,172.217.17.35,0,0,0,0,0, 192.168.1.111,172.217.11.46,0,0,0,0,0, 192.168.1.111,216.58.211.99,0,0,0,0,0, 192.168.1.111,172.217.11.42,0,0,0,0,0, 192.168.1.111,172.217.11.3,0,0,0,0,0, 192.168.1.111,173.194.24.216,0,0,0,0,0, 192.168.1.111,172.217.11.14,0,0,0,0,0, 192.168.1.111,74.125.155.231,0,0,0,0,0, 192.168.1.111,172.217.17.67,0,0,0,0,0, 192.168.1.111,216.58.219.194,0,0,0,0,0, 192.168.1.111,172.217.11.38,0,0,0,0,0, 192.168.1.111,172.217.9.227,0,0,0,0,0, 192.168.1.111,172.217.11.45,0,0,0,0,0, 192.168.1.111,216.58.212.163,0,0,0,0,0, 192.168.1.111,172.217.9.238,0,0,0,0,0, 192.168.1.111,172.217.10.54,0,0,0,0,0, 192.168.1.111,172.217.15.68,0,0,0,0,0, 192.168.1.111,172.217.11.51,0,0,0,0,0, 192.168.1.111,0,0,0,0,0,0, 192.168.1.111,0,0,0,0,0,0, 192.168.1.111,0.0.0.0,0,0,0,0,0,0,0,0,0,0,1526403849675,0.0,31732.921,0,0,0,0,0,0,0,0,0,0.0,0.0,-1
1799.7999999994586,0,0,0,0, 192.168.1.111,172.217.135.9,0,0,0,0,0, 192.168.1.111,172.217.11.35,0,0,0,0,0, 192.168.1.111,74.125.159.74,0,0,0,0,0, 192.168.1.111,172.217.12.174,0,0,0,0,0, 192.168.1.111,172.217.10.142,0,0,0,0,0, 192.168.1.111,172.217.17.35,0,0,0,0,0, 192.168.1.111,172.217.11.46,0,0,0,0,0, 192.168.1.111,216.58.211.99,0,0,0,0,0, 192.168.1.111,172.217.11.42,0,0,0,0,0, 192.168.1.111,172.217.11.3,0,0,0,0,0, 192.168.1.111,173.194.24.216,0,0,0,0,0, 192.168.1.111,172.217.11.14,0,0,0,0,0, 192.168.1.111,74.125.155.231,0,0,0,0,0, 192.168.1.111,172.217.17.67,0,0,0,0,0, 192.168.1.111,216.58.219.194,0,0,0,0,0, 192.168.1.111,172.217.11.38,0,0,0,0,0, 192.168.1.111,172.217.9.227,0,0,0,0,0, 192.168.1.111,172.217.11.45,0,0,0,0,0, 192.168.1.111,216.58.212.163,0,0,0,0,0, 192.168.1.111,172.217.9.238,0,0,0,0,0, 192.168.1.111,172.217.10.54,0,0,0,0,0, 192.168.1.111,172.217.15.68,0,0,0,0,0, 192.168.1.111,172.217.11.51,0,0,0,0,0, 192.168.1.111,0,0,0,0,0,0, 192.168.1.111,0,0,0,0,0,0, 192.168.1.111,0.0.0.0,0,0,0,0,0,0,0,0,0,0,1526403849675,0.0,31732.921,0,0,0,0,0,0,0,0,0,0.0,0.0,-1
1799.8999999994585,0,0,0,0, 192.168.1.111,172.217.135.9,0,0,0,0,0, 192.168.1.111,172.217.11.35,0,0,0,0,0, 192.168.1.111,74.125.159.74,0,0,0,0,0, 192.168.1.111,172.217.12.174,0,0,0,0,0, 192.168.1.111,172.217.10.142,0,0,0,0,0, 192.168.1.111,172.217.17.35,0,0,0,0,0, 192.168.1.111,172.217.11.46,0,0,0,0,0, 192.168.1.111,216.58.211.99,0,0,0,0,0, 192.168.1.111,172.217.11.42,0,0,0,0,0, 192.168.1.111,172.217.11.3,0,0,0,0,0, 192.168.1.111,173.194.24.216,0,0,0,0,0, 192.168.1.111,172.217.11.14,0,0,0,0,0, 192.168.1.111,74.125.155.231,0,0,0,0,0, 192.168.1.111,172.217.17.67,0,0,0,0,0, 192.168.1.111,216.58.219.194,0,0,0,0,0, 192.168.1.111,172.217.11.38,0,0,0,0,0, 192.168.1.111,172.217.9.227,0,0,0,0,0, 192.168.1.111,172.217.11.45,0,0,0,0,0, 192.168.1.111,216.58.212.163,0,0,0,0,0, 192.168.1.111,172.217.9.238,0,0,0,0,0, 192.168.1.111,172.217.10.54,0,0,0,0,0, 192.168.1.111,172.217.15.68,0,0,0,0,0, 192.168.1.111,172.217.11.51,0,0,0,0,0, 192.168.1.111,0,0,0,0,0,0, 192.168.1.111,0,0,0,0,0,0, 192.168.1.111,0.0.0.0,0,0,0,0,0,0,0,0,0,0,1526403849675,0.0,31732.921,0,0,0,0,0,0,0,0,0,0.0,0.0,-1
1799.9999999994584,0,0,0,0, 192.168.1.111,172.217.135.9,0,0,0,0,0, 192.168.1.111,172.217.11.35,0,0,0,0,0, 192.168.1.111,74.125.159.74,0,0,0,0,0, 192.168.1.111,172.217.12.174,0,0,0,0,0, 192.168.1.111,172.217.10.142,0,0,0,0,0, 192.168.1.111,172.217.17.35,0,0,0,0,0, 192.168.1.111,172.217.11.46,0,0,0,0,0, 192.168.1.111,216.58.211.99,0,0,0,0,0, 192.168.1.111,172.217.11.42,0,0,0,0,0, 192.168.1.111,172.217.11.3,0,0,0,0,0, 192.168.1.111,173.194.24.216,0,0,0,0,0, 192.168.1.111,172.217.11.14,0,0,0,0,0, 192.168.1.111,74.125.155.231,0,0,0,0,0, 192.168.1.111,172.217.17.67,0,0,0,0,0, 192.168.1.111,216.58.219.194,0,0,0,0,0, 192.168.1.111,172.217.11.38,0,0,0,0,0, 192.168.1.111,172.217.9.227,0,0,0,0,0, 192.168.1.111,172.217.11.45,0,0,0,0,0, 192.168.1.111,216.58.212.163,0,0,0,0,0, 192.168.1.111,172.217.9.238,0,0,0,0,0, 192.168.1.111,172.217.10.54,0,0,0,0,0, 192.168.1.111,172.217.15.68,0,0,0,0,0, 192.168.1.111,172.217.11.51,0,0,0,0,0, 192.168.1.111,0,0,0,0,0,0, 192.168.1.111,0,0,0,0,0,0, 192.168.1.111,0.0.0.0,0,0,0,0,0,0,0,0,0,0,1526403849675,0.0,31732.921,0,0,0,0,0,0,0,0,0,0.0,0.0,-1
1800.0999999994583,0,0,0,0, 192.168.1.111,172.217.135.9,0,0,0,0,0, 192.168.1.111,172.217.11.35,0,0,0,0,0, 192.168.1.111,74.125.159.74,0,0,0,0,0, 192.168.1.111,172.217.12.174,0,0,0,0,0, 192.168.1.111,172.217.10.142,0,0,0,0,0, 192.168.1.111,172.217.17.35,0,0,0,0,0, 192.168.1.111,172.217.11.46,0,0,0,0,0, 192.168.1.111,216.58.211.99,0,0,0,0,0, 192.168.1.111,172.217.11.42,0,0,0,0,0, 192.168.1.111,172.217.11.3,0,0,0,0,0, 192.168.1.111,173.194.24.216,0,0,0,0,0, 192.168.1.111,172.217.11.14,0,0,0,0,0, 192.168.1.111,74.125.155.231,0,0,0,0,0, 192.168.1.111,172.217.17.67,0,0,0,0,0, 192.168.1.111,216.58.219.194,0,0,0,0,0, 192.168.1.111,172.217.11.38,0,0,0,0,0, 192.168.1.111,172.217.9.227,0,0,0,0,0, 192.168.1.111,172.217.11.45,0,0,0,0,0, 192.168.1.111,216.58.212.163,0,0,0,0,0, 192.168.1.111,172.217.9.238,0,0,0,0,0, 192.168.1.111,172.217.10.54,0,0,0,0,0, 192.168.1.111,172.217.15.68,0,0,0,0,0, 192.168.1.111,172.217.11.51,0,0,0,0,0, 192.168.1.111,0,0,0,0,0,0, 192.168.1.111,0,0,0,0,0,0, 192.168.1.111,0.0.0.0,0,0,0,0,0,0,0,0,0,0,1526403849675,0.0,31732.921,0,0,0,0,0,0,0,0,0,0.0,0.0,-1
1800.1999999994582,0,0,0,0, 192.168.1.111,172.217.135.9,0,0,0,0,0, 192.168.1.111,172.217.11.35,0,0,0,0,0, 192.168.1.111,74.125.159.74,0,0,0,0,0, 192.168.1.111,172.217.12.174,0,0,0,0,0, 192.168.1.111,172.217.10.142,0,0,0,0,0, 192.168.1.111,172.217.17.35,0,0,0,0,0, 192.168.1.111,172.217.11.46,0,0,0,0,0, 192.168.1.111,216.58.211.99,0,0,0,0,0, 192.168.1.111,172.217.11.42,0,0,0,0,0, 192.168.1.111,172.217.11.3,0,0,0,0,0, 192.168.1.111,173.194.24.216,0,0,0,0,0, 192.168.1.111,172.217.11.14,0,0,0,0,0, 192.168.1.111,74.125.155.231,0,0,0,0,0, 192.168.1.111,172.217.17.67,0,0,0,0,0, 192.168.1.111,216.58.219.194,0,0,0,0,0, 192.168.1.111,172.217.11.38,0,0,0,0,0, 192.168.1.111,172.217.9.227,0,0,0,0,0, 192.168.1.111,172.217.11.45,0,0,0,0,0, 192.168.1.111,216.58.212.163,0,0,0,0,0, 192.168.1.111,172.217.9.238,0,0,0,0,0, 192.168.1.111,172.217.10.54,0,0,0,0,0, 192.168.1.111,172.217.15.68,0,0,0,0,0, 192.168.1.111,172.217.11.51,0,0,0,0,0, 192.168.1.111,0,0,0,0,0,0, 192.168.1.111,0,0,0,0,0,0, 192.168.1.111,0.0.0.0,0,0,0,0,0,0,0,0,0,0,1526403849675,0.0,31732.921,0,0,0,0,0,0,0,0,0,0.0,0.0,-1
1800.299999999458,0,0,0,0, 192.168.1.111,172.217.135.9,0,0,0,0,0, 192.168.1.111,172.217.11.35,0,0,0,0,0, 192.168.1.111,74.125.159.74,0,0,0,0,0, 192.168.1.111,172.217.12.174,0,0,0,0,0, 192.168.1.111,172.217.10.142,0,0,0,0,0, 192.168.1.111,172.217.17.35,0,0,0,0,0, 192.168.1.111,172.217.11.46,0,0,0,0,0, 192.168.1.111,216.58.211.99,0,0,0,0,0, 192.168.1.111,172.217.11.42,0,0,0,0,0, 192.168.1.111,172.217.11.3,0,0,0,0,0, 192.168.1.111,173.194.24.216,0,0,0,0,0, 192.168.1.111,172.217.11.14,0,0,0,0,0, 192.168.1.111,74.125.155.231,0,0,0,0,0, 192.168.1.111,172.217.17.67,0,0,0,0,0, 192.168.1.111,216.58.219.194,0,0,0,0,0, 192.168.1.111,172.217.11.38,0,0,0,0,0, 192.168.1.111,172.217.9.227,0,0,0,0,0, 192.168.1.111,172.217.11.45,0,0,0,0,0, 192.168.1.111,216.58.212.163,0,0,0,0,0, 192.168.1.111,172.217.9.238,0,0,0,0,0, 192.168.1.111,172.217.10.54,0,0,0,0,0, 192.168.1.111,172.217.15.68,0,0,0,0,0, 192.168.1.111,172.217.11.51,0,0,0,0,0, 192.168.1.111,0,0,0,0,0,0, 192.168.1.111,0,0,0,0,0,0, 192.168.1.111,0.0.0.0,0,0,0,0,0,0,0,0,0,0,1526403849675,0.0,31732.921,0,0,0,0,0,0,0,0,0,0.0,0.0,-1
1800.399999999458,0,0,0,0, 192.168.1.111,172.217.135.9,0,0,0,0,0, 192.168.1.111,172.217.11.35,0,0,0,0,0, 192.168.1.111,74.125.159.74,0,0,0,0,0, 192.168.1.111,172.217.12.174,0,0,0,0,0, 192.168.1.111,172.217.10.142,0,0,0,0,0, 192.168.1.111,172.217.17.35,0,0,0,0,0, 192.168.1.111,172.217.11.46,0,0,0,0,0, 192.168.1.111,216.58.211.99,0,0,0,0,0, 192.168.1.111,172.217.11.42,0,0,0,0,0, 192.168.1.111,172.217.11.3,0,0,0,0,0, 192.168.1.111,173.194.24.216,0,0,0,0,0, 192.168.1.111,172.217.11.14,0,0,0,0,0, 192.168.1.111,74.125.155.231,0,0,0,0,0, 192.168.1.111,172.217.17.67,0,0,0,0,0, 192.168.1.111,216.58.219.194,0,0,0,0,0, 192.168.1.111,172.217.11.38,0,0,0,0,0, 192.168.1.111,172.217.9.227,0,0,0,0,0, 192.168.1.111,172.217.11.45,0,0,0,0,0, 192.168.1.111,216.58.212.163,0,0,0,0,0, 192.168.1.111,172.217.9.238,0,0,0,0,0, 192.168.1.111,172.217.10.54,0,0,0,0,0, 192.168.1.111,172.217.15.68,0,0,0,0,0, 192.168.1.111,172.217.11.51,0,0,0,0,0, 192.168.1.111,0,0,0,0,0,0, 192.168.1.111,0,0,0,0,0,0, 192.168.1.111,0.0.0.0,0,0,0,0,0,0,0,0,0,0,1526403849675,0.0,31732.921,0,0,0,0,0,0,0,0,0,0.0,0.0,-1
1800.499999999458,0,0,0,0, 192.168.1.111,172.217.135.9,0,0,0,0,0, 192.168.1.111,172.217.11.35,0,0,0,0,0, 192.168.1.111,74.125.159.74,0,0,0,0,0, 192.168.1.111,172.217.12.174,0,0,0,0,0, 192.168.1.111,172.217.10.142,0,0,0,0,0, 192.168.1.111,172.217.17.35,0,0,0,0,0, 192.168.1.111,172.217.11.46,0,0,0,0,0, 192.168.1.111,216.58.211.99,0,0,0,0,0, 192.168.1.111,172.217.11.42,0,0,0,0,0, 192.168.1.111,172.217.11.3,0,0,0,0,0, 192.168.1.111,173.194.24.216,0,0,0,0,0, 192.168.1.111,172.217.11.14,0,0,0,0,0, 192.168.1.111,74.125.155.231,0,0,0,0,0, 192.168.1.111,172.217.17.67,0,0,0,0,0, 192.168.1.111,216.58.219.194,0,0,0,0,0, 192.168.1.111,172.217.11.38,0,0,0,0,0, 192.168.1.111,172.217.9.227,0,0,0,0,0, 192.168.1.111,172.217.11.45,0,0,0,0,0, 192.168.1.111,216.58.212.163,0,0,0,0,0, 192.168.1.111,172.217.9.238,0,0,0,0,0, 192.168.1.111,172.217.10.54,0,0,0,0,0, 192.168.1.111,172.217.15.68,0,0,0,0,0, 192.168.1.111,172.217.11.51,0,0,0,0,0, 192.168.1.111,0,0,0,0,0,0, 192.168.1.111,0,0,0,0,0,0, 192.168.1.111,0.0.0.0,0,0,0,0,0,0,0,0,0,0,1526403849675,0.0,31732.921,0,0,0,0,0,0,0,0,0,0.0,0.0,-1
1800.599999999458,0,0,0,0, 192.168.1.111,172.217.135.9,0,0,0,0,0, 192.168.1.111,172.217.11.35,0,0,0,0,0, 192.168.1.111,74.125.159.74,0,0,0,0,0, 192.168.1.111,172.217.12.174,0,0,0,0,0, 192.168.1.111,172.217.10.142,0,0,0,0,0, 192.168.1.111,172.217.17.35,0,0,0,0,0, 192.168.1.111,172.217.11.46,0,0,0,0,0, 192.168.1.111,216.58.211.99,0,0,0,0,0, 192.168.1.111,172.217.11.42,0,0,0,0,0, 192.168.1.111,172.217.11.3,0,0,0,0,0, 192.168.1.111,173.194.24.216,0,0,0,0,0, 192.168.1.111,172.217.11.14,0,0,0,0,0, 192.168.1.111,74.125.155.231,0,0,0,0,0, 192.168.1.111,172.217.17.67,0,0,0,0,0, 192.168.1.111,216.58.219.194,0,0,0,0,0, 192.168.1.111,172.217.11.38,0,0,0,0,0, 192.168.1.111,172.217.9.227,0,0,0,0,0, 192.168.1.111,172.217.11.45,0,0,0,0,0, 192.168.1.111,216.58.212.163,0,0,0,0,0, 192.168.1.111,172.217.9.238,0,0,0,0,0, 192.168.1.111,172.217.10.54,0,0,0,0,0, 192.168.1.111,172.217.15.68,0,0,0,0,0, 192.168.1.111,172.217.11.51,0,0,0,0,0, 192.168.1.111,0,0,0,0,0,0, 192.168.1.111,0,0,0,0,0,0, 192.168.1.111,0.0.0.0,0,0,0,0,0,0,0,0,0,0,1526403849675,0.0,31732.921,0,0,0,0,0,0,0,0,0,0.0,0.0,-1
1800.6999999994578,0,0,0,0, 192.168.1.111,172.217.135.9,0,0,0,0,0, 192.168.1.111,172.217.11.35,0,0,0,0,0, 192.168.1.111,74.125.159.74,0,0,0,0,0, 192.168.1.111,172.217.12.174,0,0,0,0,0, 192.168.1.111,172.217.10.142,0,0,0,0,0, 192.168.1.111,172.217.17.35,0,0,0,0,0, 192.168.1.111,172.217.11.46,0,0,0,0,0, 192.168.1.111,216.58.211.99,0,0,0,0,0, 192.168.1.111,172.217.11.42,0,0,0,0,0, 192.168.1.111,172.217.11.3,0,0,0,0,0, 192.168.1.111,173.194.24.216,0,0,0,0,0, 192.168.1.111,172.217.11.14,0,0,0,0,0, 192.168.1.111,74.125.155.231,0,0,0,0,0, 192.168.1.111,172.217.17.67,0,0,0,0,0, 192.168.1.111,216.58.219.194,0,0,0,0,0, 192.168.1.111,172.217.11.38,0,0,0,0,0, 192.168.1.111,172.217.9.227,0,0,0,0,0, 192.168.1.111,172.217.11.45,0,0,0,0,0, 192.168.1.111,216.58.212.163,0,0,0,0,0, 192.168.1.111,172.217.9.238,0,0,0,0,0, 192.168.1.111,172.217.10.54,0,0,0,0,0, 192.168.1.111,172.217.15.68,0,0,0,0,0, 192.168.1.111,172.217.11.51,0,0,0,0,0, 192.168.1.111,0,0,0,0,0,0, 192.168.1.111,0,0,0,0,0,0, 192.168.1.111,0.0.0.0,0,0,0,0,0,0,0,0,0,0,1526403849675,0.0,31732.921,0,0,0,0,0,0,0,0,0,0.0,0.0,-1
1800.7999999994577,0,0,0,0, 192.168.1.111,172.217.135.9,0,0,0,0,0, 192.168.1.111,172.217.11.35,0,0,0,0,0, 192.168.1.111,74.125.159.74,0,0,0,0,0, 192.168.1.111,172.217.12.174,0,0,0,0,0, 192.168.1.111,172.217.10.142,0,0,0,0,0, 192.168.1.111,172.217.17.35,0,0,0,0,0, 192.168.1.111,172.217.11.46,0,0,0,0,0, 192.168.1.111,216.58.211.99,0,0,0,0,0, 192.168.1.111,172.217.11.42,0,0,0,0,0, 192.168.1.111,172.217.11.3,0,0,0,0,0, 192.168.1.111,173.194.24.216,0,0,0,0,0, 192.168.1.111,172.217.11.14,0,0,0,0,0, 192.168.1.111,74.125.155.231,0,0,0,0,0, 192.168.1.111,172.217.17.67,0,0,0,0,0, 192.168.1.111,216.58.219.194,0,0,0,0,0, 192.168.1.111,172.217.11.38,0,0,0,0,0, 192.168.1.111,172.217.9.227,0,0,0,0,0, 192.168.1.111,172.217.11.45,0,0,0,0,0, 192.168.1.111,216.58.212.163,0,0,0,0,0, 192.168.1.111,172.217.9.238,0,0,0,0,0, 192.168.1.111,172.217.10.54,0,0,0,0,0, 192.168.1.111,172.217.15.68,0,0,0,0,0, 192.168.1.111,172.217.11.51,0,0,0,0,0, 192.168.1.111,0,0,0,0,0,0, 192.168.1.111,0,0,0,0,0,0, 192.168.1.111,0.0.0.0,0,0,0,0,0,0,0,0,0,0,1526403849675,0.0,31732.921,0,0,0,0,0,0,0,0,0,0.0,0.0,-1
1800.8999999994576,0,0,0,0, 192.168.1.111,172.217.135.9,0,0,0,0,0, 192.168.1.111,172.217.11.35,0,0,0,0,0, 192.168.1.111,74.125.159.74,0,0,0,0,0, 192.168.1.111,172.217.12.174,0,0,0,0,0, 192.168.1.111,172.217.10.142,0,0,0,0,0, 192.168.1.111,172.217.17.35,0,0,0,0,0, 192.168.1.111,172.217.11.46,0,0,0,0,0, 192.168.1.111,216.58.211.99,0,0,0,0,0, 192.168.1.111,172.217.11.42,0,0,0,0,0, 192.168.1.111,172.217.11.3,0,0,0,0,0, 192.168.1.111,173.194.24.216,0,0,0,0,0, 192.168.1.111,172.217.11.14,0,0,0,0,0, 192.168.1.111,74.125.155.231,0,0,0,0,0, 192.168.1.111,172.217.17.67,0,0,0,0,0, 192.168.1.111,216.58.219.194,0,0,0,0,0, 192.168.1.111,172.217.11.38,0,0,0,0,0, 192.168.1.111,172.217.9.227,0,0,0,0,0, 192.168.1.111,172.217.11.45,0,0,0,0,0, 192.168.1.111,216.58.212.163,0,0,0,0,0, 192.168.1.111,172.217.9.238,0,0,0,0,0, 192.168.1.111,172.217.10.54,0,0,0,0,0, 192.168.1.111,172.217.15.68,0,0,0,0,0, 192.168.1.111,172.217.11.51,0,0,0,0,0, 192.168.1.111,0,0,0,0,0,0, 192.168.1.111,0,0,0,0,0,0, 192.168.1.111,0.0.0.0,0,0,0,0,0,0,0,0,0,0,1526403849675,0.0,31732.921,0,0,0,0,0,0,0,0,0,0.0,0.0,-1
0.6,10,18,2056,25056, 192.168.1.111,74.125.155.199,QUIC,7,18,572,25056, 192.168.1.111,173.194.184.230,0,0,0,0,0, 192.168.1.111,172.217.11.46,0,0,0,0,0, 192.168.1.111,172.217.11.3,0,0,0,0,0, 192.168.1.111,172.217.10.46,QUIC,2,0,1156,0, 192.168.1.111,172.217.17.67,0,0,0,0,0, 192.168.1.111,172.217.11.35,0,0,0,0,0, 192.168.1.111,172.217.12.150,0,0,0,0,0, 192.168.1.111,172.217.7.14,0,0,0,0,0, 192.168.1.111,172.217.6.206,0,0,0,0,0, 192.168.1.111,172.217.12.174,0,0,0,0,0, 192.168.1.111,216.58.211.131,0,0,0,0,0, 192.168.1.111,172.217.11.51,0,0,0,0,0, 192.168.1.111,172.217.17.35,0,0,0,0,0, 192.168.1.111,216.58.212.131,0,0,0,0,0, 192.168.1.111,172.217.11.10,0,0,0,0,0, 192.168.1.111,172.217.17.99,0,0,0,0,0, 192.168.1.111,172.217.19.195,0,0,0,0,0, 192.168.1.111,104.237.191.1,0,0,0,0,0, 192.168.1.111,172.217.11.42,0,0,0,0,0, 192.168.1.111,173.194.60.217,0,0,0,0,0, 192.168.1.111,172.217.11.14,0,0,0,0,0, 192.168.1.111,216.58.212.195,0,0,0,0,0, 192.168.1.111,23.208.103.148,0,0,0,0,0, 192.168.1.111,172.217.13.228,0,0,0,0,0, 192.168.1.111,0.0.0.0,0,1,0,328,0,0,0,1,0,1526504772742,1526504770361,0.0292200419616699,1639.0,0,1,0,0,0,0,0,0,0,5.30877995803833,0.0032568639414276,True
1799.5999999994588,0,0,0,0, 192.168.1.111,74.125.155.199,0,0,0,0,0, 192.168.1.111,173.194.184.230,0,0,0,0,0, 192.168.1.111,172.217.11.46,0,0,0,0,0, 192.168.1.111,172.217.11.3,0,0,0,0,0, 192.168.1.111,172.217.10.46,0,0,0,0,0, 192.168.1.111,172.217.17.67,0,0,0,0,0, 192.168.1.111,172.217.11.35,0,0,0,0,0, 192.168.1.111,172.217.12.150,0,0,0,0,0, 192.168.1.111,172.217.7.14,0,0,0,0,0, 192.168.1.111,172.217.6.206,0,0,0,0,0, 192.168.1.111,172.217.12.174,0,0,0,0,0, 192.168.1.111,216.58.211.131,0,0,0,0,0, 192.168.1.111,172.217.11.51,0,0,0,0,0, 192.168.1.111,172.217.17.35,0,0,0,0,0, 192.168.1.111,216.58.212.131,0,0,0,0,0, 192.168.1.111,172.217.11.10,0,0,0,0,0, 192.168.1.111,172.217.17.99,0,0,0,0,0, 192.168.1.111,172.217.19.195,0,0,0,0,0, 192.168.1.111,104.237.191.1,0,0,0,0,0, 192.168.1.111,172.217.11.42,0,0,0,0,0, 192.168.1.111,173.194.60.217,0,0,0,0,0, 192.168.1.111,172.217.11.14,0,0,0,0,0, 192.168.1.111,216.58.212.195,0,0,0,0,0, 192.168.1.111,23.208.103.148,0,0,0,0,0, 192.168.1.111,172.217.13.228,0,0,0,0,0, 192.168.1.111,0.0.0.0,0,0,0,0,0,0,0,0,0,0,1526504770361,0.0,1639.0,0,0,0,0,0,0,0,0,0,0.0,0.0,-1
1799.699999999459,0,0,0,0, 192.168.1.111,74.125.155.199,0,0,0,0,0, 192.168.1.111,173.194.184.230,0,0,0,0,0, 192.168.1.111,172.217.11.46,0,0,0,0,0, 192.168.1.111,172.217.11.3,0,0,0,0,0, 192.168.1.111,172.217.10.46,0,0,0,0,0, 192.168.1.111,172.217.17.67,0,0,0,0,0, 192.168.1.111,172.217.11.35,0,0,0,0,0, 192.168.1.111,172.217.12.150,0,0,0,0,0, 192.168.1.111,172.217.7.14,0,0,0,0,0, 192.168.1.111,172.217.6.206,0,0,0,0,0, 192.168.1.111,172.217.12.174,0,0,0,0,0, 192.168.1.111,216.58.211.131,0,0,0,0,0, 192.168.1.111,172.217.11.51,0,0,0,0,0, 192.168.1.111,172.217.17.35,0,0,0,0,0, 192.168.1.111,216.58.212.131,0,0,0,0,0, 192.168.1.111,172.217.11.10,0,0,0,0,0, 192.168.1.111,172.217.17.99,0,0,0,0,0, 192.168.1.111,172.217.19.195,0,0,0,0,0, 192.168.1.111,104.237.191.1,0,0,0,0,0, 192.168.1.111,172.217.11.42,0,0,0,0,0, 192.168.1.111,173.194.60.217,0,0,0,0,0, 192.168.1.111,172.217.11.14,0,0,0,0,0, 192.168.1.111,216.58.212.195,0,0,0,0,0, 192.168.1.111,23.208.103.148,0,0,0,0,0, 192.168.1.111,172.217.13.228,0,0,0,0,0, 192.168.1.111,0.0.0.0,0,0,0,0,0,0,0,0,0,0,1526504770361,0.0,1639.0,0,0,0,0,0,0,0,0,0,0.0,0.0,-1
1799.7999999994586,0,0,0,0, 192.168.1.111,74.125.155.199,0,0,0,0,0, 192.168.1.111,173.194.184.230,0,0,0,0,0, 192.168.1.111,172.217.11.46,0,0,0,0,0, 192.168.1.111,172.217.11.3,0,0,0,0,0, 192.168.1.111,172.217.10.46,0,0,0,0,0, 192.168.1.111,172.217.17.67,0,0,0,0,0, 192.168.1.111,172.217.11.35,0,0,0,0,0, 192.168.1.111,172.217.12.150,0,0,0,0,0, 192.168.1.111,172.217.7.14,0,0,0,0,0, 192.168.1.111,172.217.6.206,0,0,0,0,0, 192.168.1.111,172.217.12.174,0,0,0,0,0, 192.168.1.111,216.58.211.131,0,0,0,0,0, 192.168.1.111,172.217.11.51,0,0,0,0,0, 192.168.1.111,172.217.17.35,0,0,0,0,0, 192.168.1.111,216.58.212.131,0,0,0,0,0, 192.168.1.111,172.217.11.10,0,0,0,0,0, 192.168.1.111,172.217.17.99,0,0,0,0,0, 192.168.1.111,172.217.19.195,0,0,0,0,0, 192.168.1.111,104.237.191.1,0,0,0,0,0, 192.168.1.111,172.217.11.42,0,0,0,0,0, 192.168.1.111,173.194.60.217,0,0,0,0,0, 192.168.1.111,172.217.11.14,0,0,0,0,0, 192.168.1.111,216.58.212.195,0,0,0,0,0, 192.168.1.111,23.208.103.148,0,0,0,0,0, 192.168.1.111,172.217.13.228,0,0,0,0,0, 192.168.1.111,0.0.0.0,0,0,0,0,0,0,0,0,0,0,1526504770361,0.0,1639.0,0,0,0,0,0,0,0,0,0,0.0,0.0,-1
1799.8999999994585,0,0,0,0, 192.168.1.111,74.125.155.199,0,0,0,0,0, 192.168.1.111,173.194.184.230,0,0,0,0,0, 192.168.1.111,172.217.11.46,0,0,0,0,0, 192.168.1.111,172.217.11.3,0,0,0,0,0, 192.168.1.111,172.217.10.46,0,0,0,0,0, 192.168.1.111,172.217.17.67,0,0,0,0,0, 192.168.1.111,172.217.11.35,0,0,0,0,0, 192.168.1.111,172.217.12.150,0,0,0,0,0, 192.168.1.111,172.217.7.14,0,0,0,0,0, 192.168.1.111,172.217.6.206,0,0,0,0,0, 192.168.1.111,172.217.12.174,0,0,0,0,0, 192.168.1.111,216.58.211.131,0,0,0,0,0, 192.168.1.111,172.217.11.51,0,0,0,0,0, 192.168.1.111,172.217.17.35,0,0,0,0,0, 192.168.1.111,216.58.212.131,0,0,0,0,0, 192.168.1.111,172.217.11.10,0,0,0,0,0, 192.168.1.111,172.217.17.99,0,0,0,0,0, 192.168.1.111,172.217.19.195,0,0,0,0,0, 192.168.1.111,104.237.191.1,0,0,0,0,0, 192.168.1.111,172.217.11.42,0,0,0,0,0, 192.168.1.111,173.194.60.217,0,0,0,0,0, 192.168.1.111,172.217.11.14,0,0,0,0,0, 192.168.1.111,216.58.212.195,0,0,0,0,0, 192.168.1.111,23.208.103.148,0,0,0,0,0, 192.168.1.111,172.217.13.228,0,0,0,0,0, 192.168.1.111,0.0.0.0,0,0,0,0,0,0,0,0,0,0,1526504770361,0.0,1639.0,0,0,0,0,0,0,0,0,0,0.0,0.0,-1
1799.9999999994584,0,0,0,0, 192.168.1.111,74.125.155.199,0,0,0,0,0, 192.168.1.111,173.194.184.230,0,0,0,0,0, 192.168.1.111,172.217.11.46,0,0,0,0,0, 192.168.1.111,172.217.11.3,0,0,0,0,0, 192.168.1.111,172.217.10.46,0,0,0,0,0, 192.168.1.111,172.217.17.67,0,0,0,0,0, 192.168.1.111,172.217.11.35,0,0,0,0,0, 192.168.1.111,172.217.12.150,0,0,0,0,0, 192.168.1.111,172.217.7.14,0,0,0,0,0, 192.168.1.111,172.217.6.206,0,0,0,0,0, 192.168.1.111,172.217.12.174,0,0,0,0,0, 192.168.1.111,216.58.211.131,0,0,0,0,0, 192.168.1.111,172.217.11.51,0,0,0,0,0, 192.168.1.111,172.217.17.35,0,0,0,0,0, 192.168.1.111,216.58.212.131,0,0,0,0,0, 192.168.1.111,172.217.11.10,0,0,0,0,0, 192.168.1.111,172.217.17.99,0,0,0,0,0, 192.168.1.111,172.217.19.195,0,0,0,0,0, 192.168.1.111,104.237.191.1,0,0,0,0,0, 192.168.1.111,172.217.11.42,0,0,0,0,0, 192.168.1.111,173.194.60.217,0,0,0,0,0, 192.168.1.111,172.217.11.14,0,0,0,0,0, 192.168.1.111,216.58.212.195,0,0,0,0,0, 192.168.1.111,23.208.103.148,0,0,0,0,0, 192.168.1.111,172.217.13.228,0,0,0,0,0, 192.168.1.111,0.0.0.0,0,0,0,0,0,0,0,0,0,0,1526504770361,0.0,1639.0,0,0,0,0,0,0,0,0,0,0.0,0.0,-1
1800.0999999994583,0,0,0,0, 192.168.1.111,74.125.155.199,0,0,0,0,0, 192.168.1.111,173.194.184.230,0,0,0,0,0, 192.168.1.111,172.217.11.46,0,0,0,0,0, 192.168.1.111,172.217.11.3,0,0,0,0,0, 192.168.1.111,172.217.10.46,0,0,0,0,0, 192.168.1.111,172.217.17.67,0,0,0,0,0, 192.168.1.111,172.217.11.35,0,0,0,0,0, 192.168.1.111,172.217.12.150,0,0,0,0,0, 192.168.1.111,172.217.7.14,0,0,0,0,0, 192.168.1.111,172.217.6.206,0,0,0,0,0, 192.168.1.111,172.217.12.174,0,0,0,0,0, 192.168.1.111,216.58.211.131,0,0,0,0,0, 192.168.1.111,172.217.11.51,0,0,0,0,0, 192.168.1.111,172.217.17.35,0,0,0,0,0, 192.168.1.111,216.58.212.131,0,0,0,0,0, 192.168.1.111,172.217.11.10,0,0,0,0,0, 192.168.1.111,172.217.17.99,0,0,0,0,0, 192.168.1.111,172.217.19.195,0,0,0,0,0, 192.168.1.111,104.237.191.1,0,0,0,0,0, 192.168.1.111,172.217.11.42,0,0,0,0,0, 192.168.1.111,173.194.60.217,0,0,0,0,0, 192.168.1.111,172.217.11.14,0,0,0,0,0, 192.168.1.111,216.58.212.195,0,0,0,0,0, 192.168.1.111,23.208.103.148,0,0,0,0,0, 192.168.1.111,172.217.13.228,0,0,0,0,0, 192.168.1.111,0.0.0.0,0,0,0,0,0,0,0,0,0,0,1526504770361,0.0,1639.0,0,0,0,0,0,0,0,0,0,0.0,0.0,-1
1800.1999999994582,0,0,0,0, 192.168.1.111,74.125.155.199,0,0,0,0,0, 192.168.1.111,173.194.184.230,0,0,0,0,0, 192.168.1.111,172.217.11.46,0,0,0,0,0, 192.168.1.111,172.217.11.3,0,0,0,0,0, 192.168.1.111,172.217.10.46,0,0,0,0,0, 192.168.1.111,172.217.17.67,0,0,0,0,0, 192.168.1.111,172.217.11.35,0,0,0,0,0, 192.168.1.111,172.217.12.150,0,0,0,0,0, 192.168.1.111,172.217.7.14,0,0,0,0,0, 192.168.1.111,172.217.6.206,0,0,0,0,0, 192.168.1.111,172.217.12.174,0,0,0,0,0, 192.168.1.111,216.58.211.131,0,0,0,0,0, 192.168.1.111,172.217.11.51,0,0,0,0,0, 192.168.1.111,172.217.17.35,0,0,0,0,0, 192.168.1.111,216.58.212.131,0,0,0,0,0, 192.168.1.111,172.217.11.10,0,0,0,0,0, 192.168.1.111,172.217.17.99,0,0,0,0,0, 192.168.1.111,172.217.19.195,0,0,0,0,0, 192.168.1.111,104.237.191.1,0,0,0,0,0, 192.168.1.111,172.217.11.42,0,0,0,0,0, 192.168.1.111,173.194.60.217,0,0,0,0,0, 192.168.1.111,172.217.11.14,0,0,0,0,0, 192.168.1.111,216.58.212.195,0,0,0,0,0, 192.168.1.111,23.208.103.148,0,0,0,0,0, 192.168.1.111,172.217.13.228,0,0,0,0,0, 192.168.1.111,0.0.0.0,0,0,0,0,0,0,0,0,0,0,1526504770361,0.0,1639.0,0,0,0,0,0,0,0,0,0,0.0,0.0,-1
1800.299999999458,0,0,0,0, 192.168.1.111,74.125.155.199,0,0,0,0,0, 192.168.1.111,173.194.184.230,0,0,0,0,0, 192.168.1.111,172.217.11.46,0,0,0,0,0, 192.168.1.111,172.217.11.3,0,0,0,0,0, 192.168.1.111,172.217.10.46,0,0,0,0,0, 192.168.1.111,172.217.17.67,0,0,0,0,0, 192.168.1.111,172.217.11.35,0,0,0,0,0, 192.168.1.111,172.217.12.150,0,0,0,0,0, 192.168.1.111,172.217.7.14,0,0,0,0,0, 192.168.1.111,172.217.6.206,0,0,0,0,0, 192.168.1.111,172.217.12.174,0,0,0,0,0, 192.168.1.111,216.58.211.131,0,0,0,0,0, 192.168.1.111,172.217.11.51,0,0,0,0,0, 192.168.1.111,172.217.17.35,0,0,0,0,0, 192.168.1.111,216.58.212.131,0,0,0,0,0, 192.168.1.111,172.217.11.10,0,0,0,0,0, 192.168.1.111,172.217.17.99,0,0,0,0,0, 192.168.1.111,172.217.19.195,0,0,0,0,0, 192.168.1.111,104.237.191.1,0,0,0,0,0, 192.168.1.111,172.217.11.42,0,0,0,0,0, 192.168.1.111,173.194.60.217,0,0,0,0,0, 192.168.1.111,172.217.11.14,0,0,0,0,0, 192.168.1.111,216.58.212.195,0,0,0,0,0, 192.168.1.111,23.208.103.148,0,0,0,0,0, 192.168.1.111,172.217.13.228,0,0,0,0,0, 192.168.1.111,0.0.0.0,0,0,0,0,0,0,0,0,0,0,1526504770361,0.0,1639.0,0,0,0,0,0,0,0,0,0,0.0,0.0,-1
1800.399999999458,0,0,0,0, 192.168.1.111,74.125.155.199,0,0,0,0,0, 192.168.1.111,173.194.184.230,0,0,0,0,0, 192.168.1.111,172.217.11.46,0,0,0,0,0, 192.168.1.111,172.217.11.3,0,0,0,0,0, 192.168.1.111,172.217.10.46,0,0,0,0,0, 192.168.1.111,172.217.17.67,0,0,0,0,0, 192.168.1.111,172.217.11.35,0,0,0,0,0, 192.168.1.111,172.217.12.150,0,0,0,0,0, 192.168.1.111,172.217.7.14,0,0,0,0,0, 192.168.1.111,172.217.6.206,0,0,0,0,0, 192.168.1.111,172.217.12.174,0,0,0,0,0, 192.168.1.111,216.58.211.131,0,0,0,0,0, 192.168.1.111,172.217.11.51,0,0,0,0,0, 192.168.1.111,172.217.17.35,0,0,0,0,0, 192.168.1.111,216.58.212.131,0,0,0,0,0, 192.168.1.111,172.217.11.10,0,0,0,0,0, 192.168.1.111,172.217.17.99,0,0,0,0,0, 192.168.1.111,172.217.19.195,0,0,0,0,0, 192.168.1.111,104.237.191.1,0,0,0,0,0, 192.168.1.111,172.217.11.42,0,0,0,0,0, 192.168.1.111,173.194.60.217,0,0,0,0,0, 192.168.1.111,172.217.11.14,0,0,0,0,0, 192.168.1.111,216.58.212.195,0,0,0,0,0, 192.168.1.111,23.208.103.148,0,0,0,0,0, 192.168.1.111,172.217.13.228,0,0,0,0,0, 192.168.1.111,0.0.0.0,0,0,0,0,0,0,0,0,0,0,1526504770361,0.0,1639.0,0,0,0,0,0,0,0,0,0,0.0,0.0,-1
1800.499999999458,0,0,0,0, 192.168.1.111,74.125.155.199,0,0,0,0,0, 192.168.1.111,173.194.184.230,0,0,0,0,0, 192.168.1.111,172.217.11.46,0,0,0,0,0, 192.168.1.111,172.217.11.3,0,0,0,0,0, 192.168.1.111,172.217.10.46,0,0,0,0,0, 192.168.1.111,172.217.17.67,0,0,0,0,0, 192.168.1.111,172.217.11.35,0,0,0,0,0, 192.168.1.111,172.217.12.150,0,0,0,0,0, 192.168.1.111,172.217.7.14,0,0,0,0,0, 192.168.1.111,172.217.6.206,0,0,0,0,0, 192.168.1.111,172.217.12.174,0,0,0,0,0, 192.168.1.111,216.58.211.131,0,0,0,0,0, 192.168.1.111,172.217.11.51,0,0,0,0,0, 192.168.1.111,172.217.17.35,0,0,0,0,0, 192.168.1.111,216.58.212.131,0,0,0,0,0, 192.168.1.111,172.217.11.10,0,0,0,0,0, 192.168.1.111,172.217.17.99,0,0,0,0,0, 192.168.1.111,172.217.19.195,0,0,0,0,0, 192.168.1.111,104.237.191.1,0,0,0,0,0, 192.168.1.111,172.217.11.42,0,0,0,0,0, 192.168.1.111,173.194.60.217,0,0,0,0,0, 192.168.1.111,172.217.11.14,0,0,0,0,0, 192.168.1.111,216.58.212.195,0,0,0,0,0, 192.168.1.111,23.208.103.148,0,0,0,0,0, 192.168.1.111,172.217.13.228,0,0,0,0,0, 192.168.1.111,0.0.0.0,0,0,0,0,0,0,0,0,0,0,1526504770361,0.0,1639.0,0,0,0,0,0,0,0,0,0,0.0,0.0,-1
1800.599999999458,0,0,0,0, 192.168.1.111,74.125.155.199,0,0,0,0,0, 192.168.1.111,173.194.184.230,0,0,0,0,0, 192.168.1.111,172.217.11.46,0,0,0,0,0, 192.168.1.111,172.217.11.3,0,0,0,0,0, 192.168.1.111,172.217.10.46,0,0,0,0,0, 192.168.1.111,172.217.17.67,0,0,0,0,0, 192.168.1.111,172.217.11.35,0,0,0,0,0, 192.168.1.111,172.217.12.150,0,0,0,0,0, 192.168.1.111,172.217.7.14,0,0,0,0,0, 192.168.1.111,172.217.6.206,0,0,0,0,0, 192.168.1.111,172.217.12.174,0,0,0,0,0, 192.168.1.111,216.58.211.131,0,0,0,0,0, 192.168.1.111,172.217.11.51,0,0,0,0,0, 192.168.1.111,172.217.17.35,0,0,0,0,0, 192.168.1.111,216.58.212.131,0,0,0,0,0, 192.168.1.111,172.217.11.10,0,0,0,0,0, 192.168.1.111,172.217.17.99,0,0,0,0,0, 192.168.1.111,172.217.19.195,0,0,0,0,0, 192.168.1.111,104.237.191.1,0,0,0,0,0, 192.168.1.111,172.217.11.42,0,0,0,0,0, 192.168.1.111,173.194.60.217,0,0,0,0,0, 192.168.1.111,172.217.11.14,0,0,0,0,0, 192.168.1.111,216.58.212.195,0,0,0,0,0, 192.168.1.111,23.208.103.148,0,0,0,0,0, 192.168.1.111,172.217.13.228,0,0,0,0,0, 192.168.1.111,0.0.0.0,0,0,0,0,0,0,0,0,0,0,1526504770361,0.0,1639.0,0,0,0,0,0,0,0,0,0,0.0,0.0,-1
1800.6999999994578,0,0,0,0, 192.168.1.111,74.125.155.199,0,0,0,0,0, 192.168.1.111,173.194.184.230,0,0,0,0,0, 192.168.1.111,172.217.11.46,0,0,0,0,0, 192.168.1.111,172.217.11.3,0,0,0,0,0, 192.168.1.111,172.217.10.46,0,0,0,0,0, 192.168.1.111,172.217.17.67,0,0,0,0,0, 192.168.1.111,172.217.11.35,0,0,0,0,0, 192.168.1.111,172.217.12.150,0,0,0,0,0, 192.168.1.111,172.217.7.14,0,0,0,0,0, 192.168.1.111,172.217.6.206,0,0,0,0,0, 192.168.1.111,172.217.12.174,0,0,0,0,0, 192.168.1.111,216.58.211.131,0,0,0,0,0, 192.168.1.111,172.217.11.51,0,0,0,0,0, 192.168.1.111,172.217.17.35,0,0,0,0,0, 192.168.1.111,216.58.212.131,0,0,0,0,0, 192.168.1.111,172.217.11.10,0,0,0,0,0, 192.168.1.111,172.217.17.99,0,0,0,0,0, 192.168.1.111,172.217.19.195,0,0,0,0,0, 192.168.1.111,104.237.191.1,0,0,0,0,0, 192.168.1.111,172.217.11.42,0,0,0,0,0, 192.168.1.111,173.194.60.217,0,0,0,0,0, 192.168.1.111,172.217.11.14,0,0,0,0,0, 192.168.1.111,216.58.212.195,0,0,0,0,0, 192.168.1.111,23.208.103.148,0,0,0,0,0, 192.168.1.111,172.217.13.228,0,0,0,0,0, 192.168.1.111,0.0.0.0,0,0,0,0,0,0,0,0,0,0,1526504770361,0.0,1639.0,0,0,0,0,0,0,0,0,0,0.0,0.0,-1
1800.7999999994577,0,0,0,0, 192.168.1.111,74.125.155.199,0,0,0,0,0, 192.168.1.111,173.194.184.230,0,0,0,0,0, 192.168.1.111,172.217.11.46,0,0,0,0,0, 192.168.1.111,172.217.11.3,0,0,0,0,0, 192.168.1.111,172.217.10.46,0,0,0,0,0, 192.168.1.111,172.217.17.67,0,0,0,0,0, 192.168.1.111,172.217.11.35,0,0,0,0,0, 192.168.1.111,172.217.12.150,0,0,0,0,0, 192.168.1.111,172.217.7.14,0,0,0,0,0, 192.168.1.111,172.217.6.206,0,0,0,0,0, 192.168.1.111,172.217.12.174,0,0,0,0,0, 192.168.1.111,216.58.211.131,0,0,0,0,0, 192.168.1.111,172.217.11.51,0,0,0,0,0, 192.168.1.111,172.217.17.35,0,0,0,0,0, 192.168.1.111,216.58.212.131,0,0,0,0,0, 192.168.1.111,172.217.11.10,0,0,0,0,0, 192.168.1.111,172.217.17.99,0,0,0,0,0, 192.168.1.111,172.217.19.195,0,0,0,0,0, 192.168.1.111,104.237.191.1,0,0,0,0,0, 192.168.1.111,172.217.11.42,0,0,0,0,0, 192.168.1.111,173.194.60.217,0,0,0,0,0, 192.168.1.111,172.217.11.14,0,0,0,0,0, 192.168.1.111,216.58.212.195,0,0,0,0,0, 192.168.1.111,23.208.103.148,0,0,0,0,0, 192.168.1.111,172.217.13.228,0,0,0,0,0, 192.168.1.111,0.0.0.0,0,0,0,0,0,0,0,0,0,0,1526504770361,0.0,1639.0,0,0,0,0,0,0,0,0,0,0.0,0.0,-1
1800.8999999994576,0,0,0,0, 192.168.1.111,74.125.155.199,0,0,0,0,0, 192.168.1.111,173.194.184.230,0,0,0,0,0, 192.168.1.111,172.217.11.46,0,0,0,0,0, 192.168.1.111,172.217.11.3,0,0,0,0,0, 192.168.1.111,172.217.10.46,0,0,0,0,0, 192.168.1.111,172.217.17.67,0,0,0,0,0, 192.168.1.111,172.217.11.35,0,0,0,0,0, 192.168.1.111,172.217.12.150,0,0,0,0,0, 192.168.1.111,172.217.7.14,0,0,0,0,0, 192.168.1.111,172.217.6.206,0,0,0,0,0, 192.168.1.111,172.217.12.174,0,0,0,0,0, 192.168.1.111,216.58.211.131,0,0,0,0,0, 192.168.1.111,172.217.11.51,0,0,0,0,0, 192.168.1.111,172.217.17.35,0,0,0,0,0, 192.168.1.111,216.58.212.131,0,0,0,0,0, 192.168.1.111,172.217.11.10,0,0,0,0,0, 192.168.1.111,172.217.17.99,0,0,0,0,0, 192.168.1.111,172.217.19.195,0,0,0,0,0, 192.168.1.111,104.237.191.1,0,0,0,0,0, 192.168.1.111,172.217.11.42,0,0,0,0,0, 192.168.1.111,173.194.60.217,0,0,0,0,0, 192.168.1.111,172.217.11.14,0,0,0,0,0, 192.168.1.111,216.58.212.195,0,0,0,0,0, 192.168.1.111,23.208.103.148,0,0,0,0,0, 192.168.1.111,172.217.13.228,0,0,0,0,0, 192.168.1.111,0.0.0.0,0,0,0,0,0,0,0,0,0,0,1526504770361,0.0,1639.0,0,0,0,0,0,0,0,0,0,0.0,0.0,-1
0.0,1,0,75,0, 192.168.1.111,173.194.7.91,0,0,0,0,0, 192.168.1.111,172.217.11.35,0,0,0,0,0, 192.168.1.111,172.217.11.33,0,0,0,0,0, 192.168.1.111,172.217.3.110,0,0,0,0,0, 192.168.1.111,172.217.10.246,0,0,0,0,0, 192.168.1.111,172.217.11.3,0,0,0,0,0, 192.168.1.111,172.217.12.150,0,0,0,0,0, 192.168.1.111,172.217.10.14,0,0,0,0,0, 192.168.1.111,172.217.10.110,0,0,0,0,0, 192.168.1.111,172.217.11.2,0,0,0,0,0, 192.168.1.111,172.217.13.228,0,0,0,0,0, 192.168.1.111,74.125.155.199,0,0,0,0,0, 192.168.1.111,172.217.11.14,0,0,0,0,0, 192.168.1.111,216.58.209.131,0,0,0,0,0, 192.168.1.111,172.217.11.38,0,0,0,0,0, 192.168.1.111,216.58.212.227,0,0,0,0,0, 192.168.1.111,172.217.6.238,0,0,0,0,0, 192.168.1.111,104.237.191.1,0,0,0,0,0, 192.168.1.111,172.217.11.42,0,0,0,0,0, 192.168.1.111,172.217.9.227,0,0,0,0,0, 192.168.1.111,172.217.11.10,0,0,0,0,0, 192.168.1.111,172.217.11.45,0,0,0,0,0, 192.168.1.111,172.217.11.46,0,0,0,0,0, 192.168.1.111,172.217.17.67,0,0,0,0,0, 192.168.1.111,172.217.17.35,0,0,0,0,0, 192.168.1.111,0.0.0.0,0,1,0,75,0,0,0,0,0,0,1526487177521,0.0,1479.681,0,0,0,0,0,0,0,0,0,0.0,0.0,-1
0.1,10,9,770,888, 192.168.1.111,173.194.7.91,0,0,0,0,0, 192.168.1.111,172.217.11.35,0,0,0,0,0, 192.168.1.111,172.217.11.33,0,0,0,0,0, 192.168.1.111,172.217.3.110,0,0,0,0,0, 192.168.1.111,172.217.10.246,0,0,0,0,0, 192.168.1.111,172.217.11.3,TCP,2,1,144,74, 192.168.1.111,172.217.12.150,0,0,0,0,0, 192.168.1.111,172.217.10.14,0,0,0,0,0, 192.168.1.111,172.217.10.110,0,0,0,0,0, 192.168.1.111,172.217.11.2,0,0,0,0,0, 192.168.1.111,172.217.13.228,0,0,0,0,0, 192.168.1.111,74.125.155.199,0,0,0,0,0, 192.168.1.111,172.217.11.14,0,0,0,0,0, 192.168.1.111,216.58.209.131,0,0,0,0,0, 192.168.1.111,172.217.11.38,0,0,0,0,0, 192.168.1.111,216.58.212.227,0,0,0,0,0, 192.168.1.111,172.217.6.238,0,0,0,0,0, 192.168.1.111,104.237.191.1,0,0,0,0,0, 192.168.1.111,172.217.11.42,TCP,2,1,144,74, 192.168.1.111,172.217.9.227,0,0,0,0,0, 192.168.1.111,172.217.11.10,0,0,0,0,0, 192.168.1.111,172.217.11.45,0,0,0,0,0, 192.168.1.111,172.217.11.46,0,0,0,0,0, 192.168.1.111,172.217.17.67,0,0,0,0,0, 192.168.1.111,172.217.17.35,0,0,0,0,0, 192.168.1.111,0.0.0.0,0,6,7,482,740,0,0,0,0,0,1526487177521,0.0,1479.681,0,0,0,0,0,0,0,0,0,0.0,0.0,-1
0.2,11,10,2097,6677, 192.168.1.111,173.194.7.91,0,0,0,0,0, 192.168.1.111,172.217.11.35,0,0,0,0,0, 192.168.1.111,172.217.11.33,0,0,0,0,0, 192.168.1.111,172.217.3.110,0,0,0,0,0, 192.168.1.111,172.217.10.246,0,0,0,0,0, 192.168.1.111,172.217.11.3,TCP,5,5,940,3339, 192.168.1.111,172.217.12.150,0,0,0,0,0, 192.168.1.111,172.217.10.14,0,0,0,0,0, 192.168.1.111,172.217.10.110,0,0,0,0,0, 192.168.1.111,172.217.11.2,0,0,0,0,0, 192.168.1.111,172.217.13.228,0,0,0,0,0, 192.168.1.111,74.125.155.199,0,0,0,0,0, 192.168.1.111,172.217.11.14,0,0,0,0,0, 192.168.1.111,216.58.209.131,0,0,0,0,0, 192.168.1.111,172.217.11.38,0,0,0,0,0, 192.168.1.111,216.58.212.227,0,0,0,0,0, 192.168.1.111,172.217.6.238,0,0,0,0,0, 192.168.1.111,104.237.191.1,0,0,0,0,0, 192.168.1.111,172.217.11.42,TCP,5,5,940,3338, 192.168.1.111,172.217.9.227,0,0,0,0,0, 192.168.1.111,172.217.11.10,0,0,0,0,0, 192.168.1.111,172.217.11.45,0,0,0,0,0, 192.168.1.111,172.217.11.46,0,0,0,0,0, 192.168.1.111,172.217.17.67,0,0,0,0,0, 192.168.1.111,172.217.17.35,0,0,0,0,0, 192.168.1.111,0.0.0.0,0,1,0,217,0,0,0,0,0,0,1526487177521,0.0,1479.681,0,0,0,0,0,0,0,0,0,0.0,0.0,-1
0.3,8,4,1303,340, 192.168.1.111,173.194.7.91,0,0,0,0,0, 192.168.1.111,172.217.11.35,0,0,0,0,0, 192.168.1.111,172.217.11.33,0,0,0,0,0, 192.168.1.111,172.217.3.110,0,0,0,0,0, 192.168.1.111,172.217.10.246,0,0,0,0,0, 192.168.1.111,172.217.11.3,TCP,4,2,667,170, 192.168.1.111,172.217.12.150,0,0,0,0,0, 192.168.1.111,172.217.10.14,0,0,0,0,0, 192.168.1.111,172.217.10.110,0,0,0,0,0, 192.168.1.111,172.217.11.2,0,0,0,0,0, 192.168.1.111,172.217.13.228,0,0,0,0,0, 192.168.1.111,74.125.155.199,0,0,0,0,0, 192.168.1.111,172.217.11.14,0,0,0,0,0, 192.168.1.111,216.58.209.131,0,0,0,0,0, 192.168.1.111,172.217.11.38,0,0,0,0,0, 192.168.1.111,216.58.212.227,0,0,0,0,0, 192.168.1.111,172.217.6.238,0,0,0,0,0, 192.168.1.111,104.237.191.1,0,0,0,0,0, 192.168.1.111,172.217.11.42,TCP,4,2,636,170, 192.168.1.111,172.217.9.227,0,0,0,0,0, 192.168.1.111,172.217.11.10,0,0,0,0,0, 192.168.1.111,172.217.11.45,0,0,0,0,0, 192.168.1.111,172.217.11.46,0,0,0,0,0, 192.168.1.111,172.217.17.67,0,0,0,0,0, 192.168.1.111,172.217.17.35,0,0,0,0,0, 192.168.1.111,0.0.0.0,0,0,0,0,0,0,0,0,0,0,1526487177521,0.0,1479.681,0,0,0,0,0,0,0,0,0,0.0,0.0,-1
0.4,8,8,620,2345, 192.168.1.111,173.194.7.91,0,0,0,0,0, 192.168.1.111,172.217.11.35,0,0,0,0,0, 192.168.1.111,172.217.11.33,0,0,0,0,0, 192.168.1.111,172.217.3.110,0,0,0,0,0, 192.168.1.111,172.217.10.246,0,0,0,0,0, 192.168.1.111,172.217.11.3,TCP,4,4,310,606, 192.168.1.111,172.217.12.150,0,0,0,0,0, 192.168.1.111,172.217.10.14,0,0,0,0,0, 192.168.1.111,172.217.10.110,0,0,0,0,0, 192.168.1.111,172.217.11.2,0,0,0,0,0, 192.168.1.111,172.217.13.228,0,0,0,0,0, 192.168.1.111,74.125.155.199,0,0,0,0,0, 192.168.1.111,172.217.11.14,0,0,0,0,0, 192.168.1.111,216.58.209.131,0,0,0,0,0, 192.168.1.111,172.217.11.38,0,0,0,0,0, 192.168.1.111,216.58.212.227,0,0,0,0,0, 192.168.1.111,172.217.6.238,0,0,0,0,0, 192.168.1.111,104.237.191.1,0,0,0,0,0, 192.168.1.111,172.217.11.42,TCP,4,4,310,1739, 192.168.1.111,172.217.9.227,0,0,0,0,0, 192.168.1.111,172.217.11.10,0,0,0,0,0, 192.168.1.111,172.217.11.45,0,0,0,0,0, 192.168.1.111,172.217.11.46,0,0,0,0,0, 192.168.1.111,172.217.17.67,0,0,0,0,0, 192.168.1.111,172.217.17.35,0,0,0,0,0, 192.168.1.111,0.0.0.0,0,0,0,0,0,0,0,0,0,0,1526487177521,0.0,1479.681,0,0,0,0,0,0,0,0,0,0.0,0.0,-1
0.5,0,0,0,0, 192.168.1.111,173.194.7.91,0,0,0,0,0, 192.168.1.111,172.217.11.35,0,0,0,0,0, 192.168.1.111,172.217.11.33,0,0,0,0,0, 192.168.1.111,172.217.3.110,0,0,0,0,0, 192.168.1.111,172.217.10.246,0,0,0,0,0, 192.168.1.111,172.217.11.3,0,0,0,0,0, 192.168.1.111,172.217.12.150,0,0,0,0,0, 192.168.1.111,172.217.10.14,0,0,0,0,0, 192.168.1.111,172.217.10.110,0,0,0,0,0, 192.168.1.111,172.217.11.2,0,0,0,0,0, 192.168.1.111,172.217.13.228,0,0,0,0,0, 192.168.1.111,74.125.155.199,0,0,0,0,0, 192.168.1.111,172.217.11.14,0,0,0,0,0, 192.168.1.111,216.58.209.131,0,0,0,0,0, 192.168.1.111,172.217.11.38,0,0,0,0,0, 192.168.1.111,216.58.212.227,0,0,0,0,0, 192.168.1.111,172.217.6.238,0,0,0,0,0, 192.168.1.111,104.237.191.1,0,0,0,0,0, 192.168.1.111,172.217.11.42,0,0,0,0,0, 192.168.1.111,172.217.9.227,0,0,0,0,0, 192.168.1.111,172.217.11.10,0,0,0,0,0, 192.168.1.111,172.217.11.45,0,0,0,0,0, 192.168.1.111,172.217.11.46,0,0,0,0,0, 192.168.1.111,172.217.17.67,0,0,0,0,0, 192.168.1.111,172.217.17.35,0,0,0,0,0, 192.168.1.111,0.0.0.0,0,0,0,0,0,0,0,0,0,0,1526487177521,0.0,1479.681,0,0,0,0,0,0,0,0,0,0.0,0.0,-1
0.6,0,0,0,0, 192.168.1.111,173.194.7.91,0,0,0,0,0, 192.168.1.111,172.217.11.35,0,0,0,0,0, 192.168.1.111,172.217.11.33,0,0,0,0,0, 192.168.1.111,172.217.3.110,0,0,0,0,0, 192.168.1.111,172.217.10.246,0,0,0,0,0, 192.168.1.111,172.217.11.3,0,0,0,0,0, 192.168.1.111,172.217.12.150,0,0,0,0,0, 192.168.1.111,172.217.10.14,0,0,0,0,0, 192.168.1.111,172.217.10.110,0,0,0,0,0, 192.168.1.111,172.217.11.2,0,0,0,0,0, 192.168.1.111,172.217.13.228,0,0,0,0,0, 192.168.1.111,74.125.155.199,0,0,0,0,0, 192.168.1.111,172.217.11.14,0,0,0,0,0, 192.168.1.111,216.58.209.131,0,0,0,0,0, 192.168.1.111,172.217.11.38,0,0,0,0,0, 192.168.1.111,216.58.212.227,0,0,0,0,0, 192.168.1.111,172.217.6.238,0,0,0,0,0, 192.168.1.111,104.237.191.1,0,0,0,0,0, 192.168.1.111,172.217.11.42,0,0,0,0,0, 192.168.1.111,172.217.9.227,0,0,0,0,0, 192.168.1.111,172.217.11.10,0,0,0,0,0, 192.168.1.111,172.217.11.45,0,0,0,0,0, 192.168.1.111,172.217.11.46,0,0,0,0,0, 192.168.1.111,172.217.17.67,0,0,0,0,0, 192.168.1.111,172.217.17.35,0,0,0,0,0, 192.168.1.111,0.0.0.0,0,0,0,0,0,0,0,0,0,0,1526487177521,0.0,1479.681,0,0,0,0,0,0,0,0,0,0.0,0.0,-1
0.7,6,1,4903,74, 192.168.1.111,173.194.7.91,0,0,0,0,0, 192.168.1.111,172.217.11.35,0,0,0,0,0, 192.168.1.111,172.217.11.33,0,0,0,0,0, 192.168.1.111,172.217.3.110,QUIC,1,0,1392,0, 192.168.1.111,172.217.10.246,0,0,0,0,0, 192.168.1.111,172.217.11.3,0,0,0,0,0, 192.168.1.111,172.217.12.150,0,0,0,0,0, 192.168.1.111,172.217.10.14,0,0,0,0,0, 192.168.1.111,172.217.10.110,0,0,0,0,0, 192.168.1.111,172.217.11.2,0,0,0,0,0, 192.168.1.111,172.217.13.228,0,0,0,0,0, 192.168.1.111,74.125.155.199,0,0,0,0,0, 192.168.1.111,172.217.11.14,0,0,0,0,0, 192.168.1.111,216.58.209.131,0,0,0,0,0, 192.168.1.111,172.217.11.38,0,0,0,0,0, 192.168.1.111,216.58.212.227,0,0,0,0,0, 192.168.1.111,172.217.6.238,0,0,0,0,0, 192.168.1.111,104.237.191.1,0,0,0,0,0, 192.168.1.111,172.217.11.42,QUIC,2,0,2784,0, 192.168.1.111,172.217.9.227,0,0,0,0,0, 192.168.1.111,172.217.11.10,0,0,0,0,0, 192.168.1.111,172.217.11.45,0,0,0,0,0, 192.168.1.111,172.217.11.46,0,0,0,0,0, 192.168.1.111,172.217.17.67,0,0,0,0,0, 192.168.1.111,172.217.17.35,0,0,0,0,0, 192.168.1.111,0.0.0.0,0,3,1,727,74,0,0,0,0,0,1526487177521,0.0,1479.681,0,0,0,0,0,0,0,0,0,0.0,0.0,-1
0.7999999999999999,8,12,2492,8992, 192.168.1.111,173.194.7.91,0,0,0,0,0, 192.168.1.111,172.217.11.35,0,0,0,0,0, 192.168.1.111,172.217.11.33,0,0,0,0,0, 192.168.1.111,172.217.3.110,QUIC,2,3,1472,2864, 192.168.1.111,172.217.10.246,0,0,0,0,0, 192.168.1.111,172.217.11.3,0,0,0,0,0, 192.168.1.111,172.217.12.150,0,0,0,0,0, 192.168.1.111,172.217.10.14,0,0,0,0,0, 192.168.1.111,172.217.10.110,0,0,0,0,0, 192.168.1.111,172.217.11.2,0,0,0,0,0, 192.168.1.111,172.217.13.228,0,0,0,0,0, 192.168.1.111,74.125.155.199,0,0,0,0,0, 192.168.1.111,172.217.11.14,0,0,0,0,0, 192.168.1.111,216.58.209.131,0,0,0,0,0, 192.168.1.111,172.217.11.38,0,0,0,0,0, 192.168.1.111,216.58.212.227,0,0,0,0,0, 192.168.1.111,172.217.6.238,0,0,0,0,0, 192.168.1.111,104.237.191.1,0,0,0,0,0, 192.168.1.111,172.217.11.42,QUIC,1,3,80,2864, 192.168.1.111,172.217.9.227,0,0,0,0,0, 192.168.1.111,172.217.11.10,0,0,0,0,0, 192.168.1.111,172.217.11.45,0,0,0,0,0, 192.168.1.111,172.217.11.46,0,0,0,0,0, 192.168.1.111,172.217.17.67,0,0,0,0,0, 192.168.1.111,172.217.17.35,0,0,0,0,0, 192.168.1.111,0.0.0.0,0,5,6,940,3264,0,0,0,0,0,1526487177521,0.0,1479.681,0,0,0,0,0,0,0,0,0,0.0,0.0,-1
0.8999999999999999,6,7,3135,4463, 192.168.1.111,173.194.7.91,0,0,0,0,0, 192.168.1.111,172.217.11.35,0,0,0,0,0, 192.168.1.111,172.217.11.33,0,0,0,0,0, 192.168.1.111,172.217.3.110,QUIC,3,4,1569,2929, 192.168.1.111,172.217.10.246,0,0,0,0,0, 192.168.1.111,172.217.11.3,0,0,0,0,0, 192.168.1.111,172.217.12.150,0,0,0,0,0, 192.168.1.111,172.217.10.14,0,0,0,0,0, 192.168.1.111,172.217.10.110,0,0,0,0,0, 192.168.1.111,172.217.11.2,0,0,0,0,0, 192.168.1.111,172.217.13.228,0,0,0,0,0, 192.168.1.111,74.125.155.199,0,0,0,0,0, 192.168.1.111,172.217.11.14,0,0,0,0,0, 192.168.1.111,216.58.209.131,0,0,0,0,0, 192.168.1.111,172.217.11.38,0,0,0,0,0, 192.168.1.111,216.58.212.227,0,0,0,0,0, 192.168.1.111,172.217.6.238,0,0,0,0,0, 192.168.1.111,104.237.191.1,0,0,0,0,0, 192.168.1.111,172.217.11.42,QUIC,3,3,1566,1534, 192.168.1.111,172.217.9.227,0,0,0,0,0, 192.168.1.111,172.217.11.10,0,0,0,0,0, 192.168.1.111,172.217.11.45,0,0,0,0,0, 192.168.1.111,172.217.11.46,0,0,0,0,0, 192.168.1.111,172.217.17.67,0,0,0,0,0, 192.168.1.111,172.217.17.35,0,0,0,0,0, 192.168.1.111,0.0.0.0,0,0,0,0,0,0,0,0,0,0,1526487177521,0.0,1479.681,0,0,0,0,0,0,0,0,0,0.0,0.0,-1
1.0,0,0,0,0, 192.168.1.111,173.194.7.91,0,0,0,0,0, 192.168.1.111,172.217.11.35,0,0,0,0,0, 192.168.1.111,172.217.11.33,0,0,0,0,0, 192.168.1.111,172.217.3.110,0,0,0,0,0, 192.168.1.111,172.217.10.246,0,0,0,0,0, 192.168.1.111,172.217.11.3,0,0,0,0,0, 192.168.1.111,172.217.12.150,0,0,0,0,0, 192.168.1.111,172.217.10.14,0,0,0,0,0, 192.168.1.111,172.217.10.110,0,0,0,0,0, 192.168.1.111,172.217.11.2,0,0,0,0,0, 192.168.1.111,172.217.13.228,0,0,0,0,0, 192.168.1.111,74.125.155.199,0,0,0,0,0, 192.168.1.111,172.217.11.14,0,0,0,0,0, 192.168.1.111,216.58.209.131,0,0,0,0,0, 192.168.1.111,172.217.11.38,0,0,0,0,0, 192.168.1.111,216.58.212.227,0,0,0,0,0, 192.168.1.111,172.217.6.238,0,0,0,0,0, 192.168.1.111,104.237.191.1,0,0,0,0,0, 192.168.1.111,172.217.11.42,0,0,0,0,0, 192.168.1.111,172.217.9.227,0,0,0,0,0, 192.168.1.111,172.217.11.10,0,0,0,0,0, 192.168.1.111,172.217.11.45,0,0,0,0,0, 192.168.1.111,172.217.11.46,0,0,0,0,0, 192.168.1.111,172.217.17.67,0,0,0,0,0, 192.168.1.111,172.217.17.35,0,0,0,0,0, 192.168.1.111,0.0.0.0,0,0,0,0,0,0,0,0,0,0,1526487177521,0.0,1479.681,0,0,0,0,0,0,0,0,0,0.0,0.0,-1
1.1,0,0,0,0, 192.168.1.111,173.194.7.91,0,0,0,0,0, 192.168.1.111,172.217.11.35,0,0,0,0,0, 192.168.1.111,172.217.11.33,0,0,0,0,0, 192.168.1.111,172.217.3.110,0,0,0,0,0, 192.168.1.111,172.217.10.246,0,0,0,0,0, 192.168.1.111,172.217.11.3,0,0,0,0,0, 192.168.1.111,172.217.12.150,0,0,0,0,0, 192.168.1.111,172.217.10.14,0,0,0,0,0, 192.168.1.111,172.217.10.110,0,0,0,0,0, 192.168.1.111,172.217.11.2,0,0,0,0,0, 192.168.1.111,172.217.13.228,0,0,0,0,0, 192.168.1.111,74.125.155.199,0,0,0,0,0, 192.168.1.111,172.217.11.14,0,0,0,0,0, 192.168.1.111,216.58.209.131,0,0,0,0,0, 192.168.1.111,172.217.11.38,0,0,0,0,0, 192.168.1.111,216.58.212.227,0,0,0,0,0, 192.168.1.111,172.217.6.238,0,0,0,0,0, 192.168.1.111,104.237.191.1,0,0,0,0,0, 192.168.1.111,172.217.11.42,0,0,0,0,0, 192.168.1.111,172.217.9.227,0,0,0,0,0, 192.168.1.111,172.217.11.10,0,0,0,0,0, 192.168.1.111,172.217.11.45,0,0,0,0,0, 192.168.1.111,172.217.11.46,0,0,0,0,0, 192.168.1.111,172.217.17.67,0,0,0,0,0, 192.168.1.111,172.217.17.35,0,0,0,0,0, 192.168.1.111,0.0.0.0,0,0,0,0,0,0,0,0,0,0,1526487177521,0.0,1479.681,0,0,0,0,0,0,0,0,0,0.0,0.0,-1
1.2,1,0,217,0, 192.168.1.111,173.194.7.91,0,0,0,0,0, 192.168.1.111,172.217.11.35,0,0,0,0,0, 192.168.1.111,172.217.11.33,0,0,0,0,0, 192.168.1.111,172.217.3.110,0,0,0,0,0, 192.168.1.111,172.217.10.246,0,0,0,0,0, 192.168.1.111,172.217.11.3,0,0,0,0,0, 192.168.1.111,172.217.12.150,0,0,0,0,0, 192.168.1.111,172.217.10.14,0,0,0,0,0, 192.168.1.111,172.217.10.110,0,0,0,0,0, 192.168.1.111,172.217.11.2,0,0,0,0,0, 192.168.1.111,172.217.13.228,0,0,0,0,0, 192.168.1.111,74.125.155.199,0,0,0,0,0, 192.168.1.111,172.217.11.14,0,0,0,0,0, 192.168.1.111,216.58.209.131,0,0,0,0,0, 192.168.1.111,172.217.11.38,0,0,0,0,0, 192.168.1.111,216.58.212.227,0,0,0,0,0, 192.168.1.111,172.217.6.238,0,0,0,0,0, 192.168.1.111,104.237.191.1,0,0,0,0,0, 192.168.1.111,172.217.11.42,0,0,0,0,0, 192.168.1.111,172.217.9.227,0,0,0,0,0, 192.168.1.111,172.217.11.10,0,0,0,0,0, 192.168.1.111,172.217.11.45,0,0,0,0,0, 192.168.1.111,172.217.11.46,0,0,0,0,0, 192.168.1.111,172.217.17.67,0,0,0,0,0, 192.168.1.111,172.217.17.35,0,0,0,0,0, 192.168.1.111,0.0.0.0,0,1,0,217,0,0,0,0,0,0,1526487177521,0.0,1479.681,0,0,0,0,0,0,0,0,0,0.0,0.0,-1
1.3,8,6,4319,4419, 192.168.1.111,173.194.7.91,0,0,0,0,0, 192.168.1.111,172.217.11.35,0,0,0,0,0, 192.168.1.111,172.217.11.33,0,0,0,0,0, 192.168.1.111,172.217.3.110,0,0,0,0,0, 192.168.1.111,172.217.10.246,0,0,0,0,0, 192.168.1.111,172.217.11.3,0,0,0,0,0, 192.168.1.111,172.217.12.150,0,0,0,0,0, 192.168.1.111,172.217.10.14,0,0,0,0,0, 192.168.1.111,172.217.10.110,0,0,0,0,0, 192.168.1.111,172.217.11.2,0,0,0,0,0, 192.168.1.111,172.217.13.228,0,0,0,0,0, 192.168.1.111,74.125.155.199,0,0,0,0,0, 192.168.1.111,172.217.11.14,0,0,0,0,0, 192.168.1.111,216.58.209.131,0,0,0,0,0, 192.168.1.111,172.217.11.38,0,0,0,0,0, 192.168.1.111,216.58.212.227,0,0,0,0,0, 192.168.1.111,172.217.6.238,0,0,0,0,0, 192.168.1.111,104.237.191.1,0,0,0,0,0, 192.168.1.111,172.217.11.42,0,0,0,0,0, 192.168.1.111,172.217.9.227,0,0,0,0,0, 192.168.1.111,172.217.11.10,0,0,0,0,0, 192.168.1.111,172.217.11.45,QUIC,7,5,4240,4324, 192.168.1.111,172.217.11.46,0,0,0,0,0, 192.168.1.111,172.217.17.67,0,0,0,0,0, 192.168.1.111,172.217.17.35,0,0,0,0,0, 192.168.1.111,0.0.0.0,0,1,1,79,95,0,0,0,0,0,1526487177521,0.0,1479.681,0,0,0,0,0,0,0,0,0,0.0,0.0,-1
1.4,2,3,160,1347, 192.168.1.111,173.194.7.91,0,0,0,0,0, 192.168.1.111,172.217.11.35,0,0,0,0,0, 192.168.1.111,172.217.11.33,0,0,0,0,0, 192.168.1.111,172.217.3.110,0,0,0,0,0, 192.168.1.111,172.217.10.246,0,0,0,0,0, 192.168.1.111,172.217.11.3,0,0,0,0,0, 192.168.1.111,172.217.12.150,0,0,0,0,0, 192.168.1.111,172.217.10.14,0,0,0,0,0, 192.168.1.111,172.217.10.110,0,0,0,0,0, 192.168.1.111,172.217.11.2,0,0,0,0,0, 192.168.1.111,172.217.13.228,0,0,0,0,0, 192.168.1.111,74.125.155.199,0,0,0,0,0, 192.168.1.111,172.217.11.14,0,0,0,0,0, 192.168.1.111,216.58.209.131,0,0,0,0,0, 192.168.1.111,172.217.11.38,0,0,0,0,0, 192.168.1.111,216.58.212.227,0,0,0,0,0, 192.168.1.111,172.217.6.238,0,0,0,0,0, 192.168.1.111,104.237.191.1,0,0,0,0,0, 192.168.1.111,172.217.11.42,0,0,0,0,0, 192.168.1.111,172.217.9.227,0,0,0,0,0, 192.168.1.111,172.217.11.10,0,0,0,0,0, 192.168.1.111,172.217.11.45,QUIC,2,3,160,1347, 192.168.1.111,172.217.11.46,0,0,0,0,0, 192.168.1.111,172.217.17.67,0,0,0,0,0, 192.168.1.111,172.217.17.35,0,0,0,0,0, 192.168.1.111,0.0.0.0,0,0,0,0,0,0,0,0,0,0,1526487177521,0.0,1479.681,0,0,0,0,0,0,0,0,0,0.0,0.0,-1
1.5000000000000002,0,0,0,0, 192.168.1.111,173.194.7.91,0,0,0,0,0, 192.168.1.111,172.217.11.35,0,0,0,0,0, 192.168.1.111,172.217.11.33,0,0,0,0,0, 192.168.1.111,172.217.3.110,0,0,0,0,0, 192.168.1.111,172.217.10.246,0,0,0,0,0, 192.168.1.111,172.217.11.3,0,0,0,0,0, 192.168.1.111,172.217.12.150,0,0,0,0,0, 192.168.1.111,172.217.10.14,0,0,0,0,0, 192.168.1.111,172.217.10.110,0,0,0,0,0, 192.168.1.111,172.217.11.2,0,0,0,0,0, 192.168.1.111,172.217.13.228,0,0,0,0,0, 192.168.1.111,74.125.155.199,0,0,0,0,0, 192.168.1.111,172.217.11.14,0,0,0,0,0, 192.168.1.111,216.58.209.131,0,0,0,0,0, 192.168.1.111,172.217.11.38,0,0,0,0,0, 192.168.1.111,216.58.212.227,0,0,0,0,0, 192.168.1.111,172.217.6.238,0,0,0,0,0, 192.168.1.111,104.237.191.1,0,0,0,0,0, 192.168.1.111,172.217.11.42,0,0,0,0,0, 192.168.1.111,172.217.9.227,0,0,0,0,0, 192.168.1.111,172.217.11.10,0,0,0,0,0, 192.168.1.111,172.217.11.45,0,0,0,0,0, 192.168.1.111,172.217.11.46,0,0,0,0,0, 192.168.1.111,172.217.17.67,0,0,0,0,0, 192.168.1.111,172.217.17.35,0,0,0,0,0, 192.168.1.111,0.0.0.0,0,0,0,0,0,0,0,0,0,0,1526487177521,0.0,1479.681,0,0,0,0,0,0,0,0,0,0.0,0.0,-1
1.6000000000000003,0,0,0,0, 192.168.1.111,173.194.7.91,0,0,0,0,0, 192.168.1.111,172.217.11.35,0,0,0,0,0, 192.168.1.111,172.217.11.33,0,0,0,0,0, 192.168.1.111,172.217.3.110,0,0,0,0,0, 192.168.1.111,172.217.10.246,0,0,0,0,0, 192.168.1.111,172.217.11.3,0,0,0,0,0, 192.168.1.111,172.217.12.150,0,0,0,0,0, 192.168.1.111,172.217.10.14,0,0,0,0,0, 192.168.1.111,172.217.10.110,0,0,0,0,0, 192.168.1.111,172.217.11.2,0,0,0,0,0, 192.168.1.111,172.217.13.228,0,0,0,0,0, 192.168.1.111,74.125.155.199,0,0,0,0,0, 192.168.1.111,172.217.11.14,0,0,0,0,0, 192.168.1.111,216.58.209.131,0,0,0,0,0, 192.168.1.111,172.217.11.38,0,0,0,0,0, 192.168.1.111,216.58.212.227,0,0,0,0,0, 192.168.1.111,172.217.6.238,0,0,0,0,0, 192.168.1.111,104.237.191.1,0,0,0,0,0, 192.168.1.111,172.217.11.42,0,0,0,0,0, 192.168.1.111,172.217.9.227,0,0,0,0,0, 192.168.1.111,172.217.11.10,0,0,0,0,0, 192.168.1.111,172.217.11.45,0,0,0,0,0, 192.168.1.111,172.217.11.46,0,0,0,0,0, 192.168.1.111,172.217.17.67,0,0,0,0,0, 192.168.1.111,172.217.17.35,0,0,0,0,0, 192.168.1.111,0.0.0.0,0,0,0,0,0,0,0,0,0,0,1526487177521,0.0,1479.681,0,0,0,0,0,0,0,0,0,0.0,0.0,-1
1.7000000000000004,0,0,0,0, 192.168.1.111,173.194.7.91,0,0,0,0,0, 192.168.1.111,172.217.11.35,0,0,0,0,0, 192.168.1.111,172.217.11.33,0,0,0,0,0, 192.168.1.111,172.217.3.110,0,0,0,0,0, 192.168.1.111,172.217.10.246,0,0,0,0,0, 192.168.1.111,172.217.11.3,0,0,0,0,0, 192.168.1.111,172.217.12.150,0,0,0,0,0, 192.168.1.111,172.217.10.14,0,0,0,0,0, 192.168.1.111,172.217.10.110,0,0,0,0,0, 192.168.1.111,172.217.11.2,0,0,0,0,0, 192.168.1.111,172.217.13.228,0,0,0,0,0, 192.168.1.111,74.125.155.199,0,0,0,0,0, 192.168.1.111,172.217.11.14,0,0,0,0,0, 192.168.1.111,216.58.209.131,0,0,0,0,0, 192.168.1.111,172.217.11.38,0,0,0,0,0, 192.168.1.111,216.58.212.227,0,0,0,0,0, 192.168.1.111,172.217.6.238,0,0,0,0,0, 192.168.1.111,104.237.191.1,0,0,0,0,0, 192.168.1.111,172.217.11.42,0,0,0,0,0, 192.168.1.111,172.217.9.227,0,0,0,0,0, 192.168.1.111,172.217.11.10,0,0,0,0,0, 192.168.1.111,172.217.11.45,0,0,0,0,0, 192.168.1.111,172.217.11.46,0,0,0,0,0, 192.168.1.111,172.217.17.67,0,0,0,0,0, 192.168.1.111,172.217.17.35,0,0,0,0,0, 192.168.1.111,0.0.0.0,0,0,0,0,0,0,0,0,0,0,1526487177521,0.0,1479.681,0,0,0,0,0,0,0,0,0,0.0,0.0,-1
1.8000000000000005,1,0,838,0, 192.168.1.111,173.194.7.91,0,0,0,0,0, 192.168.1.111,172.217.11.35,0,0,0,0,0, 192.168.1.111,172.217.11.33,0,0,0,0,0, 192.168.1.111,172.217.3.110,QUIC,1,0,838,0, 192.168.1.111,172.217.10.246,0,0,0,0,0, 192.168.1.111,172.217.11.3,0,0,0,0,0, 192.168.1.111,172.217.12.150,0,0,0,0,0, 192.168.1.111,172.217.10.14,0,0,0,0,0, 192.168.1.111,172.217.10.110,0,0,0,0,0, 192.168.1.111,172.217.11.2,0,0,0,0,0, 192.168.1.111,172.217.13.228,0,0,0,0,0, 192.168.1.111,74.125.155.199,0,0,0,0,0, 192.168.1.111,172.217.11.14,0,0,0,0,0, 192.168.1.111,216.58.209.131,0,0,0,0,0, 192.168.1.111,172.217.11.38,0,0,0,0,0, 192.168.1.111,216.58.212.227,0,0,0,0,0, 192.168.1.111,172.217.6.238,0,0,0,0,0, 192.168.1.111,104.237.191.1,0,0,0,0,0, 192.168.1.111,172.217.11.42,0,0,0,0,0, 192.168.1.111,172.217.9.227,0,0,0,0,0, 192.168.1.111,172.217.11.10,0,0,0,0,0, 192.168.1.111,172.217.11.45,0,0,0,0,0, 192.168.1.111,172.217.11.46,0,0,0,0,0, 192.168.1.111,172.217.17.67,0,0,0,0,0, 192.168.1.111,172.217.17.35,0,0,0,0,0, 192.168.1.111,0.0.0.0,0,0,0,0,0,0,0,0,0,0,1526487177521,0.0,1479.681,0,0,0,0,0,0,0,0,0,0.0,0.0,-1
1.9000000000000008,3,3,1549,2664, 192.168.1.111,173.194.7.91,0,0,0,0,0, 192.168.1.111,172.217.11.35,QUIC,1,1,1392,1392, 192.168.1.111,172.217.11.33,0,0,0,0,0, 192.168.1.111,172.217.3.110,QUIC,1,1,80,1143, 192.168.1.111,172.217.10.246,0,0,0,0,0, 192.168.1.111,172.217.11.3,0,0,0,0,0, 192.168.1.111,172.217.12.150,0,0,0,0,0, 192.168.1.111,172.217.10.14,0,0,0,0,0, 192.168.1.111,172.217.10.110,0,0,0,0,0, 192.168.1.111,172.217.11.2,0,0,0,0,0, 192.168.1.111,172.217.13.228,0,0,0,0,0, 192.168.1.111,74.125.155.199,0,0,0,0,0, 192.168.1.111,172.217.11.14,0,0,0,0,0, 192.168.1.111,216.58.209.131,0,0,0,0,0, 192.168.1.111,172.217.11.38,0,0,0,0,0, 192.168.1.111,216.58.212.227,0,0,0,0,0, 192.168.1.111,172.217.6.238,0,0,0,0,0, 192.168.1.111,104.237.191.1,0,0,0,0,0, 192.168.1.111,172.217.11.42,0,0,0,0,0, 192.168.1.111,172.217.9.227,0,0,0,0,0, 192.168.1.111,172.217.11.10,0,0,0,0,0, 192.168.1.111,172.217.11.45,0,0,0,0,0, 192.168.1.111,172.217.11.46,0,0,0,0,0, 192.168.1.111,172.217.17.67,0,0,0,0,0, 192.168.1.111,172.217.17.35,0,0,0,0,0, 192.168.1.111,0.0.0.0,0,1,1,77,129,0,0,0,0,0,1526487177521,0.0,1479.681,0,0,0,0,0,0,0,0,0,0.0,0.0,-1
2.0000000000000004,5,3,1707,2857, 192.168.1.111,173.194.7.91,0,0,0,0,0, 192.168.1.111,172.217.11.35,QUIC,5,3,1707,2857, 192.168.1.111,172.217.11.33,0,0,0,0,0, 192.168.1.111,172.217.3.110,0,0,0,0,0, 192.168.1.111,172.217.10.246,0,0,0,0,0, 192.168.1.111,172.217.11.3,0,0,0,0,0, 192.168.1.111,172.217.12.150,0,0,0,0,0, 192.168.1.111,172.217.10.14,0,0,0,0,0, 192.168.1.111,172.217.10.110,0,0,0,0,0, 192.168.1.111,172.217.11.2,0,0,0,0,0, 192.168.1.111,172.217.13.228,0,0,0,0,0, 192.168.1.111,74.125.155.199,0,0,0,0,0, 192.168.1.111,172.217.11.14,0,0,0,0,0, 192.168.1.111,216.58.209.131,0,0,0,0,0, 192.168.1.111,172.217.11.38,0,0,0,0,0, 192.168.1.111,216.58.212.227,0,0,0,0,0, 192.168.1.111,172.217.6.238,0,0,0,0,0, 192.168.1.111,104.237.191.1,0,0,0,0,0, 192.168.1.111,172.217.11.42,0,0,0,0,0, 192.168.1.111,172.217.9.227,0,0,0,0,0, 192.168.1.111,172.217.11.10,0,0,0,0,0, 192.168.1.111,172.217.11.45,0,0,0,0,0, 192.168.1.111,172.217.11.46,0,0,0,0,0, 192.168.1.111,172.217.17.67,0,0,0,0,0, 192.168.1.111,172.217.17.35,0,0,0,0,0, 192.168.1.111,0.0.0.0,0,0,0,0,0,0,0,0,0,0,1526487177521,0.0,1479.681,0,0,0,0,0,0,0,0,0,0.0,0.0,-1
2.1000000000000005,1,1,81,72, 192.168.1.111,173.194.7.91,0,0,0,0,0, 192.168.1.111,172.217.11.35,QUIC,1,1,81,72, 192.168.1.111,172.217.11.33,0,0,0,0,0, 192.168.1.111,172.217.3.110,0,0,0,0,0, 192.168.1.111,172.217.10.246,0,0,0,0,0, 192.168.1.111,172.217.11.3,0,0,0,0,0, 192.168.1.111,172.217.12.150,0,0,0,0,0, 192.168.1.111,172.217.10.14,0,0,0,0,0, 192.168.1.111,172.217.10.110,0,0,0,0,0, 192.168.1.111,172.217.11.2,0,0,0,0,0, 192.168.1.111,172.217.13.228,0,0,0,0,0, 192.168.1.111,74.125.155.199,0,0,0,0,0, 192.168.1.111,172.217.11.14,0,0,0,0,0, 192.168.1.111,216.58.209.131,0,0,0,0,0, 192.168.1.111,172.217.11.38,0,0,0,0,0, 192.168.1.111,216.58.212.227,0,0,0,0,0, 192.168.1.111,172.217.6.238,0,0,0,0,0, 192.168.1.111,104.237.191.1,0,0,0,0,0, 192.168.1.111,172.217.11.42,0,0,0,0,0, 192.168.1.111,172.217.9.227,0,0,0,0,0, 192.168.1.111,172.217.11.10,0,0,0,0,0, 192.168.1.111,172.217.11.45,0,0,0,0,0, 192.168.1.111,172.217.11.46,0,0,0,0,0, 192.168.1.111,172.217.17.67,0,0,0,0,0, 192.168.1.111,172.217.17.35,0,0,0,0,0, 192.168.1.111,0.0.0.0,0,0,0,0,0,0,0,0,0,0,1526487177521,0.0,1479.681,0,0,0,0,0,0,0,0,0,0.0,0.0,-1
2.2000000000000006,0,1,0,72, 192.168.1.111,173.194.7.91,0,0,0,0,0, 192.168.1.111,172.217.11.35,QUIC,0,1,0,72, 192.168.1.111,172.217.11.33,0,0,0,0,0, 192.168.1.111,172.217.3.110,0,0,0,0,0, 192.168.1.111,172.217.10.246,0,0,0,0,0, 192.168.1.111,172.217.11.3,0,0,0,0,0, 192.168.1.111,172.217.12.150,0,0,0,0,0, 192.168.1.111,172.217.10.14,0,0,0,0,0, 192.168.1.111,172.217.10.110,0,0,0,0,0, 192.168.1.111,172.217.11.2,0,0,0,0,0, 192.168.1.111,172.217.13.228,0,0,0,0,0, 192.168.1.111,74.125.155.199,0,0,0,0,0, 192.168.1.111,172.217.11.14,0,0,0,0,0, 192.168.1.111,216.58.209.131,0,0,0,0,0, 192.168.1.111,172.217.11.38,0,0,0,0,0, 192.168.1.111,216.58.212.227,0,0,0,0,0, 192.168.1.111,172.217.6.238,0,0,0,0,0, 192.168.1.111,104.237.191.1,0,0,0,0,0, 192.168.1.111,172.217.11.42,0,0,0,0,0, 192.168.1.111,172.217.9.227,0,0,0,0,0, 192.168.1.111,172.217.11.10,0,0,0,0,0, 192.168.1.111,172.217.11.45,0,0,0,0,0, 192.168.1.111,172.217.11.46,0,0,0,0,0, 192.168.1.111,172.217.17.67,0,0,0,0,0, 192.168.1.111,172.217.17.35,0,0,0,0,0, 192.168.1.111,0.0.0.0,0,0,0,0,0,0,0,0,0,0,1526487177521,0.0,1479.681,0,0,0,0,0,0,0,0,0,0.0,0.0,-1
2.3000000000000007,14,3,14410,1631, 192.168.1.111,173.194.7.91,0,0,0,0,0, 192.168.1.111,172.217.11.35,QUIC,3,1,2861,1392, 192.168.1.111,172.217.11.33,0,0,0,0,0, 192.168.1.111,172.217.3.110,QUIC,1,0,239,0, 192.168.1.111,172.217.10.246,0,0,0,0,0, 192.168.1.111,172.217.11.3,0,0,0,0,0, 192.168.1.111,172.217.12.150,0,0,0,0,0, 192.168.1.111,172.217.10.14,0,0,0,0,0, 192.168.1.111,172.217.10.110,0,0,0,0,0, 192.168.1.111,172.217.11.2,QUIC,2,0,2784,0, 192.168.1.111,172.217.13.228,QUIC,2,0,2784,0, 192.168.1.111,74.125.155.199,QUIC,2,0,2784,0, 192.168.1.111,172.217.11.14,0,0,0,0,0, 192.168.1.111,216.58.209.131,0,0,0,0,0, 192.168.1.111,172.217.11.38,QUIC,2,0,2784,0, 192.168.1.111,216.58.212.227,0,0,0,0,0, 192.168.1.111,172.217.6.238,0,0,0,0,0, 192.168.1.111,104.237.191.1,0,0,0,0,0, 192.168.1.111,172.217.11.42,0,0,0,0,0, 192.168.1.111,172.217.9.227,0,0,0,0,0, 192.168.1.111,172.217.11.10,0,0,0,0,0, 192.168.1.111,172.217.11.45,0,0,0,0,0, 192.168.1.111,172.217.11.46,0,0,0,0,0, 192.168.1.111,172.217.17.67,0,0,0,0,0, 192.168.1.111,172.217.17.35,0,0,0,0,0, 192.168.1.111,0.0.0.0,0,2,1,174,137,0,0,0,0,0,1526487177521,0.0,1479.681,0,0,0,0,0,0,0,0,0,0.0,0.0,-1
2.400000000000001,8,3,8506,4176, 192.168.1.111,173.194.7.91,0,0,0,0,0, 192.168.1.111,172.217.11.35,QUIC,3,1,2861,1392, 192.168.1.111,172.217.11.33,0,0,0,0,0, 192.168.1.111,172.217.3.110,0,0,0,0,0, 192.168.1.111,172.217.10.246,0,0,0,0,0, 192.168.1.111,172.217.11.3,0,0,0,0,0, 192.168.1.111,172.217.12.150,0,0,0,0,0, 192.168.1.111,172.217.10.14,0,0,0,0,0, 192.168.1.111,172.217.10.110,0,0,0,0,0, 192.168.1.111,172.217.11.2,QUIC,2,2,1469,2784, 192.168.1.111,172.217.13.228,QUIC,1,0,1392,0, 192.168.1.111,74.125.155.199,QUIC,1,0,1392,0, 192.168.1.111,172.217.11.14,0,0,0,0,0, 192.168.1.111,216.58.209.131,0,0,0,0,0, 192.168.1.111,172.217.11.38,QUIC,1,0,1392,0, 192.168.1.111,216.58.212.227,0,0,0,0,0, 192.168.1.111,172.217.6.238,0,0,0,0,0, 192.168.1.111,104.237.191.1,0,0,0,0,0, 192.168.1.111,172.217.11.42,0,0,0,0,0, 192.168.1.111,172.217.9.227,0,0,0,0,0, 192.168.1.111,172.217.11.10,0,0,0,0,0, 192.168.1.111,172.217.11.45,0,0,0,0,0, 192.168.1.111,172.217.11.46,0,0,0,0,0, 192.168.1.111,172.217.17.67,0,0,0,0,0, 192.168.1.111,172.217.17.35,0,0,0,0,0, 192.168.1.111,0.0.0.0,0,0,0,0,0,0,0,0,0,0,1526487177521,0.0,1479.681,0,0,0,0,0,0,0,0,0,0.0,0.0,-1
2.500000000000001,3,0,3023,0, 192.168.1.111,173.194.7.91,0,0,0,0,0, 192.168.1.111,172.217.11.35,0,0,0,0,0, 192.168.1.111,172.217.11.33,0,0,0,0,0, 192.168.1.111,172.217.3.110,QUIC,1,0,239,0, 192.168.1.111,172.217.10.246,0,0,0,0,0, 192.168.1.111,172.217.11.3,0,0,0,0,0, 192.168.1.111,172.217.12.150,0,0,0,0,0, 192.168.1.111,172.217.10.14,0,0,0,0,0, 192.168.1.111,172.217.10.110,0,0,0,0,0, 192.168.1.111,172.217.11.2,0,0,0,0,0, 192.168.1.111,172.217.13.228,0,0,0,0,0, 192.168.1.111,74.125.155.199,QUIC,1,0,1392,0, 192.168.1.111,172.217.11.14,0,0,0,0,0, 192.168.1.111,216.58.209.131,0,0,0,0,0, 192.168.1.111,172.217.11.38,QUIC,1,0,1392,0, 192.168.1.111,216.58.212.227,0,0,0,0,0, 192.168.1.111,172.217.6.238,0,0,0,0,0, 192.168.1.111,104.237.191.1,0,0,0,0,0, 192.168.1.111,172.217.11.42,0,0,0,0,0, 192.168.1.111,172.217.9.227,0,0,0,0,0, 192.168.1.111,172.217.11.10,0,0,0,0,0, 192.168.1.111,172.217.11.45,0,0,0,0,0, 192.168.1.111,172.217.11.46,0,0,0,0,0, 192.168.1.111,172.217.17.67,0,0,0,0,0, 192.168.1.111,172.217.17.35,0,0,0,0,0, 192.168.1.111,0.0.0.0,0,0,0,0,0,0,0,0,0,0,1526487177521,0.0,1479.681,0,0,0,0,0,0,0,0,0,0.0,0.0,-1
2.600000000000001,4,0,4415,0, 192.168.1.111,173.194.7.91,0,0,0,0,0, 192.168.1.111,172.217.11.35,QUIC,1,0,1392,0, 192.168.1.111,172.217.11.33,0,0,0,0,0, 192.168.1.111,172.217.3.110,QUIC,1,0,239,0, 192.168.1.111,172.217.10.246,0,0,0,0,0, 192.168.1.111,172.217.11.3,0,0,0,0,0, 192.168.1.111,172.217.12.150,0,0,0,0,0, 192.168.1.111,172.217.10.14,0,0,0,0,0, 192.168.1.111,172.217.10.110,0,0,0,0,0, 192.168.1.111,172.217.11.2,QUIC,1,0,1392,0, 192.168.1.111,172.217.13.228,QUIC,1,0,1392,0, 192.168.1.111,74.125.155.199,0,0,0,0,0, 192.168.1.111,172.217.11.14,0,0,0,0,0, 192.168.1.111,216.58.209.131,0,0,0,0,0, 192.168.1.111,172.217.11.38,0,0,0,0,0, 192.168.1.111,216.58.212.227,0,0,0,0,0, 192.168.1.111,172.217.6.238,0,0,0,0,0, 192.168.1.111,104.237.191.1,0,0,0,0,0, 192.168.1.111,172.217.11.42,0,0,0,0,0, 192.168.1.111,172.217.9.227,0,0,0,0,0, 192.168.1.111,172.217.11.10,0,0,0,0,0, 192.168.1.111,172.217.11.45,0,0,0,0,0, 192.168.1.111,172.217.11.46,0,0,0,0,0, 192.168.1.111,172.217.17.67,0,0,0,0,0, 192.168.1.111,172.217.17.35,0,0,0,0,0, 192.168.1.111,0.0.0.0,0,0,0,0,0,0,0,0,0,0,1526487177521,0.0,1479.681,0,0,0,0,0,0,0,0,0,0.0,0.0,-1
2.700000000000001,2,1,1469,1392, 192.168.1.111,173.194.7.91,0,0,0,0,0, 192.168.1.111,172.217.11.35,0,0,0,0,0, 192.168.1.111,172.217.11.33,0,0,0,0,0, 192.168.1.111,172.217.3.110,0,0,0,0,0, 192.168.1.111,172.217.10.246,0,0,0,0,0, 192.168.1.111,172.217.11.3,0,0,0,0,0, 192.168.1.111,172.217.12.150,0,0,0,0,0, 192.168.1.111,172.217.10.14,0,0,0,0,0, 192.168.1.111,172.217.10.110,0,0,0,0,0, 192.168.1.111,172.217.11.2,0,0,0,0,0, 192.168.1.111,172.217.13.228,0,0,0,0,0, 192.168.1.111,74.125.155.199,QUIC,1,0,1392,0, 192.168.1.111,172.217.11.14,0,0,0,0,0, 192.168.1.111,216.58.209.131,0,0,0,0,0, 192.168.1.111,172.217.11.38,QUIC,1,1,77,1392, 192.168.1.111,216.58.212.227,0,0,0,0,0, 192.168.1.111,172.217.6.238,0,0,0,0,0, 192.168.1.111,104.237.191.1,0,0,0,0,0, 192.168.1.111,172.217.11.42,0,0,0,0,0, 192.168.1.111,172.217.9.227,0,0,0,0,0, 192.168.1.111,172.217.11.10,0,0,0,0,0, 192.168.1.111,172.217.11.45,0,0,0,0,0, 192.168.1.111,172.217.11.46,0,0,0,0,0, 192.168.1.111,172.217.17.67,0,0,0,0,0, 192.168.1.111,172.217.17.35,0,0,0,0,0, 192.168.1.111,0.0.0.0,0,0,0,0,0,0,0,0,0,0,1526487177521,0.0,1479.681,0,0,0,0,0,0,0,0,0,0.0,0.0,-1
2.800000000000001,2,0,1631,0, 192.168.1.111,173.194.7.91,0,0,0,0,0, 192.168.1.111,172.217.11.35,QUIC,1,0,1392,0, 192.168.1.111,172.217.11.33,0,0,0,0,0, 192.168.1.111,172.217.3.110,QUIC,1,0,239,0, 192.168.1.111,172.217.10.246,0,0,0,0,0, 192.168.1.111,172.217.11.3,0,0,0,0,0, 192.168.1.111,172.217.12.150,0,0,0,0,0, 192.168.1.111,172.217.10.14,0,0,0,0,0, 192.168.1.111,172.217.10.110,0,0,0,0,0, 192.168.1.111,172.217.11.2,0,0,0,0,0, 192.168.1.111,172.217.13.228,0,0,0,0,0, 192.168.1.111,74.125.155.199,0,0,0,0,0, 192.168.1.111,172.217.11.14,0,0,0,0,0, 192.168.1.111,216.58.209.131,0,0,0,0,0, 192.168.1.111,172.217.11.38,0,0,0,0,0, 192.168.1.111,216.58.212.227,0,0,0,0,0, 192.168.1.111,172.217.6.238,0,0,0,0,0, 192.168.1.111,104.237.191.1,0,0,0,0,0, 192.168.1.111,172.217.11.42,0,0,0,0,0, 192.168.1.111,172.217.9.227,0,0,0,0,0, 192.168.1.111,172.217.11.10,0,0,0,0,0, 192.168.1.111,172.217.11.45,0,0,0,0,0, 192.168.1.111,172.217.11.46,0,0,0,0,0, 192.168.1.111,172.217.17.67,0,0,0,0,0, 192.168.1.111,172.217.17.35,0,0,0,0,0, 192.168.1.111,0.0.0.0,0,0,0,0,0,0,0,0,0,0,1526487177521,0.0,1479.681,0,0,0,0,0,0,0,0,0,0.0,0.0,-1
2.900000000000001,3,2,2861,2784, 192.168.1.111,173.194.7.91,0,0,0,0,0, 192.168.1.111,172.217.11.35,0,0,0,0,0, 192.168.1.111,172.217.11.33,0,0,0,0,0, 192.168.1.111,172.217.3.110,0,0,0,0,0, 192.168.1.111,172.217.10.246,0,0,0,0,0, 192.168.1.111,172.217.11.3,0,0,0,0,0, 192.168.1.111,172.217.12.150,0,0,0,0,0, 192.168.1.111,172.217.10.14,0,0,0,0,0, 192.168.1.111,172.217.10.110,0,0,0,0,0, 192.168.1.111,172.217.11.2,QUIC,1,0,1392,0, 192.168.1.111,172.217.13.228,QUIC,1,1,77,1392, 192.168.1.111,74.125.155.199,0,0,0,0,0, 192.168.1.111,172.217.11.14,0,0,0,0,0, 192.168.1.111,216.58.209.131,0,0,0,0,0, 192.168.1.111,172.217.11.38,QUIC,1,1,1392,1392, 192.168.1.111,216.58.212.227,0,0,0,0,0, 192.168.1.111,172.217.6.238,0,0,0,0,0, 192.168.1.111,104.237.191.1,0,0,0,0,0, 192.168.1.111,172.217.11.42,0,0,0,0,0, 192.168.1.111,172.217.9.227,0,0,0,0,0, 192.168.1.111,172.217.11.10,0,0,0,0,0, 192.168.1.111,172.217.11.45,0,0,0,0,0, 192.168.1.111,172.217.11.46,0,0,0,0,0, 192.168.1.111,172.217.17.67,0,0,0,0,0, 192.168.1.111,172.217.17.35,0,0,0,0,0, 192.168.1.111,0.0.0.0,0,0,0,0,0,0,0,0,0,0,1526487177521,0.0,1479.681,0,0,0,0,0,0,0,0,0,0.0,0.0,-1
3.0000000000000013,1,0,74,0, 192.168.1.111,173.194.7.91,0,0,0,0,0, 192.168.1.111,172.217.11.35,0,0,0,0,0, 192.168.1.111,172.217.11.33,0,0,0,0,0, 192.168.1.111,172.217.3.110,0,0,0,0,0, 192.168.1.111,172.217.10.246,0,0,0,0,0, 192.168.1.111,172.217.11.3,0,0,0,0,0, 192.168.1.111,172.217.12.150,0,0,0,0,0, 192.168.1.111,172.217.10.14,0,0,0,0,0, 192.168.1.111,172.217.10.110,0,0,0,0,0, 192.168.1.111,172.217.11.2,0,0,0,0,0, 192.168.1.111,172.217.13.228,0,0,0,0,0, 192.168.1.111,74.125.155.199,0,0,0,0,0, 192.168.1.111,172.217.11.14,0,0,0,0,0, 192.168.1.111,216.58.209.131,0,0,0,0,0, 192.168.1.111,172.217.11.38,0,0,0,0,0, 192.168.1.111,216.58.212.227,0,0,0,0,0, 192.168.1.111,172.217.6.238,0,0,0,0,0, 192.168.1.111,104.237.191.1,0,0,0,0,0, 192.168.1.111,172.217.11.42,0,0,0,0,0, 192.168.1.111,172.217.9.227,0,0,0,0,0, 192.168.1.111,172.217.11.10,0,0,0,0,0, 192.168.1.111,172.217.11.45,0,0,0,0,0, 192.168.1.111,172.217.11.46,0,0,0,0,0, 192.168.1.111,172.217.17.67,0,0,0,0,0, 192.168.1.111,172.217.17.35,0,0,0,0,0, 192.168.1.111,0.0.0.0,0,1,0,74,0,0,0,0,0,0,1526487177521,0.0,1479.681,0,0,0,0,0,0,0,0,0,0.0,0.0,-1
3.1000000000000014,4,4,2258,2946, 192.168.1.111,173.194.7.91,0,0,0,0,0, 192.168.1.111,172.217.11.35,0,0,0,0,0, 192.168.1.111,172.217.11.33,0,0,0,0,0, 192.168.1.111,172.217.3.110,QUIC,0,1,0,72, 192.168.1.111,172.217.10.246,0,0,0,0,0, 192.168.1.111,172.217.11.3,0,0,0,0,0, 192.168.1.111,172.217.12.150,0,0,0,0,0, 192.168.1.111,172.217.10.14,0,0,0,0,0, 192.168.1.111,172.217.10.110,0,0,0,0,0, 192.168.1.111,172.217.11.2,0,0,0,0,0, 192.168.1.111,172.217.13.228,TCP,3,1,2181,1392, 192.168.1.111,74.125.155.199,QUIC,1,1,77,1392, 192.168.1.111,172.217.11.14,0,0,0,0,0, 192.168.1.111,216.58.209.131,0,0,0,0,0, 192.168.1.111,172.217.11.38,0,0,0,0,0, 192.168.1.111,216.58.212.227,0,0,0,0,0, 192.168.1.111,172.217.6.238,0,0,0,0,0, 192.168.1.111,104.237.191.1,0,0,0,0,0, 192.168.1.111,172.217.11.42,0,0,0,0,0, 192.168.1.111,172.217.9.227,0,0,0,0,0, 192.168.1.111,172.217.11.10,0,0,0,0,0, 192.168.1.111,172.217.11.45,0,0,0,0,0, 192.168.1.111,172.217.11.46,0,0,0,0,0, 192.168.1.111,172.217.17.67,0,0,0,0,0, 192.168.1.111,172.217.17.35,0,0,0,0,0, 192.168.1.111,0.0.0.0,0,0,1,0,90,0,0,0,0,0,1526487177521,0.0,1479.681,0,0,0,0,0,0,0,0,0,0.0,0.0,-1
3.200000000000001,3,1,1543,1392, 192.168.1.111,173.194.7.91,0,0,0,0,0, 192.168.1.111,172.217.11.35,0,0,0,0,0, 192.168.1.111,172.217.11.33,0,0,0,0,0, 192.168.1.111,172.217.3.110,0,0,0,0,0, 192.168.1.111,172.217.10.246,0,0,0,0,0, 192.168.1.111,172.217.11.3,0,0,0,0,0, 192.168.1.111,172.217.12.150,0,0,0,0,0, 192.168.1.111,172.217.10.14,0,0,0,0,0, 192.168.1.111,172.217.10.110,0,0,0,0,0, 192.168.1.111,172.217.11.2,0,0,0,0,0, 192.168.1.111,172.217.13.228,0,0,0,0,0, 192.168.1.111,74.125.155.199,QUIC,2,1,1469,1392, 192.168.1.111,172.217.11.14,0,0,0,0,0, 192.168.1.111,216.58.209.131,0,0,0,0,0, 192.168.1.111,172.217.11.38,0,0,0,0,0, 192.168.1.111,216.58.212.227,0,0,0,0,0, 192.168.1.111,172.217.6.238,0,0,0,0,0, 192.168.1.111,104.237.191.1,0,0,0,0,0, 192.168.1.111,172.217.11.42,0,0,0,0,0, 192.168.1.111,172.217.9.227,0,0,0,0,0, 192.168.1.111,172.217.11.10,0,0,0,0,0, 192.168.1.111,172.217.11.45,0,0,0,0,0, 192.168.1.111,172.217.11.46,0,0,0,0,0, 192.168.1.111,172.217.17.67,0,0,0,0,0, 192.168.1.111,172.217.17.35,0,0,0,0,0, 192.168.1.111,0.0.0.0,0,1,0,74,0,0,0,0,0,0,1526487177521,0.0,1479.681,0,0,0,0,0,0,0,0,0,0.0,0.0,-1
3.3000000000000016,1,4,1392,1553, 192.168.1.111,173.194.7.91,0,0,0,0,0, 192.168.1.111,172.217.11.35,QUIC,1,1,1392,77, 192.168.1.111,172.217.11.33,0,0,0,0,0, 192.168.1.111,172.217.3.110,0,0,0,0,0, 192.168.1.111,172.217.10.246,0,0,0,0,0, 192.168.1.111,172.217.11.3,0,0,0,0,0, 192.168.1.111,172.217.12.150,0,0,0,0,0, 192.168.1.111,172.217.10.14,0,0,0,0,0, 192.168.1.111,172.217.10.110,0,0,0,0,0, 192.168.1.111,172.217.11.2,0,0,0,0,0, 192.168.1.111,172.217.13.228,0,0,0,0,0, 192.168.1.111,74.125.155.199,QUIC,0,1,0,1392, 192.168.1.111,172.217.11.14,0,0,0,0,0, 192.168.1.111,216.58.209.131,0,0,0,0,0, 192.168.1.111,172.217.11.38,0,0,0,0,0, 192.168.1.111,216.58.212.227,0,0,0,0,0, 192.168.1.111,172.217.6.238,0,0,0,0,0, 192.168.1.111,104.237.191.1,0,0,0,0,0, 192.168.1.111,172.217.11.42,0,0,0,0,0, 192.168.1.111,172.217.9.227,0,0,0,0,0, 192.168.1.111,172.217.11.10,0,0,0,0,0, 192.168.1.111,172.217.11.45,0,0,0,0,0, 192.168.1.111,172.217.11.46,0,0,0,0,0, 192.168.1.111,172.217.17.67,0,0,0,0,0, 192.168.1.111,172.217.17.35,0,0,0,0,0, 192.168.1.111,0.0.0.0,0,0,0,0,0,0,0,0,0,0,1526487177521,0.0,1479.681,0,0,0,0,0,0,0,0,0,0.0,0.0,-1
3.4000000000000017,5,9,1710,7281, 192.168.1.111,173.194.7.91,0,0,0,0,0, 192.168.1.111,172.217.11.35,0,0,0,0,0, 192.168.1.111,172.217.11.33,0,0,0,0,0, 192.168.1.111,172.217.3.110,QUIC,3,5,240,6960, 192.168.1.111,172.217.10.246,0,0,0,0,0, 192.168.1.111,172.217.11.3,0,0,0,0,0, 192.168.1.111,172.217.12.150,0,0,0,0,0, 192.168.1.111,172.217.10.14,0,0,0,0,0, 192.168.1.111,172.217.10.110,0,0,0,0,0, 192.168.1.111,172.217.11.2,0,0,0,0,0, 192.168.1.111,172.217.13.228,TCP,1,1,78,77, 192.168.1.111,74.125.155.199,QUIC,1,1,1392,77, 192.168.1.111,172.217.11.14,0,0,0,0,0, 192.168.1.111,216.58.209.131,0,0,0,0,0, 192.168.1.111,172.217.11.38,QUIC,0,1,0,77, 192.168.1.111,216.58.212.227,0,0,0,0,0, 192.168.1.111,172.217.6.238,0,0,0,0,0, 192.168.1.111,104.237.191.1,0,0,0,0,0, 192.168.1.111,172.217.11.42,0,0,0,0,0, 192.168.1.111,172.217.9.227,0,0,0,0,0, 192.168.1.111,172.217.11.10,0,0,0,0,0, 192.168.1.111,172.217.11.45,0,0,0,0,0, 192.168.1.111,172.217.11.46,0,0,0,0,0, 192.168.1.111,172.217.17.67,0,0,0,0,0, 192.168.1.111,172.217.17.35,0,0,0,0,0, 192.168.1.111,0.0.0.0,0,0,1,0,90,0,0,0,0,0,1526487177521,0.0,1479.681,0,0,0,0,0,0,0,0,0,0.0,0.0,-1
3.5000000000000018,0,0,0,0, 192.168.1.111,173.194.7.91,0,0,0,0,0, 192.168.1.111,172.217.11.35,0,0,0,0,0, 192.168.1.111,172.217.11.33,0,0,0,0,0, 192.168.1.111,172.217.3.110,0,0,0,0,0, 192.168.1.111,172.217.10.246,0,0,0,0,0, 192.168.1.111,172.217.11.3,0,0,0,0,0, 192.168.1.111,172.217.12.150,0,0,0,0,0, 192.168.1.111,172.217.10.14,0,0,0,0,0, 192.168.1.111,172.217.10.110,0,0,0,0,0, 192.168.1.111,172.217.11.2,0,0,0,0,0, 192.168.1.111,172.217.13.228,0,0,0,0,0, 192.168.1.111,74.125.155.199,0,0,0,0,0, 192.168.1.111,172.217.11.14,0,0,0,0,0, 192.168.1.111,216.58.209.131,0,0,0,0,0, 192.168.1.111,172.217.11.38,0,0,0,0,0, 192.168.1.111,216.58.212.227,0,0,0,0,0, 192.168.1.111,172.217.6.238,0,0,0,0,0, 192.168.1.111,104.237.191.1,0,0,0,0,0, 192.168.1.111,172.217.11.42,0,0,0,0,0, 192.168.1.111,172.217.9.227,0,0,0,0,0, 192.168.1.111,172.217.11.10,0,0,0,0,0, 192.168.1.111,172.217.11.45,0,0,0,0,0, 192.168.1.111,172.217.11.46,0,0,0,0,0, 192.168.1.111,172.217.17.67,0,0,0,0,0, 192.168.1.111,172.217.17.35,0,0,0,0,0, 192.168.1.111,0.0.0.0,0,0,0,0,0,0,0,0,0,0,1526487177521,0.0,1479.681,0,0,0,0,0,0,0,0,0,0.0,0.0,-1
3.600000000000002,2,0,2784,0, 192.168.1.111,173.194.7.91,0,0,0,0,0, 192.168.1.111,172.217.11.35,QUIC,1,0,1392,0, 192.168.1.111,172.217.11.33,0,0,0,0,0, 192.168.1.111,172.217.3.110,0,0,0,0,0, 192.168.1.111,172.217.10.246,0,0,0,0,0, 192.168.1.111,172.217.11.3,0,0,0,0,0, 192.168.1.111,172.217.12.150,0,0,0,0,0, 192.168.1.111,172.217.10.14,0,0,0,0,0, 192.168.1.111,172.217.10.110,0,0,0,0,0, 192.168.1.111,172.217.11.2,QUIC,1,0,1392,0, 192.168.1.111,172.217.13.228,0,0,0,0,0, 192.168.1.111,74.125.155.199,0,0,0,0,0, 192.168.1.111,172.217.11.14,0,0,0,0,0, 192.168.1.111,216.58.209.131,0,0,0,0,0, 192.168.1.111,172.217.11.38,0,0,0,0,0, 192.168.1.111,216.58.212.227,0,0,0,0,0, 192.168.1.111,172.217.6.238,0,0,0,0,0, 192.168.1.111,104.237.191.1,0,0,0,0,0, 192.168.1.111,172.217.11.42,0,0,0,0,0, 192.168.1.111,172.217.9.227,0,0,0,0,0, 192.168.1.111,172.217.11.10,0,0,0,0,0, 192.168.1.111,172.217.11.45,0,0,0,0,0, 192.168.1.111,172.217.11.46,0,0,0,0,0, 192.168.1.111,172.217.17.67,0,0,0,0,0, 192.168.1.111,172.217.17.35,0,0,0,0,0, 192.168.1.111,0.0.0.0,0,0,0,0,0,0,0,0,0,0,1526487177521,0.0,1479.681,0,0,0,0,0,0,0,0,0,0.0,0.0,-1
3.700000000000002,3,3,243,4163, 192.168.1.111,173.194.7.91,0,0,0,0,0, 192.168.1.111,172.217.11.35,QUIC,1,1,83,1392, 192.168.1.111,172.217.11.33,0,0,0,0,0, 192.168.1.111,172.217.3.110,0,0,0,0,0, 192.168.1.111,172.217.10.246,0,0,0,0,0, 192.168.1.111,172.217.11.3,0,0,0,0,0, 192.168.1.111,172.217.12.150,0,0,0,0,0, 192.168.1.111,172.217.10.14,0,0,0,0,0, 192.168.1.111,172.217.10.110,0,0,0,0,0, 192.168.1.111,172.217.11.2,QUIC,1,1,77,1379, 192.168.1.111,172.217.13.228,QUIC,1,1,83,1392, 192.168.1.111,74.125.155.199,0,0,0,0,0, 192.168.1.111,172.217.11.14,0,0,0,0,0, 192.168.1.111,216.58.209.131,0,0,0,0,0, 192.168.1.111,172.217.11.38,0,0,0,0,0, 192.168.1.111,216.58.212.227,0,0,0,0,0, 192.168.1.111,172.217.6.238,0,0,0,0,0, 192.168.1.111,104.237.191.1,0,0,0,0,0, 192.168.1.111,172.217.11.42,0,0,0,0,0, 192.168.1.111,172.217.9.227,0,0,0,0,0, 192.168.1.111,172.217.11.10,0,0,0,0,0, 192.168.1.111,172.217.11.45,0,0,0,0,0, 192.168.1.111,172.217.11.46,0,0,0,0,0, 192.168.1.111,172.217.17.67,0,0,0,0,0, 192.168.1.111,172.217.17.35,0,0,0,0,0, 192.168.1.111,0.0.0.0,0,0,0,0,0,0,0,0,0,0,1526487177521,0.0,1479.681,0,0,0,0,0,0,0,0,0,0.0,0.0,-1
3.800000000000002,0,0,0,0, 192.168.1.111,173.194.7.91,0,0,0,0,0, 192.168.1.111,172.217.11.35,0,0,0,0,0, 192.168.1.111,172.217.11.33,0,0,0,0,0, 192.168.1.111,172.217.3.110,0,0,0,0,0, 192.168.1.111,172.217.10.246,0,0,0,0,0, 192.168.1.111,172.217.11.3,0,0,0,0,0, 192.168.1.111,172.217.12.150,0,0,0,0,0, 192.168.1.111,172.217.10.14,0,0,0,0,0, 192.168.1.111,172.217.10.110,0,0,0,0,0, 192.168.1.111,172.217.11.2,0,0,0,0,0, 192.168.1.111,172.217.13.228,0,0,0,0,0, 192.168.1.111,74.125.155.199,0,0,0,0,0, 192.168.1.111,172.217.11.14,0,0,0,0,0, 192.168.1.111,216.58.209.131,0,0,0,0,0, 192.168.1.111,172.217.11.38,0,0,0,0,0, 192.168.1.111,216.58.212.227,0,0,0,0,0, 192.168.1.111,172.217.6.238,0,0,0,0,0, 192.168.1.111,104.237.191.1,0,0,0,0,0, 192.168.1.111,172.217.11.42,0,0,0,0,0, 192.168.1.111,172.217.9.227,0,0,0,0,0, 192.168.1.111,172.217.11.10,0,0,0,0,0, 192.168.1.111,172.217.11.45,0,0,0,0,0, 192.168.1.111,172.217.11.46,0,0,0,0,0, 192.168.1.111,172.217.17.67,0,0,0,0,0, 192.168.1.111,172.217.17.35,0,0,0,0,0, 192.168.1.111,0.0.0.0,0,0,0,0,0,0,0,0,0,0,1526487177521,0.0,1479.681,0,0,0,0,0,0,0,0,0,0.0,0.0,-1
3.900000000000002,11,13,880,18044, 192.168.1.111,173.194.7.91,0,0,0,0,0, 192.168.1.111,172.217.11.35,QUIC,2,2,160,2771, 192.168.1.111,172.217.11.33,0,0,0,0,0, 192.168.1.111,172.217.3.110,0,0,0,0,0, 192.168.1.111,172.217.10.246,0,0,0,0,0, 192.168.1.111,172.217.11.3,0,0,0,0,0, 192.168.1.111,172.217.12.150,0,0,0,0,0, 192.168.1.111,172.217.10.14,0,0,0,0,0, 192.168.1.111,172.217.10.110,0,0,0,0,0, 192.168.1.111,172.217.11.2,QUIC,2,2,160,2771, 192.168.1.111,172.217.13.228,QUIC,2,2,160,2771, 192.168.1.111,74.125.155.199,QUIC,3,5,237,6960, 192.168.1.111,172.217.11.14,0,0,0,0,0, 192.168.1.111,216.58.209.131,0,0,0,0,0, 192.168.1.111,172.217.11.38,QUIC,2,2,163,2771, 192.168.1.111,216.58.212.227,0,0,0,0,0, 192.168.1.111,172.217.6.238,0,0,0,0,0, 192.168.1.111,104.237.191.1,0,0,0,0,0, 192.168.1.111,172.217.11.42,0,0,0,0,0, 192.168.1.111,172.217.9.227,0,0,0,0,0, 192.168.1.111,172.217.11.10,0,0,0,0,0, 192.168.1.111,172.217.11.45,0,0,0,0,0, 192.168.1.111,172.217.11.46,0,0,0,0,0, 192.168.1.111,172.217.17.67,0,0,0,0,0, 192.168.1.111,172.217.17.35,0,0,0,0,0, 192.168.1.111,0.0.0.0,0,0,0,0,0,0,0,0,0,0,1526487177521,0.0,1479.681,0,0,0,0,0,0,0,0,0,0.0,0.0,-1
4.000000000000002,2,3,158,2882, 192.168.1.111,173.194.7.91,0,0,0,0,0, 192.168.1.111,172.217.11.35,0,0,0,0,0, 192.168.1.111,172.217.11.33,0,0,0,0,0, 192.168.1.111,172.217.3.110,QUIC,1,1,80,1392, 192.168.1.111,172.217.10.246,0,0,0,0,0, 192.168.1.111,172.217.11.3,0,0,0,0,0, 192.168.1.111,172.217.12.150,0,0,0,0,0, 192.168.1.111,172.217.10.14,0,0,0,0,0, 192.168.1.111,172.217.10.110,0,0,0,0,0, 192.168.1.111,172.217.11.2,0,0,0,0,0, 192.168.1.111,172.217.13.228,0,0,0,0,0, 192.168.1.111,74.125.155.199,QUIC,0,1,0,1392, 192.168.1.111,172.217.11.14,0,0,0,0,0, 192.168.1.111,216.58.209.131,0,0,0,0,0, 192.168.1.111,172.217.11.38,0,0,0,0,0, 192.168.1.111,216.58.212.227,0,0,0,0,0, 192.168.1.111,172.217.6.238,0,0,0,0,0, 192.168.1.111,104.237.191.1,0,0,0,0,0, 192.168.1.111,172.217.11.42,0,0,0,0,0, 192.168.1.111,172.217.9.227,0,0,0,0,0, 192.168.1.111,172.217.11.10,0,0,0,0,0, 192.168.1.111,172.217.11.45,0,0,0,0,0, 192.168.1.111,172.217.11.46,0,0,0,0,0, 192.168.1.111,172.217.17.67,0,0,0,0,0, 192.168.1.111,172.217.17.35,0,0,0,0,0, 192.168.1.111,0.0.0.0,0,1,0,78,0,0,0,0,0,0,1526487177521,0.0,1479.681,0,0,0,0,0,0,0,0,0,0.0,0.0,-1
4.100000000000001,4,0,2939,0, 192.168.1.111,173.194.7.91,0,0,0,0,0, 192.168.1.111,172.217.11.35,QUIC,1,0,1392,0, 192.168.1.111,172.217.11.33,0,0,0,0,0, 192.168.1.111,172.217.3.110,0,0,0,0,0, 192.168.1.111,172.217.10.246,0,0,0,0,0, 192.168.1.111,172.217.11.3,0,0,0,0,0, 192.168.1.111,172.217.12.150,0,0,0,0,0, 192.168.1.111,172.217.10.14,0,0,0,0,0, 192.168.1.111,172.217.10.110,0,0,0,0,0, 192.168.1.111,172.217.11.2,0,0,0,0,0, 192.168.1.111,172.217.13.228,TCP,1,0,78,0, 192.168.1.111,74.125.155.199,QUIC,1,0,77,0, 192.168.1.111,172.217.11.14,0,0,0,0,0, 192.168.1.111,216.58.209.131,0,0,0,0,0, 192.168.1.111,172.217.11.38,QUIC,1,0,1392,0, 192.168.1.111,216.58.212.227,0,0,0,0,0, 192.168.1.111,172.217.6.238,0,0,0,0,0, 192.168.1.111,104.237.191.1,0,0,0,0,0, 192.168.1.111,172.217.11.42,0,0,0,0,0, 192.168.1.111,172.217.9.227,0,0,0,0,0, 192.168.1.111,172.217.11.10,0,0,0,0,0, 192.168.1.111,172.217.11.45,0,0,0,0,0, 192.168.1.111,172.217.11.46,0,0,0,0,0, 192.168.1.111,172.217.17.67,0,0,0,0,0, 192.168.1.111,172.217.17.35,0,0,0,0,0, 192.168.1.111,0.0.0.0,0,0,0,0,0,0,0,0,0,0,1526487177521,0.0,1479.681,0,0,0,0,0,0,0,0,0,0.0,0.0,-1
4.200000000000001,0,0,0,0, 192.168.1.111,173.194.7.91,0,0,0,0,0, 192.168.1.111,172.217.11.35,0,0,0,0,0, 192.168.1.111,172.217.11.33,0,0,0,0,0, 192.168.1.111,172.217.3.110,0,0,0,0,0, 192.168.1.111,172.217.10.246,0,0,0,0,0, 192.168.1.111,172.217.11.3,0,0,0,0,0, 192.168.1.111,172.217.12.150,0,0,0,0,0, 192.168.1.111,172.217.10.14,0,0,0,0,0, 192.168.1.111,172.217.10.110,0,0,0,0,0, 192.168.1.111,172.217.11.2,0,0,0,0,0, 192.168.1.111,172.217.13.228,0,0,0,0,0, 192.168.1.111,74.125.155.199,0,0,0,0,0, 192.168.1.111,172.217.11.14,0,0,0,0,0, 192.168.1.111,216.58.209.131,0,0,0,0,0, 192.168.1.111,172.217.11.38,0,0,0,0,0, 192.168.1.111,216.58.212.227,0,0,0,0,0, 192.168.1.111,172.217.6.238,0,0,0,0,0, 192.168.1.111,104.237.191.1,0,0,0,0,0, 192.168.1.111,172.217.11.42,0,0,0,0,0, 192.168.1.111,172.217.9.227,0,0,0,0,0, 192.168.1.111,172.217.11.10,0,0,0,0,0, 192.168.1.111,172.217.11.45,0,0,0,0,0, 192.168.1.111,172.217.11.46,0,0,0,0,0, 192.168.1.111,172.217.17.67,0,0,0,0,0, 192.168.1.111,172.217.17.35,0,0,0,0,0, 192.168.1.111,0.0.0.0,0,0,0,0,0,0,0,0,0,0,1526487177521,0.0,1479.681,0,0,0,0,0,0,0,0,0,0.0,0.0,-1
4.300000000000001,12,14,1458,8039, 192.168.1.111,173.194.7.91,0,0,0,0,0, 192.168.1.111,172.217.11.35,0,0,0,0,0, 192.168.1.111,172.217.11.33,0,0,0,0,0, 192.168.1.111,172.217.3.110,0,0,0,0,0, 192.168.1.111,172.217.10.246,0,0,0,0,0, 192.168.1.111,172.217.11.3,0,0,0,0,0, 192.168.1.111,172.217.12.150,0,0,0,0,0, 192.168.1.111,172.217.10.14,0,0,0,0,0, 192.168.1.111,172.217.10.110,0,0,0,0,0, 192.168.1.111,172.217.11.2,0,0,0,0,0, 192.168.1.111,172.217.13.228,TLSv1,9,10,1196,5102, 192.168.1.111,74.125.155.199,QUIC,2,3,180,1545, 192.168.1.111,172.217.11.14,0,0,0,0,0, 192.168.1.111,216.58.209.131,0,0,0,0,0, 192.168.1.111,172.217.11.38,QUIC,1,1,82,1392, 192.168.1.111,216.58.212.227,0,0,0,0,0, 192.168.1.111,172.217.6.238,0,0,0,0,0, 192.168.1.111,104.237.191.1,0,0,0,0,0, 192.168.1.111,172.217.11.42,0,0,0,0,0, 192.168.1.111,172.217.9.227,0,0,0,0,0, 192.168.1.111,172.217.11.10,0,0,0,0,0, 192.168.1.111,172.217.11.45,0,0,0,0,0, 192.168.1.111,172.217.11.46,0,0,0,0,0, 192.168.1.111,172.217.17.67,0,0,0,0,0, 192.168.1.111,172.217.17.35,0,0,0,0,0, 192.168.1.111,0.0.0.0,0,0,0,0,0,0,0,0,0,0,1526487177521,0.0,1479.681,0,0,0,0,0,0,0,0,0,0.0,0.0,-1
4.4,0,0,0,0, 192.168.1.111,173.194.7.91,0,0,0,0,0, 192.168.1.111,172.217.11.35,0,0,0,0,0, 192.168.1.111,172.217.11.33,0,0,0,0,0, 192.168.1.111,172.217.3.110,0,0,0,0,0, 192.168.1.111,172.217.10.246,0,0,0,0,0, 192.168.1.111,172.217.11.3,0,0,0,0,0, 192.168.1.111,172.217.12.150,0,0,0,0,0, 192.168.1.111,172.217.10.14,0,0,0,0,0, 192.168.1.111,172.217.10.110,0,0,0,0,0, 192.168.1.111,172.217.11.2,0,0,0,0,0, 192.168.1.111,172.217.13.228,0,0,0,0,0, 192.168.1.111,74.125.155.199,0,0,0,0,0, 192.168.1.111,172.217.11.14,0,0,0,0,0, 192.168.1.111,216.58.209.131,0,0,0,0,0, 192.168.1.111,172.217.11.38,0,0,0,0,0, 192.168.1.111,216.58.212.227,0,0,0,0,0, 192.168.1.111,172.217.6.238,0,0,0,0,0, 192.168.1.111,104.237.191.1,0,0,0,0,0, 192.168.1.111,172.217.11.42,0,0,0,0,0, 192.168.1.111,172.217.9.227,0,0,0,0,0, 192.168.1.111,172.217.11.10,0,0,0,0,0, 192.168.1.111,172.217.11.45,0,0,0,0,0, 192.168.1.111,172.217.11.46,0,0,0,0,0, 192.168.1.111,172.217.17.67,0,0,0,0,0, 192.168.1.111,172.217.17.35,0,0,0,0,0, 192.168.1.111,0.0.0.0,0,0,0,0,0,0,0,0,0,0,1526487177521,0.0,1479.681,0,0,0,0,0,0,0,0,0,0.0,0.0,-1
4.5,0,0,0,0, 192.168.1.111,173.194.7.91,0,0,0,0,0, 192.168.1.111,172.217.11.35,0,0,0,0,0, 192.168.1.111,172.217.11.33,0,0,0,0,0, 192.168.1.111,172.217.3.110,0,0,0,0,0, 192.168.1.111,172.217.10.246,0,0,0,0,0, 192.168.1.111,172.217.11.3,0,0,0,0,0, 192.168.1.111,172.217.12.150,0,0,0,0,0, 192.168.1.111,172.217.10.14,0,0,0,0,0, 192.168.1.111,172.217.10.110,0,0,0,0,0, 192.168.1.111,172.217.11.2,0,0,0,0,0, 192.168.1.111,172.217.13.228,0,0,0,0,0, 192.168.1.111,74.125.155.199,0,0,0,0,0, 192.168.1.111,172.217.11.14,0,0,0,0,0, 192.168.1.111,216.58.209.131,0,0,0,0,0, 192.168.1.111,172.217.11.38,0,0,0,0,0, 192.168.1.111,216.58.212.227,0,0,0,0,0, 192.168.1.111,172.217.6.238,0,0,0,0,0, 192.168.1.111,104.237.191.1,0,0,0,0,0, 192.168.1.111,172.217.11.42,0,0,0,0,0, 192.168.1.111,172.217.9.227,0,0,0,0,0, 192.168.1.111,172.217.11.10,0,0,0,0,0, 192.168.1.111,172.217.11.45,0,0,0,0,0, 192.168.1.111,172.217.11.46,0,0,0,0,0, 192.168.1.111,172.217.17.67,0,0,0,0,0, 192.168.1.111,172.217.17.35,0,0,0,0,0, 192.168.1.111,0.0.0.0,0,0,0,0,0,0,0,0,0,0,1526487177521,0.0,1479.681,0,0,0,0,0,0,0,0,0,0.0,0.0,-1
4.6,0,0,0,0, 192.168.1.111,173.194.7.91,0,0,0,0,0, 192.168.1.111,172.217.11.35,0,0,0,0,0, 192.168.1.111,172.217.11.33,0,0,0,0,0, 192.168.1.111,172.217.3.110,0,0,0,0,0, 192.168.1.111,172.217.10.246,0,0,0,0,0, 192.168.1.111,172.217.11.3,0,0,0,0,0, 192.168.1.111,172.217.12.150,0,0,0,0,0, 192.168.1.111,172.217.10.14,0,0,0,0,0, 192.168.1.111,172.217.10.110,0,0,0,0,0, 192.168.1.111,172.217.11.2,0,0,0,0,0, 192.168.1.111,172.217.13.228,0,0,0,0,0, 192.168.1.111,74.125.155.199,0,0,0,0,0, 192.168.1.111,172.217.11.14,0,0,0,0,0, 192.168.1.111,216.58.209.131,0,0,0,0,0, 192.168.1.111,172.217.11.38,0,0,0,0,0, 192.168.1.111,216.58.212.227,0,0,0,0,0, 192.168.1.111,172.217.6.238,0,0,0,0,0, 192.168.1.111,104.237.191.1,0,0,0,0,0, 192.168.1.111,172.217.11.42,0,0,0,0,0, 192.168.1.111,172.217.9.227,0,0,0,0,0, 192.168.1.111,172.217.11.10,0,0,0,0,0, 192.168.1.111,172.217.11.45,0,0,0,0,0, 192.168.1.111,172.217.11.46,0,0,0,0,0, 192.168.1.111,172.217.17.67,0,0,0,0,0, 192.168.1.111,172.217.17.35,0,0,0,0,0, 192.168.1.111,0.0.0.0,0,0,0,0,0,0,0,0,0,0,1526487177521,0.0,1479.681,0,0,0,0,0,0,0,0,0,0.0,0.0,-1
4.699999999999999,11,11,890,10279, 192.168.1.111,173.194.7.91,0,0,0,0,0, 192.168.1.111,172.217.11.35,QUIC,2,1,163,1392, 192.168.1.111,172.217.11.33,0,0,0,0,0, 192.168.1.111,172.217.3.110,QUIC,1,1,82,1392, 192.168.1.111,172.217.10.246,0,0,0,0,0, 192.168.1.111,172.217.11.3,0,0,0,0,0, 192.168.1.111,172.217.12.150,0,0,0,0,0, 192.168.1.111,172.217.10.14,0,0,0,0,0, 192.168.1.111,172.217.10.110,0,0,0,0,0, 192.168.1.111,172.217.11.2,QUIC,2,1,163,1392, 192.168.1.111,172.217.13.228,TCP,2,5,149,1927, 192.168.1.111,74.125.155.199,0,0,0,0,0, 192.168.1.111,172.217.11.14,0,0,0,0,0, 192.168.1.111,216.58.209.131,0,0,0,0,0, 192.168.1.111,172.217.11.38,QUIC,4,3,333,4176, 192.168.1.111,216.58.212.227,0,0,0,0,0, 192.168.1.111,172.217.6.238,0,0,0,0,0, 192.168.1.111,104.237.191.1,0,0,0,0,0, 192.168.1.111,172.217.11.42,0,0,0,0,0, 192.168.1.111,172.217.9.227,0,0,0,0,0, 192.168.1.111,172.217.11.10,0,0,0,0,0, 192.168.1.111,172.217.11.45,0,0,0,0,0, 192.168.1.111,172.217.11.46,0,0,0,0,0, 192.168.1.111,172.217.17.67,0,0,0,0,0, 192.168.1.111,172.217.17.35,0,0,0,0,0, 192.168.1.111,0.0.0.0,0,0,0,0,0,0,0,0,0,0,1526487177521,0.0,1479.681,0,0,0,0,0,0,0,0,0,0.0,0.0,-1
4.799999999999999,1,0,66,0, 192.168.1.111,173.194.7.91,0,0,0,0,0, 192.168.1.111,172.217.11.35,0,0,0,0,0, 192.168.1.111,172.217.11.33,0,0,0,0,0, 192.168.1.111,172.217.3.110,0,0,0,0,0, 192.168.1.111,172.217.10.246,0,0,0,0,0, 192.168.1.111,172.217.11.3,0,0,0,0,0, 192.168.1.111,172.217.12.150,0,0,0,0,0, 192.168.1.111,172.217.10.14,0,0,0,0,0, 192.168.1.111,172.217.10.110,0,0,0,0,0, 192.168.1.111,172.217.11.2,0,0,0,0,0, 192.168.1.111,172.217.13.228,TCP,1,0,66,0, 192.168.1.111,74.125.155.199,0,0,0,0,0, 192.168.1.111,172.217.11.14,0,0,0,0,0, 192.168.1.111,216.58.209.131,0,0,0,0,0, 192.168.1.111,172.217.11.38,0,0,0,0,0, 192.168.1.111,216.58.212.227,0,0,0,0,0, 192.168.1.111,172.217.6.238,0,0,0,0,0, 192.168.1.111,104.237.191.1,0,0,0,0,0, 192.168.1.111,172.217.11.42,0,0,0,0,0, 192.168.1.111,172.217.9.227,0,0,0,0,0, 192.168.1.111,172.217.11.10,0,0,0,0,0, 192.168.1.111,172.217.11.45,0,0,0,0,0, 192.168.1.111,172.217.11.46,0,0,0,0,0, 192.168.1.111,172.217.17.67,0,0,0,0,0, 192.168.1.111,172.217.17.35,0,0,0,0,0, 192.168.1.111,0.0.0.0,0,0,0,0,0,0,0,0,0,0,1526487177521,0.0,1479.681,0,0,0,0,0,0,0,0,0,0.0,0.0,-1
4.899999999999999,0,0,0,0, 192.168.1.111,173.194.7.91,0,0,0,0,0, 192.168.1.111,172.217.11.35,0,0,0,0,0, 192.168.1.111,172.217.11.33,0,0,0,0,0, 192.168.1.111,172.217.3.110,0,0,0,0,0, 192.168.1.111,172.217.10.246,0,0,0,0,0, 192.168.1.111,172.217.11.3,0,0,0,0,0, 192.168.1.111,172.217.12.150,0,0,0,0,0, 192.168.1.111,172.217.10.14,0,0,0,0,0, 192.168.1.111,172.217.10.110,0,0,0,0,0, 192.168.1.111,172.217.11.2,0,0,0,0,0, 192.168.1.111,172.217.13.228,0,0,0,0,0, 192.168.1.111,74.125.155.199,0,0,0,0,0, 192.168.1.111,172.217.11.14,0,0,0,0,0, 192.168.1.111,216.58.209.131,0,0,0,0,0, 192.168.1.111,172.217.11.38,0,0,0,0,0, 192.168.1.111,216.58.212.227,0,0,0,0,0, 192.168.1.111,172.217.6.238,0,0,0,0,0, 192.168.1.111,104.237.191.1,0,0,0,0,0, 192.168.1.111,172.217.11.42,0,0,0,0,0, 192.168.1.111,172.217.9.227,0,0,0,0,0, 192.168.1.111,172.217.11.10,0,0,0,0,0, 192.168.1.111,172.217.11.45,0,0,0,0,0, 192.168.1.111,172.217.11.46,0,0,0,0,0, 192.168.1.111,172.217.17.67,0,0,0,0,0, 192.168.1.111,172.217.17.35,0,0,0,0,0, 192.168.1.111,0.0.0.0,0,0,0,0,0,0,0,0,0,0,1526487177521,0.0,1479.681,0,0,0,0,0,0,0,0,0,0.0,0.0,-1
4.999999999999998,3,1,240,98, 192.168.1.111,173.194.7.91,0,0,0,0,0, 192.168.1.111,172.217.11.35,QUIC,1,0,81,0, 192.168.1.111,172.217.11.33,0,0,0,0,0, 192.168.1.111,172.217.3.110,0,0,0,0,0, 192.168.1.111,172.217.10.246,0,0,0,0,0, 192.168.1.111,172.217.11.3,0,0,0,0,0, 192.168.1.111,172.217.12.150,0,0,0,0,0, 192.168.1.111,172.217.10.14,0,0,0,0,0, 192.168.1.111,172.217.10.110,0,0,0,0,0, 192.168.1.111,172.217.11.2,QUIC,1,0,81,0, 192.168.1.111,172.217.13.228,0,0,0,0,0, 192.168.1.111,74.125.155.199,0,0,0,0,0, 192.168.1.111,172.217.11.14,0,0,0,0,0, 192.168.1.111,216.58.209.131,0,0,0,0,0, 192.168.1.111,172.217.11.38,0,0,0,0,0, 192.168.1.111,216.58.212.227,0,0,0,0,0, 192.168.1.111,172.217.6.238,0,0,0,0,0, 192.168.1.111,104.237.191.1,0,0,0,0,0, 192.168.1.111,172.217.11.42,0,0,0,0,0, 192.168.1.111,172.217.9.227,0,0,0,0,0, 192.168.1.111,172.217.11.10,0,0,0,0,0, 192.168.1.111,172.217.11.45,0,0,0,0,0, 192.168.1.111,172.217.11.46,0,0,0,0,0, 192.168.1.111,172.217.17.67,0,0,0,0,0, 192.168.1.111,172.217.17.35,0,0,0,0,0, 192.168.1.111,0.0.0.0,0,1,0,78,0,0,0,0,0,0,1526487177521,0.0,1479.681,0,0,0,0,0,0,0,0,0,0.0,0.0,-1
5.099999999999998,0,0,0,0, 192.168.1.111,173.194.7.91,0,0,0,0,0, 192.168.1.111,172.217.11.35,0,0,0,0,0, 192.168.1.111,172.217.11.33,0,0,0,0,0, 192.168.1.111,172.217.3.110,0,0,0,0,0, 192.168.1.111,172.217.10.246,0,0,0,0,0, 192.168.1.111,172.217.11.3,0,0,0,0,0, 192.168.1.111,172.217.12.150,0,0,0,0,0, 192.168.1.111,172.217.10.14,0,0,0,0,0, 192.168.1.111,172.217.10.110,0,0,0,0,0, 192.168.1.111,172.217.11.2,0,0,0,0,0, 192.168.1.111,172.217.13.228,0,0,0,0,0, 192.168.1.111,74.125.155.199,0,0,0,0,0, 192.168.1.111,172.217.11.14,0,0,0,0,0, 192.168.1.111,216.58.209.131,0,0,0,0,0, 192.168.1.111,172.217.11.38,0,0,0,0,0, 192.168.1.111,216.58.212.227,0,0,0,0,0, 192.168.1.111,172.217.6.238,0,0,0,0,0, 192.168.1.111,104.237.191.1,0,0,0,0,0, 192.168.1.111,172.217.11.42,0,0,0,0,0, 192.168.1.111,172.217.9.227,0,0,0,0,0, 192.168.1.111,172.217.11.10,0,0,0,0,0, 192.168.1.111,172.217.11.45,0,0,0,0,0, 192.168.1.111,172.217.11.46,0,0,0,0,0, 192.168.1.111,172.217.17.67,0,0,0,0,0, 192.168.1.111,172.217.17.35,0,0,0,0,0, 192.168.1.111,0.0.0.0,0,0,0,0,0,0,0,0,0,0,1526487177521,0.0,1479.681,0,0,0,0,0,0,0,0,0,0.0,0.0,-1
5.1999999999999975,1,0,81,0, 192.168.1.111,173.194.7.91,0,0,0,0,0, 192.168.1.111,172.217.11.35,0,0,0,0,0, 192.168.1.111,172.217.11.33,0,0,0,0,0, 192.168.1.111,172.217.3.110,0,0,0,0,0, 192.168.1.111,172.217.10.246,0,0,0,0,0, 192.168.1.111,172.217.11.3,0,0,0,0,0, 192.168.1.111,172.217.12.150,0,0,0,0,0, 192.168.1.111,172.217.10.14,0,0,0,0,0, 192.168.1.111,172.217.10.110,0,0,0,0,0, 192.168.1.111,172.217.11.2,QUIC,1,0,81,0, 192.168.1.111,172.217.13.228,0,0,0,0,0, 192.168.1.111,74.125.155.199,0,0,0,0,0, 192.168.1.111,172.217.11.14,0,0,0,0,0, 192.168.1.111,216.58.209.131,0,0,0,0,0, 192.168.1.111,172.217.11.38,0,0,0,0,0, 192.168.1.111,216.58.212.227,0,0,0,0,0, 192.168.1.111,172.217.6.238,0,0,0,0,0, 192.168.1.111,104.237.191.1,0,0,0,0,0, 192.168.1.111,172.217.11.42,0,0,0,0,0, 192.168.1.111,172.217.9.227,0,0,0,0,0, 192.168.1.111,172.217.11.10,0,0,0,0,0, 192.168.1.111,172.217.11.45,0,0,0,0,0, 192.168.1.111,172.217.11.46,0,0,0,0,0, 192.168.1.111,172.217.17.67,0,0,0,0,0, 192.168.1.111,172.217.17.35,0,0,0,0,0, 192.168.1.111,0.0.0.0,0,0,0,0,0,0,0,0,0,0,1526487177521,0.0,1479.681,0,0,0,0,0,0,0,0,0,0.0,0.0,-1
5.299999999999997,3,3,252,1575, 192.168.1.111,173.194.7.91,0,0,0,0,0, 192.168.1.111,172.217.11.35,0,0,0,0,0, 192.168.1.111,172.217.11.33,0,0,0,0,0, 192.168.1.111,172.217.3.110,QUIC,3,3,252,1575, 192.168.1.111,172.217.10.246,0,0,0,0,0, 192.168.1.111,172.217.11.3,0,0,0,0,0, 192.168.1.111,172.217.12.150,0,0,0,0,0, 192.168.1.111,172.217.10.14,0,0,0,0,0, 192.168.1.111,172.217.10.110,0,0,0,0,0, 192.168.1.111,172.217.11.2,0,0,0,0,0, 192.168.1.111,172.217.13.228,0,0,0,0,0, 192.168.1.111,74.125.155.199,0,0,0,0,0, 192.168.1.111,172.217.11.14,0,0,0,0,0, 192.168.1.111,216.58.209.131,0,0,0,0,0, 192.168.1.111,172.217.11.38,0,0,0,0,0, 192.168.1.111,216.58.212.227,0,0,0,0,0, 192.168.1.111,172.217.6.238,0,0,0,0,0, 192.168.1.111,104.237.191.1,0,0,0,0,0, 192.168.1.111,172.217.11.42,0,0,0,0,0, 192.168.1.111,172.217.9.227,0,0,0,0,0, 192.168.1.111,172.217.11.10,0,0,0,0,0, 192.168.1.111,172.217.11.45,0,0,0,0,0, 192.168.1.111,172.217.11.46,0,0,0,0,0, 192.168.1.111,172.217.17.67,0,0,0,0,0, 192.168.1.111,172.217.17.35,0,0,0,0,0, 192.168.1.111,0.0.0.0,0,0,0,0,0,0,0,0,0,0,1526487177521,0.0,1479.681,0,0,0,0,0,0,0,0,0,0.0,0.0,-1
5.399999999999997,1,0,81,0, 192.168.1.111,173.194.7.91,0,0,0,0,0, 192.168.1.111,172.217.11.35,QUIC,1,0,81,0, 192.168.1.111,172.217.11.33,0,0,0,0,0, 192.168.1.111,172.217.3.110,0,0,0,0,0, 192.168.1.111,172.217.10.246,0,0,0,0,0, 192.168.1.111,172.217.11.3,0,0,0,0,0, 192.168.1.111,172.217.12.150,0,0,0,0,0, 192.168.1.111,172.217.10.14,0,0,0,0,0, 192.168.1.111,172.217.10.110,0,0,0,0,0, 192.168.1.111,172.217.11.2,0,0,0,0,0, 192.168.1.111,172.217.13.228,0,0,0,0,0, 192.168.1.111,74.125.155.199,0,0,0,0,0, 192.168.1.111,172.217.11.14,0,0,0,0,0, 192.168.1.111,216.58.209.131,0,0,0,0,0, 192.168.1.111,172.217.11.38,0,0,0,0,0, 192.168.1.111,216.58.212.227,0,0,0,0,0, 192.168.1.111,172.217.6.238,0,0,0,0,0, 192.168.1.111,104.237.191.1,0,0,0,0,0, 192.168.1.111,172.217.11.42,0,0,0,0,0, 192.168.1.111,172.217.9.227,0,0,0,0,0, 192.168.1.111,172.217.11.10,0,0,0,0,0, 192.168.1.111,172.217.11.45,0,0,0,0,0, 192.168.1.111,172.217.11.46,0,0,0,0,0, 192.168.1.111,172.217.17.67,0,0,0,0,0, 192.168.1.111,172.217.17.35,0,0,0,0,0, 192.168.1.111,0.0.0.0,0,0,0,0,0,0,0,0,0,0,1526487177521,0.0,1479.681,0,0,0,0,0,0,0,0,0,0.0,0.0,-1
5.4999999999999964,5,12,417,4031, 192.168.1.111,173.194.7.91,0,0,0,0,0, 192.168.1.111,172.217.11.35,QUIC,1,3,80,236, 192.168.1.111,172.217.11.33,0,0,0,0,0, 192.168.1.111,172.217.3.110,QUIC,2,4,171,3421, 192.168.1.111,172.217.10.246,0,0,0,0,0, 192.168.1.111,172.217.11.3,0,0,0,0,0, 192.168.1.111,172.217.12.150,0,0,0,0,0, 192.168.1.111,172.217.10.14,0,0,0,0,0, 192.168.1.111,172.217.10.110,0,0,0,0,0, 192.168.1.111,172.217.11.2,QUIC,1,4,80,301, 192.168.1.111,172.217.13.228,0,0,0,0,0, 192.168.1.111,74.125.155.199,0,0,0,0,0, 192.168.1.111,172.217.11.14,0,0,0,0,0, 192.168.1.111,216.58.209.131,0,0,0,0,0, 192.168.1.111,172.217.11.38,QUIC,1,1,86,73, 192.168.1.111,216.58.212.227,0,0,0,0,0, 192.168.1.111,172.217.6.238,0,0,0,0,0, 192.168.1.111,104.237.191.1,0,0,0,0,0, 192.168.1.111,172.217.11.42,0,0,0,0,0, 192.168.1.111,172.217.9.227,0,0,0,0,0, 192.168.1.111,172.217.11.10,0,0,0,0,0, 192.168.1.111,172.217.11.45,0,0,0,0,0, 192.168.1.111,172.217.11.46,0,0,0,0,0, 192.168.1.111,172.217.17.67,0,0,0,0,0, 192.168.1.111,172.217.17.35,0,0,0,0,0, 192.168.1.111,0.0.0.0,0,0,0,0,0,0,0,0,0,0,1526487177521,0.0,1479.681,0,0,0,0,0,0,0,0,0,0.0,0.0,-1
5.599999999999996,2,0,165,0, 192.168.1.111,173.194.7.91,0,0,0,0,0, 192.168.1.111,172.217.11.35,0,0,0,0,0, 192.168.1.111,172.217.11.33,0,0,0,0,0, 192.168.1.111,172.217.3.110,QUIC,1,0,84,0, 192.168.1.111,172.217.10.246,0,0,0,0,0, 192.168.1.111,172.217.11.3,0,0,0,0,0, 192.168.1.111,172.217.12.150,0,0,0,0,0, 192.168.1.111,172.217.10.14,0,0,0,0,0, 192.168.1.111,172.217.10.110,0,0,0,0,0, 192.168.1.111,172.217.11.2,0,0,0,0,0, 192.168.1.111,172.217.13.228,0,0,0,0,0, 192.168.1.111,74.125.155.199,0,0,0,0,0, 192.168.1.111,172.217.11.14,0,0,0,0,0, 192.168.1.111,216.58.209.131,0,0,0,0,0, 192.168.1.111,172.217.11.38,QUIC,1,0,81,0, 192.168.1.111,216.58.212.227,0,0,0,0,0, 192.168.1.111,172.217.6.238,0,0,0,0,0, 192.168.1.111,104.237.191.1,0,0,0,0,0, 192.168.1.111,172.217.11.42,0,0,0,0,0, 192.168.1.111,172.217.9.227,0,0,0,0,0, 192.168.1.111,172.217.11.10,0,0,0,0,0, 192.168.1.111,172.217.11.45,0,0,0,0,0, 192.168.1.111,172.217.11.46,0,0,0,0,0, 192.168.1.111,172.217.17.67,0,0,0,0,0, 192.168.1.111,172.217.17.35,0,0,0,0,0, 192.168.1.111,0.0.0.0,0,0,0,0,0,0,0,0,0,0,1526487177521,0.0,1479.681,0,0,0,0,0,0,0,0,0,0.0,0.0,-1
5.699999999999996,4,4,1276,2942, 192.168.1.111,173.194.7.91,0,0,0,0,0, 192.168.1.111,172.217.11.35,QUIC,0,1,0,74, 192.168.1.111,172.217.11.33,0,0,0,0,0, 192.168.1.111,172.217.3.110,QUIC,1,2,87,2784, 192.168.1.111,172.217.10.246,0,0,0,0,0, 192.168.1.111,172.217.11.3,0,0,0,0,0, 192.168.1.111,172.217.12.150,0,0,0,0,0, 192.168.1.111,172.217.10.14,0,0,0,0,0, 192.168.1.111,172.217.10.110,0,0,0,0,0, 192.168.1.111,172.217.11.2,QUIC,1,0,559,0, 192.168.1.111,172.217.13.228,QUIC,1,0,83,0, 192.168.1.111,74.125.155.199,0,0,0,0,0, 192.168.1.111,172.217.11.14,0,0,0,0,0, 192.168.1.111,216.58.209.131,0,0,0,0,0, 192.168.1.111,172.217.11.38,QUIC,1,1,547,84, 192.168.1.111,216.58.212.227,0,0,0,0,0, 192.168.1.111,172.217.6.238,0,0,0,0,0, 192.168.1.111,104.237.191.1,0,0,0,0,0, 192.168.1.111,172.217.11.42,0,0,0,0,0, 192.168.1.111,172.217.9.227,0,0,0,0,0, 192.168.1.111,172.217.11.10,0,0,0,0,0, 192.168.1.111,172.217.11.45,0,0,0,0,0, 192.168.1.111,172.217.11.46,0,0,0,0,0, 192.168.1.111,172.217.17.67,0,0,0,0,0, 192.168.1.111,172.217.17.35,0,0,0,0,0, 192.168.1.111,0.0.0.0,0,0,0,0,0,0,0,0,0,0,1526487177521,0.0,1479.681,0,0,0,0,0,0,0,0,0,0.0,0.0,-1
5.799999999999995,6,7,512,1085, 192.168.1.111,173.194.7.91,0,0,0,0,0, 192.168.1.111,172.217.11.35,0,0,0,0,0, 192.168.1.111,172.217.11.33,0,0,0,0,0, 192.168.1.111,172.217.3.110,0,0,0,0,0, 192.168.1.111,172.217.10.246,0,0,0,0,0, 192.168.1.111,172.217.11.3,0,0,0,0,0, 192.168.1.111,172.217.12.150,0,0,0,0,0, 192.168.1.111,172.217.10.14,0,0,0,0,0, 192.168.1.111,172.217.10.110,0,0,0,0,0, 192.168.1.111,172.217.11.2,0,0,0,0,0, 192.168.1.111,172.217.13.228,0,0,0,0,0, 192.168.1.111,74.125.155.199,0,0,0,0,0, 192.168.1.111,172.217.11.14,0,0,0,0,0, 192.168.1.111,216.58.209.131,0,0,0,0,0, 192.168.1.111,172.217.11.38,QUIC,0,1,0,243, 192.168.1.111,216.58.212.227,0,0,0,0,0, 192.168.1.111,172.217.6.238,0,0,0,0,0, 192.168.1.111,104.237.191.1,0,0,0,0,0, 192.168.1.111,172.217.11.42,0,0,0,0,0, 192.168.1.111,172.217.9.227,0,0,0,0,0, 192.168.1.111,172.217.11.10,0,0,0,0,0, 192.168.1.111,172.217.11.45,0,0,0,0,0, 192.168.1.111,172.217.11.46,0,0,0,0,0, 192.168.1.111,172.217.17.67,0,0,0,0,0, 192.168.1.111,172.217.17.35,0,0,0,0,0, 192.168.1.111,0.0.0.0,0,6,6,512,842,0,0,0,0,0,1526487177521,0.0,1479.681,0,0,0,0,0,0,0,0,0,0.0,0.0,-1
5.899999999999995,2,4,160,1290, 192.168.1.111,173.194.7.91,0,0,0,0,0, 192.168.1.111,172.217.11.35,0,0,0,0,0, 192.168.1.111,172.217.11.33,0,0,0,0,0, 192.168.1.111,172.217.3.110,0,0,0,0,0, 192.168.1.111,172.217.10.246,0,0,0,0,0, 192.168.1.111,172.217.11.3,0,0,0,0,0, 192.168.1.111,172.217.12.150,0,0,0,0,0, 192.168.1.111,172.217.10.14,0,0,0,0,0, 192.168.1.111,172.217.10.110,0,0,0,0,0, 192.168.1.111,172.217.11.2,QUIC,1,2,80,1146, 192.168.1.111,172.217.13.228,QUIC,0,1,0,72, 192.168.1.111,74.125.155.199,0,0,0,0,0, 192.168.1.111,172.217.11.14,0,0,0,0,0, 192.168.1.111,216.58.209.131,0,0,0,0,0, 192.168.1.111,172.217.11.38,QUIC,1,1,80,72, 192.168.1.111,216.58.212.227,0,0,0,0,0, 192.168.1.111,172.217.6.238,0,0,0,0,0, 192.168.1.111,104.237.191.1,0,0,0,0,0, 192.168.1.111,172.217.11.42,0,0,0,0,0, 192.168.1.111,172.217.9.227,0,0,0,0,0, 192.168.1.111,172.217.11.10,0,0,0,0,0, 192.168.1.111,172.217.11.45,0,0,0,0,0, 192.168.1.111,172.217.11.46,0,0,0,0,0, 192.168.1.111,172.217.17.67,0,0,0,0,0, 192.168.1.111,172.217.17.35,0,0,0,0,0, 192.168.1.111,0.0.0.0,0,0,0,0,0,0,0,0,0,0,1526487177521,0.0,1479.681,0,0,0,0,0,0,0,0,0,0.0,0.0,-1
5.999999999999995,0,0,0,0, 192.168.1.111,173.194.7.91,0,0,0,0,0, 192.168.1.111,172.217.11.35,0,0,0,0,0, 192.168.1.111,172.217.11.33,0,0,0,0,0, 192.168.1.111,172.217.3.110,0,0,0,0,0, 192.168.1.111,172.217.10.246,0,0,0,0,0, 192.168.1.111,172.217.11.3,0,0,0,0,0, 192.168.1.111,172.217.12.150,0,0,0,0,0, 192.168.1.111,172.217.10.14,0,0,0,0,0, 192.168.1.111,172.217.10.110,0,0,0,0,0, 192.168.1.111,172.217.11.2,0,0,0,0,0, 192.168.1.111,172.217.13.228,0,0,0,0,0, 192.168.1.111,74.125.155.199,0,0,0,0,0, 192.168.1.111,172.217.11.14,0,0,0,0,0, 192.168.1.111,216.58.209.131,0,0,0,0,0, 192.168.1.111,172.217.11.38,0,0,0,0,0, 192.168.1.111,216.58.212.227,0,0,0,0,0, 192.168.1.111,172.217.6.238,0,0,0,0,0, 192.168.1.111,104.237.191.1,0,0,0,0,0, 192.168.1.111,172.217.11.42,0,0,0,0,0, 192.168.1.111,172.217.9.227,0,0,0,0,0, 192.168.1.111,172.217.11.10,0,0,0,0,0, 192.168.1.111,172.217.11.45,0,0,0,0,0, 192.168.1.111,172.217.11.46,0,0,0,0,0, 192.168.1.111,172.217.17.67,0,0,0,0,0, 192.168.1.111,172.217.17.35,0,0,0,0,0, 192.168.1.111,0.0.0.0,0,0,0,0,0,0,0,0,0,0,1526487177521,0.0,1479.681,0,0,0,0,0,0,0,0,0,0.0,0.0,-1
6.099999999999994,2,0,891,0, 192.168.1.111,173.194.7.91,0,0,0,0,0, 192.168.1.111,172.217.11.35,0,0,0,0,0, 192.168.1.111,172.217.11.33,0,0,0,0,0, 192.168.1.111,172.217.3.110,QUIC,2,0,891,0, 192.168.1.111,172.217.10.246,0,0,0,0,0, 192.168.1.111,172.217.11.3,0,0,0,0,0, 192.168.1.111,172.217.12.150,0,0,0,0,0, 192.168.1.111,172.217.10.14,0,0,0,0,0, 192.168.1.111,172.217.10.110,0,0,0,0,0, 192.168.1.111,172.217.11.2,0,0,0,0,0, 192.168.1.111,172.217.13.228,0,0,0,0,0, 192.168.1.111,74.125.155.199,0,0,0,0,0, 192.168.1.111,172.217.11.14,0,0,0,0,0, 192.168.1.111,216.58.209.131,0,0,0,0,0, 192.168.1.111,172.217.11.38,0,0,0,0,0, 192.168.1.111,216.58.212.227,0,0,0,0,0, 192.168.1.111,172.217.6.238,0,0,0,0,0, 192.168.1.111,104.237.191.1,0,0,0,0,0, 192.168.1.111,172.217.11.42,0,0,0,0,0, 192.168.1.111,172.217.9.227,0,0,0,0,0, 192.168.1.111,172.217.11.10,0,0,0,0,0, 192.168.1.111,172.217.11.45,0,0,0,0,0, 192.168.1.111,172.217.11.46,0,0,0,0,0, 192.168.1.111,172.217.17.67,0,0,0,0,0, 192.168.1.111,172.217.17.35,0,0,0,0,0, 192.168.1.111,0.0.0.0,0,0,0,0,0,0,0,0,0,0,1526487177521,0.0,1479.681,0,0,0,0,0,0,0,0,0,0.0,0.0,-1
6.199999999999994,0,1,0,108, 192.168.1.111,173.194.7.91,0,0,0,0,0, 192.168.1.111,172.217.11.35,0,0,0,0,0, 192.168.1.111,172.217.11.33,0,0,0,0,0, 192.168.1.111,172.217.3.110,QUIC,0,1,0,108, 192.168.1.111,172.217.10.246,0,0,0,0,0, 192.168.1.111,172.217.11.3,0,0,0,0,0, 192.168.1.111,172.217.12.150,0,0,0,0,0, 192.168.1.111,172.217.10.14,0,0,0,0,0, 192.168.1.111,172.217.10.110,0,0,0,0,0, 192.168.1.111,172.217.11.2,0,0,0,0,0, 192.168.1.111,172.217.13.228,0,0,0,0,0, 192.168.1.111,74.125.155.199,0,0,0,0,0, 192.168.1.111,172.217.11.14,0,0,0,0,0, 192.168.1.111,216.58.209.131,0,0,0,0,0, 192.168.1.111,172.217.11.38,0,0,0,0,0, 192.168.1.111,216.58.212.227,0,0,0,0,0, 192.168.1.111,172.217.6.238,0,0,0,0,0, 192.168.1.111,104.237.191.1,0,0,0,0,0, 192.168.1.111,172.217.11.42,0,0,0,0,0, 192.168.1.111,172.217.9.227,0,0,0,0,0, 192.168.1.111,172.217.11.10,0,0,0,0,0, 192.168.1.111,172.217.11.45,0,0,0,0,0, 192.168.1.111,172.217.11.46,0,0,0,0,0, 192.168.1.111,172.217.17.67,0,0,0,0,0, 192.168.1.111,172.217.17.35,0,0,0,0,0, 192.168.1.111,0.0.0.0,0,0,0,0,0,0,0,0,0,0,1526487177521,0.0,1479.681,0,0,0,0,0,0,0,0,0,0.0,0.0,-1
6.299999999999994,1,1,80,191, 192.168.1.111,173.194.7.91,0,0,0,0,0, 192.168.1.111,172.217.11.35,0,0,0,0,0, 192.168.1.111,172.217.11.33,0,0,0,0,0, 192.168.1.111,172.217.3.110,QUIC,1,1,80,191, 192.168.1.111,172.217.10.246,0,0,0,0,0, 192.168.1.111,172.217.11.3,0,0,0,0,0, 192.168.1.111,172.217.12.150,0,0,0,0,0, 192.168.1.111,172.217.10.14,0,0,0,0,0, 192.168.1.111,172.217.10.110,0,0,0,0,0, 192.168.1.111,172.217.11.2,0,0,0,0,0, 192.168.1.111,172.217.13.228,0,0,0,0,0, 192.168.1.111,74.125.155.199,0,0,0,0,0, 192.168.1.111,172.217.11.14,0,0,0,0,0, 192.168.1.111,216.58.209.131,0,0,0,0,0, 192.168.1.111,172.217.11.38,0,0,0,0,0, 192.168.1.111,216.58.212.227,0,0,0,0,0, 192.168.1.111,172.217.6.238,0,0,0,0,0, 192.168.1.111,104.237.191.1,0,0,0,0,0, 192.168.1.111,172.217.11.42,0,0,0,0,0, 192.168.1.111,172.217.9.227,0,0,0,0,0, 192.168.1.111,172.217.11.10,0,0,0,0,0, 192.168.1.111,172.217.11.45,0,0,0,0,0, 192.168.1.111,172.217.11.46,0,0,0,0,0, 192.168.1.111,172.217.17.67,0,0,0,0,0, 192.168.1.111,172.217.17.35,0,0,0,0,0, 192.168.1.111,0.0.0.0,0,0,0,0,0,0,0,0,0,0,1526487177521,0.0,1479.681,0,0,0,0,0,0,0,0,0,0.0,0.0,-1
6.399999999999993,1,1,81,69, 192.168.1.111,173.194.7.91,0,0,0,0,0, 192.168.1.111,172.217.11.35,0,0,0,0,0, 192.168.1.111,172.217.11.33,0,0,0,0,0, 192.168.1.111,172.217.3.110,0,0,0,0,0, 192.168.1.111,172.217.10.246,0,0,0,0,0, 192.168.1.111,172.217.11.3,0,0,0,0,0, 192.168.1.111,172.217.12.150,0,0,0,0,0, 192.168.1.111,172.217.10.14,0,0,0,0,0, 192.168.1.111,172.217.10.110,0,0,0,0,0, 192.168.1.111,172.217.11.2,0,0,0,0,0, 192.168.1.111,172.217.13.228,0,0,0,0,0, 192.168.1.111,74.125.155.199,QUIC,1,1,81,69, 192.168.1.111,172.217.11.14,0,0,0,0,0, 192.168.1.111,216.58.209.131,0,0,0,0,0, 192.168.1.111,172.217.11.38,0,0,0,0,0, 192.168.1.111,216.58.212.227,0,0,0,0,0, 192.168.1.111,172.217.6.238,0,0,0,0,0, 192.168.1.111,104.237.191.1,0,0,0,0,0, 192.168.1.111,172.217.11.42,0,0,0,0,0, 192.168.1.111,172.217.9.227,0,0,0,0,0, 192.168.1.111,172.217.11.10,0,0,0,0,0, 192.168.1.111,172.217.11.45,0,0,0,0,0, 192.168.1.111,172.217.11.46,0,0,0,0,0, 192.168.1.111,172.217.17.67,0,0,0,0,0, 192.168.1.111,172.217.17.35,0,0,0,0,0, 192.168.1.111,0.0.0.0,0,0,0,0,0,0,0,0,0,0,1526487177521,0.0,1479.681,0,0,0,0,0,0,0,0,0,0.0,0.0,-1
6.499999999999993,1,1,423,72, 192.168.1.111,173.194.7.91,0,0,0,0,0, 192.168.1.111,172.217.11.35,0,0,0,0,0, 192.168.1.111,172.217.11.33,0,0,0,0,0, 192.168.1.111,172.217.3.110,QUIC,1,1,423,72, 192.168.1.111,172.217.10.246,0,0,0,0,0, 192.168.1.111,172.217.11.3,0,0,0,0,0, 192.168.1.111,172.217.12.150,0,0,0,0,0, 192.168.1.111,172.217.10.14,0,0,0,0,0, 192.168.1.111,172.217.10.110,0,0,0,0,0, 192.168.1.111,172.217.11.2,0,0,0,0,0, 192.168.1.111,172.217.13.228,0,0,0,0,0, 192.168.1.111,74.125.155.199,0,0,0,0,0, 192.168.1.111,172.217.11.14,0,0,0,0,0, 192.168.1.111,216.58.209.131,0,0,0,0,0, 192.168.1.111,172.217.11.38,0,0,0,0,0, 192.168.1.111,216.58.212.227,0,0,0,0,0, 192.168.1.111,172.217.6.238,0,0,0,0,0, 192.168.1.111,104.237.191.1,0,0,0,0,0, 192.168.1.111,172.217.11.42,0,0,0,0,0, 192.168.1.111,172.217.9.227,0,0,0,0,0, 192.168.1.111,172.217.11.10,0,0,0,0,0, 192.168.1.111,172.217.11.45,0,0,0,0,0, 192.168.1.111,172.217.11.46,0,0,0,0,0, 192.168.1.111,172.217.17.67,0,0,0,0,0, 192.168.1.111,172.217.17.35,0,0,0,0,0, 192.168.1.111,0.0.0.0,0,0,0,0,0,0,0,0,0,0,1526487177521,0.0,1479.681,0,0,0,0,0,0,0,0,0,0.0,0.0,-1
6.5999999999999925,0,0,0,0, 192.168.1.111,173.194.7.91,0,0,0,0,0, 192.168.1.111,172.217.11.35,0,0,0,0,0, 192.168.1.111,172.217.11.33,0,0,0,0,0, 192.168.1.111,172.217.3.110,0,0,0,0,0, 192.168.1.111,172.217.10.246,0,0,0,0,0, 192.168.1.111,172.217.11.3,0,0,0,0,0, 192.168.1.111,172.217.12.150,0,0,0,0,0, 192.168.1.111,172.217.10.14,0,0,0,0,0, 192.168.1.111,172.217.10.110,0,0,0,0,0, 192.168.1.111,172.217.11.2,0,0,0,0,0, 192.168.1.111,172.217.13.228,0,0,0,0,0, 192.168.1.111,74.125.155.199,0,0,0,0,0, 192.168.1.111,172.217.11.14,0,0,0,0,0, 192.168.1.111,216.58.209.131,0,0,0,0,0, 192.168.1.111,172.217.11.38,0,0,0,0,0, 192.168.1.111,216.58.212.227,0,0,0,0,0, 192.168.1.111,172.217.6.238,0,0,0,0,0, 192.168.1.111,104.237.191.1,0,0,0,0,0, 192.168.1.111,172.217.11.42,0,0,0,0,0, 192.168.1.111,172.217.9.227,0,0,0,0,0, 192.168.1.111,172.217.11.10,0,0,0,0,0, 192.168.1.111,172.217.11.45,0,0,0,0,0, 192.168.1.111,172.217.11.46,0,0,0,0,0, 192.168.1.111,172.217.17.67,0,0,0,0,0, 192.168.1.111,172.217.17.35,0,0,0,0,0, 192.168.1.111,0.0.0.0,0,0,0,0,0,0,0,0,0,0,1526487177521,0.0,1479.681,0,0,0,0,0,0,0,0,0,0.0,0.0,-1
8.299999999999986,12,13,2241,16811, 192.168.1.111,173.194.7.91,QUIC,1,1,81,1392, 192.168.1.111,172.217.11.35,0,0,0,0,0, 192.168.1.111,172.217.11.33,QUIC,8,12,661,15419, 192.168.1.111,172.217.3.110,QUIC,2,0,1155,0, 192.168.1.111,172.217.10.246,0,0,0,0,0, 192.168.1.111,172.217.11.3,0,0,0,0,0, 192.168.1.111,172.217.12.150,0,0,0,0,0, 192.168.1.111,172.217.10.14,0,0,0,0,0, 192.168.1.111,172.217.10.110,0,0,0,0,0, 192.168.1.111,172.217.11.2,QUIC,1,0,344,0, 192.168.1.111,172.217.13.228,0,0,0,0,0, 192.168.1.111,74.125.155.199,0,0,0,0,0, 192.168.1.111,172.217.11.14,0,0,0,0,0, 192.168.1.111,216.58.209.131,0,0,0,0,0, 192.168.1.111,172.217.11.38,0,0,0,0,0, 192.168.1.111,216.58.212.227,0,0,0,0,0, 192.168.1.111,172.217.6.238,0,0,0,0,0, 192.168.1.111,104.237.191.1,0,0,0,0,0, 192.168.1.111,172.217.11.42,0,0,0,0,0, 192.168.1.111,172.217.9.227,0,0,0,0,0, 192.168.1.111,172.217.11.10,0,0,0,0,0, 192.168.1.111,172.217.11.45,0,0,0,0,0, 192.168.1.111,172.217.11.46,0,0,0,0,0, 192.168.1.111,172.217.17.67,0,0,0,0,0, 192.168.1.111,172.217.17.35,0,0,0,0,0, 192.168.1.111,0.0.0.0,0,0,0,0,0,0,0,1,0,1526487183609,1526487177521,0.0663720419616699,1479.681,0,0,0,0,0,1,0,0,0,5.765627958038329,0.0039413900698866,true
1800.0999999994583,0,0,0,0, 192.168.1.111,173.194.7.91,0,0,0,0,0, 192.168.1.111,172.217.11.35,0,0,0,0,0, 192.168.1.111,172.217.11.33,0,0,0,0,0, 192.168.1.111,172.217.3.110,0,0,0,0,0, 192.168.1.111,172.217.10.246,0,0,0,0,0, 192.168.1.111,172.217.11.3,0,0,0,0,0, 192.168.1.111,172.217.12.150,0,0,0,0,0, 192.168.1.111,172.217.10.14,0,0,0,0,0, 192.168.1.111,172.217.10.110,0,0,0,0,0, 192.168.1.111,172.217.11.2,0,0,0,0,0, 192.168.1.111,172.217.13.228,0,0,0,0,0, 192.168.1.111,74.125.155.199,0,0,0,0,0, 192.168.1.111,172.217.11.14,0,0,0,0,0, 192.168.1.111,216.58.209.131,0,0,0,0,0, 192.168.1.111,172.217.11.38,0,0,0,0,0, 192.168.1.111,216.58.212.227,0,0,0,0,0, 192.168.1.111,172.217.6.238,0,0,0,0,0, 192.168.1.111,104.237.191.1,0,0,0,0,0, 192.168.1.111,172.217.11.42,0,0,0,0,0, 192.168.1.111,172.217.9.227,0,0,0,0,0, 192.168.1.111,172.217.11.10,0,0,0,0,0, 192.168.1.111,172.217.11.45,0,0,0,0,0, 192.168.1.111,172.217.11.46,0,0,0,0,0, 192.168.1.111,172.217.17.67,0,0,0,0,0, 192.168.1.111,172.217.17.35,0,0,0,0,0, 192.168.1.111,0.0.0.0,0,0,0,0,0,0,0,0,0,0,1526487177521,0.0,1479.681,0,0,0,0,0,0,0,0,0,0.0,0.0,-1
1800.1999999994582,0,0,0,0, 192.168.1.111,173.194.7.91,0,0,0,0,0, 192.168.1.111,172.217.11.35,0,0,0,0,0, 192.168.1.111,172.217.11.33,0,0,0,0,0, 192.168.1.111,172.217.3.110,0,0,0,0,0, 192.168.1.111,172.217.10.246,0,0,0,0,0, 192.168.1.111,172.217.11.3,0,0,0,0,0, 192.168.1.111,172.217.12.150,0,0,0,0,0, 192.168.1.111,172.217.10.14,0,0,0,0,0, 192.168.1.111,172.217.10.110,0,0,0,0,0, 192.168.1.111,172.217.11.2,0,0,0,0,0, 192.168.1.111,172.217.13.228,0,0,0,0,0, 192.168.1.111,74.125.155.199,0,0,0,0,0, 192.168.1.111,172.217.11.14,0,0,0,0,0, 192.168.1.111,216.58.209.131,0,0,0,0,0, 192.168.1.111,172.217.11.38,0,0,0,0,0, 192.168.1.111,216.58.212.227,0,0,0,0,0, 192.168.1.111,172.217.6.238,0,0,0,0,0, 192.168.1.111,104.237.191.1,0,0,0,0,0, 192.168.1.111,172.217.11.42,0,0,0,0,0, 192.168.1.111,172.217.9.227,0,0,0,0,0, 192.168.1.111,172.217.11.10,0,0,0,0,0, 192.168.1.111,172.217.11.45,0,0,0,0,0, 192.168.1.111,172.217.11.46,0,0,0,0,0, 192.168.1.111,172.217.17.67,0,0,0,0,0, 192.168.1.111,172.217.17.35,0,0,0,0,0, 192.168.1.111,0.0.0.0,0,0,0,0,0,0,0,0,0,0,1526487177521,0.0,1479.681,0,0,0,0,0,0,0,0,0,0.0,0.0,-1
1800.299999999458,0,0,0,0, 192.168.1.111,173.194.7.91,0,0,0,0,0, 192.168.1.111,172.217.11.35,0,0,0,0,0, 192.168.1.111,172.217.11.33,0,0,0,0,0, 192.168.1.111,172.217.3.110,0,0,0,0,0, 192.168.1.111,172.217.10.246,0,0,0,0,0, 192.168.1.111,172.217.11.3,0,0,0,0,0, 192.168.1.111,172.217.12.150,0,0,0,0,0, 192.168.1.111,172.217.10.14,0,0,0,0,0, 192.168.1.111,172.217.10.110,0,0,0,0,0, 192.168.1.111,172.217.11.2,0,0,0,0,0, 192.168.1.111,172.217.13.228,0,0,0,0,0, 192.168.1.111,74.125.155.199,0,0,0,0,0, 192.168.1.111,172.217.11.14,0,0,0,0,0, 192.168.1.111,216.58.209.131,0,0,0,0,0, 192.168.1.111,172.217.11.38,0,0,0,0,0, 192.168.1.111,216.58.212.227,0,0,0,0,0, 192.168.1.111,172.217.6.238,0,0,0,0,0, 192.168.1.111,104.237.191.1,0,0,0,0,0, 192.168.1.111,172.217.11.42,0,0,0,0,0, 192.168.1.111,172.217.9.227,0,0,0,0,0, 192.168.1.111,172.217.11.10,0,0,0,0,0, 192.168.1.111,172.217.11.45,0,0,0,0,0, 192.168.1.111,172.217.11.46,0,0,0,0,0, 192.168.1.111,172.217.17.67,0,0,0,0,0, 192.168.1.111,172.217.17.35,0,0,0,0,0, 192.168.1.111,0.0.0.0,0,0,0,0,0,0,0,0,0,0,1526487177521,0.0,1479.681,0,0,0,0,0,0,0,0,0,0.0,0.0,-1
1800.399999999458,0,0,0,0, 192.168.1.111,173.194.7.91,0,0,0,0,0, 192.168.1.111,172.217.11.35,0,0,0,0,0, 192.168.1.111,172.217.11.33,0,0,0,0,0, 192.168.1.111,172.217.3.110,0,0,0,0,0, 192.168.1.111,172.217.10.246,0,0,0,0,0, 192.168.1.111,172.217.11.3,0,0,0,0,0, 192.168.1.111,172.217.12.150,0,0,0,0,0, 192.168.1.111,172.217.10.14,0,0,0,0,0, 192.168.1.111,172.217.10.110,0,0,0,0,0, 192.168.1.111,172.217.11.2,0,0,0,0,0, 192.168.1.111,172.217.13.228,0,0,0,0,0, 192.168.1.111,74.125.155.199,0,0,0,0,0, 192.168.1.111,172.217.11.14,0,0,0,0,0, 192.168.1.111,216.58.209.131,0,0,0,0,0, 192.168.1.111,172.217.11.38,0,0,0,0,0, 192.168.1.111,216.58.212.227,0,0,0,0,0, 192.168.1.111,172.217.6.238,0,0,0,0,0, 192.168.1.111,104.237.191.1,0,0,0,0,0, 192.168.1.111,172.217.11.42,0,0,0,0,0, 192.168.1.111,172.217.9.227,0,0,0,0,0, 192.168.1.111,172.217.11.10,0,0,0,0,0, 192.168.1.111,172.217.11.45,0,0,0,0,0, 192.168.1.111,172.217.11.46,0,0,0,0,0, 192.168.1.111,172.217.17.67,0,0,0,0,0, 192.168.1.111,172.217.17.35,0,0,0,0,0, 192.168.1.111,0.0.0.0,0,0,0,0,0,0,0,0,0,0,1526487177521,0.0,1479.681,0,0,0,0,0,0,0,0,0,0.0,0.0,-1
1800.499999999458,0,0,0,0, 192.168.1.111,173.194.7.91,0,0,0,0,0, 192.168.1.111,172.217.11.35,0,0,0,0,0, 192.168.1.111,172.217.11.33,0,0,0,0,0, 192.168.1.111,172.217.3.110,0,0,0,0,0, 192.168.1.111,172.217.10.246,0,0,0,0,0, 192.168.1.111,172.217.11.3,0,0,0,0,0, 192.168.1.111,172.217.12.150,0,0,0,0,0, 192.168.1.111,172.217.10.14,0,0,0,0,0, 192.168.1.111,172.217.10.110,0,0,0,0,0, 192.168.1.111,172.217.11.2,0,0,0,0,0, 192.168.1.111,172.217.13.228,0,0,0,0,0, 192.168.1.111,74.125.155.199,0,0,0,0,0, 192.168.1.111,172.217.11.14,0,0,0,0,0, 192.168.1.111,216.58.209.131,0,0,0,0,0, 192.168.1.111,172.217.11.38,0,0,0,0,0, 192.168.1.111,216.58.212.227,0,0,0,0,0, 192.168.1.111,172.217.6.238,0,0,0,0,0, 192.168.1.111,104.237.191.1,0,0,0,0,0, 192.168.1.111,172.217.11.42,0,0,0,0,0, 192.168.1.111,172.217.9.227,0,0,0,0,0, 192.168.1.111,172.217.11.10,0,0,0,0,0, 192.168.1.111,172.217.11.45,0,0,0,0,0, 192.168.1.111,172.217.11.46,0,0,0,0,0, 192.168.1.111,172.217.17.67,0,0,0,0,0, 192.168.1.111,172.217.17.35,0,0,0,0,0, 192.168.1.111,0.0.0.0,0,0,0,0,0,0,0,0,0,0,1526487177521,0.0,1479.681,0,0,0,0,0,0,0,0,0,0.0,0.0,-1
1800.599999999458,0,0,0,0, 192.168.1.111,173.194.7.91,0,0,0,0,0, 192.168.1.111,172.217.11.35,0,0,0,0,0, 192.168.1.111,172.217.11.33,0,0,0,0,0, 192.168.1.111,172.217.3.110,0,0,0,0,0, 192.168.1.111,172.217.10.246,0,0,0,0,0, 192.168.1.111,172.217.11.3,0,0,0,0,0, 192.168.1.111,172.217.12.150,0,0,0,0,0, 192.168.1.111,172.217.10.14,0,0,0,0,0, 192.168.1.111,172.217.10.110,0,0,0,0,0, 192.168.1.111,172.217.11.2,0,0,0,0,0, 192.168.1.111,172.217.13.228,0,0,0,0,0, 192.168.1.111,74.125.155.199,0,0,0,0,0, 192.168.1.111,172.217.11.14,0,0,0,0,0, 192.168.1.111,216.58.209.131,0,0,0,0,0, 192.168.1.111,172.217.11.38,0,0,0,0,0, 192.168.1.111,216.58.212.227,0,0,0,0,0, 192.168.1.111,172.217.6.238,0,0,0,0,0, 192.168.1.111,104.237.191.1,0,0,0,0,0, 192.168.1.111,172.217.11.42,0,0,0,0,0, 192.168.1.111,172.217.9.227,0,0,0,0,0, 192.168.1.111,172.217.11.10,0,0,0,0,0, 192.168.1.111,172.217.11.45,0,0,0,0,0, 192.168.1.111,172.217.11.46,0,0,0,0,0, 192.168.1.111,172.217.17.67,0,0,0,0,0, 192.168.1.111,172.217.17.35,0,0,0,0,0, 192.168.1.111,0.0.0.0,0,0,0,0,0,0,0,0,0,0,1526487177521,0.0,1479.681,0,0,0,0,0,0,0,0,0,0.0,0.0,-1
1800.6999999994578,0,0,0,0, 192.168.1.111,173.194.7.91,0,0,0,0,0, 192.168.1.111,172.217.11.35,0,0,0,0,0, 192.168.1.111,172.217.11.33,0,0,0,0,0, 192.168.1.111,172.217.3.110,0,0,0,0,0, 192.168.1.111,172.217.10.246,0,0,0,0,0, 192.168.1.111,172.217.11.3,0,0,0,0,0, 192.168.1.111,172.217.12.150,0,0,0,0,0, 192.168.1.111,172.217.10.14,0,0,0,0,0, 192.168.1.111,172.217.10.110,0,0,0,0,0, 192.168.1.111,172.217.11.2,0,0,0,0,0, 192.168.1.111,172.217.13.228,0,0,0,0,0, 192.168.1.111,74.125.155.199,0,0,0,0,0, 192.168.1.111,172.217.11.14,0,0,0,0,0, 192.168.1.111,216.58.209.131,0,0,0,0,0, 192.168.1.111,172.217.11.38,0,0,0,0,0, 192.168.1.111,216.58.212.227,0,0,0,0,0, 192.168.1.111,172.217.6.238,0,0,0,0,0, 192.168.1.111,104.237.191.1,0,0,0,0,0, 192.168.1.111,172.217.11.42,0,0,0,0,0, 192.168.1.111,172.217.9.227,0,0,0,0,0, 192.168.1.111,172.217.11.10,0,0,0,0,0, 192.168.1.111,172.217.11.45,0,0,0,0,0, 192.168.1.111,172.217.11.46,0,0,0,0,0, 192.168.1.111,172.217.17.67,0,0,0,0,0, 192.168.1.111,172.217.17.35,0,0,0,0,0, 192.168.1.111,0.0.0.0,0,0,0,0,0,0,0,0,0,0,1526487177521,0.0,1479.681,0,0,0,0,0,0,0,0,0,0.0,0.0,-1
1800.7999999994577,0,0,0,0, 192.168.1.111,173.194.7.91,0,0,0,0,0, 192.168.1.111,172.217.11.35,0,0,0,0,0, 192.168.1.111,172.217.11.33,0,0,0,0,0, 192.168.1.111,172.217.3.110,0,0,0,0,0, 192.168.1.111,172.217.10.246,0,0,0,0,0, 192.168.1.111,172.217.11.3,0,0,0,0,0, 192.168.1.111,172.217.12.150,0,0,0,0,0, 192.168.1.111,172.217.10.14,0,0,0,0,0, 192.168.1.111,172.217.10.110,0,0,0,0,0, 192.168.1.111,172.217.11.2,0,0,0,0,0, 192.168.1.111,172.217.13.228,0,0,0,0,0, 192.168.1.111,74.125.155.199,0,0,0,0,0, 192.168.1.111,172.217.11.14,0,0,0,0,0, 192.168.1.111,216.58.209.131,0,0,0,0,0, 192.168.1.111,172.217.11.38,0,0,0,0,0, 192.168.1.111,216.58.212.227,0,0,0,0,0, 192.168.1.111,172.217.6.238,0,0,0,0,0, 192.168.1.111,104.237.191.1,0,0,0,0,0, 192.168.1.111,172.217.11.42,0,0,0,0,0, 192.168.1.111,172.217.9.227,0,0,0,0,0, 192.168.1.111,172.217.11.10,0,0,0,0,0, 192.168.1.111,172.217.11.45,0,0,0,0,0, 192.168.1.111,172.217.11.46,0,0,0,0,0, 192.168.1.111,172.217.17.67,0,0,0,0,0, 192.168.1.111,172.217.17.35,0,0,0,0,0, 192.168.1.111,0.0.0.0,0,0,0,0,0,0,0,0,0,0,1526487177521,0.0,1479.681,0,0,0,0,0,0,0,0,0,0.0,0.0,-1
1800.8999999994576,0,0,0,0, 192.168.1.111,173.194.7.91,0,0,0,0,0, 192.168.1.111,172.217.11.35,0,0,0,0,0, 192.168.1.111,172.217.11.33,0,0,0,0,0, 192.168.1.111,172.217.3.110,0,0,0,0,0, 192.168.1.111,172.217.10.246,0,0,0,0,0, 192.168.1.111,172.217.11.3,0,0,0,0,0, 192.168.1.111,172.217.12.150,0,0,0,0,0, 192.168.1.111,172.217.10.14,0,0,0,0,0, 192.168.1.111,172.217.10.110,0,0,0,0,0, 192.168.1.111,172.217.11.2,0,0,0,0,0, 192.168.1.111,172.217.13.228,0,0,0,0,0, 192.168.1.111,74.125.155.199,0,0,0,0,0, 192.168.1.111,172.217.11.14,0,0,0,0,0, 192.168.1.111,216.58.209.131,0,0,0,0,0, 192.168.1.111,172.217.11.38,0,0,0,0,0, 192.168.1.111,216.58.212.227,0,0,0,0,0, 192.168.1.111,172.217.6.238,0,0,0,0,0, 192.168.1.111,104.237.191.1,0,0,0,0,0, 192.168.1.111,172.217.11.42,0,0,0,0,0, 192.168.1.111,172.217.9.227,0,0,0,0,0, 192.168.1.111,172.217.11.10,0,0,0,0,0, 192.168.1.111,172.217.11.45,0,0,0,0,0, 192.168.1.111,172.217.11.46,0,0,0,0,0, 192.168.1.111,172.217.17.67,0,0,0,0,0, 192.168.1.111,172.217.17.35,0,0,0,0,0, 192.168.1.111,0.0.0.0,0,0,0,0,0,0,0,0,0,0,1526487177521,0.0,1479.681,0,0,0,0,0,0,0,0,0,0.0,0.0,-1
0.0,1,0,78,0, 192.168.1.111,173.194.7.25,0,0,0,0,0, 192.168.1.111,173.194.7.91,0,0,0,0,0, 192.168.1.111,172.217.12.174,0,0,0,0,0, 192.168.1.111,172.217.11.35,0,0,0,0,0, 192.168.1.111,172.217.11.3,0,0,0,0,0, 192.168.1.111,172.217.10.66,0,0,0,0,0, 192.168.1.111,172.217.11.45,0,0,0,0,0, 192.168.1.111,172.217.11.38,0,0,0,0,0, 192.168.1.111,172.217.11.22,0,0,0,0,0, 192.168.1.111,172.217.12.142,0,0,0,0,0, 192.168.1.111,172.217.20.67,0,0,0,0,0, 192.168.1.111,74.125.155.203,0,0,0,0,0, 192.168.1.111,172.217.135.41,0,0,0,0,0, 192.168.1.111,172.217.13.228,0,0,0,0,0, 192.168.1.111,172.217.9.225,0,0,0,0,0, 192.168.1.111,216.58.212.227,0,0,0,0,0, 192.168.1.111,172.217.10.118,0,0,0,0,0, 192.168.1.111,172.217.11.42,0,0,0,0,0, 192.168.1.111,172.217.6.227,0,0,0,0,0, 192.168.1.111,172.217.11.46,0,0,0,0,0, 192.168.1.111,172.217.11.51,TCP,1,0,78,0, 192.168.1.111,172.217.11.10,0,0,0,0,0, 192.168.1.111,172.217.17.99,0,0,0,0,0, 192.168.1.111,172.217.11.14,0,0,0,0,0, 192.168.1.111,23.206.126.144,0,0,0,0,0, 192.168.1.111,0.0.0.0,0,0,0,0,0,0,0,0,0,0,1526506635267,0.0,1479.681,0,0,0,0,0,0,0,0,0,0.0,0.0,-1
0.1,8,1,6512,74, 192.168.1.111,173.194.7.25,0,0,0,0,0, 192.168.1.111,173.194.7.91,0,0,0,0,0, 192.168.1.111,172.217.12.174,TCP,1,0,78,0, 192.168.1.111,172.217.11.35,0,0,0,0,0, 192.168.1.111,172.217.11.3,0,0,0,0,0, 192.168.1.111,172.217.10.66,0,0,0,0,0, 192.168.1.111,172.217.11.45,0,0,0,0,0, 192.168.1.111,172.217.11.38,0,0,0,0,0, 192.168.1.111,172.217.11.22,0,0,0,0,0, 192.168.1.111,172.217.12.142,0,0,0,0,0, 192.168.1.111,172.217.20.67,0,0,0,0,0, 192.168.1.111,74.125.155.203,0,0,0,0,0, 192.168.1.111,172.217.135.41,0,0,0,0,0, 192.168.1.111,172.217.13.228,0,0,0,0,0, 192.168.1.111,172.217.9.225,0,0,0,0,0, 192.168.1.111,216.58.212.227,0,0,0,0,0, 192.168.1.111,172.217.10.118,0,0,0,0,0, 192.168.1.111,172.217.11.42,QUIC,2,0,2784,0, 192.168.1.111,172.217.6.227,0,0,0,0,0, 192.168.1.111,172.217.11.46,QUIC,2,0,2784,0, 192.168.1.111,172.217.11.51,TLSv1,2,1,649,74, 192.168.1.111,172.217.11.10,0,0,0,0,0, 192.168.1.111,172.217.17.99,0,0,0,0,0, 192.168.1.111,172.217.11.14,0,0,0,0,0, 192.168.1.111,23.206.126.144,0,0,0,0,0, 192.168.1.111,0.0.0.0,0,1,0,217,0,0,0,0,0,0,1526506635267,0.0,1479.681,0,0,0,0,0,0,0,0,0,0.0,0.0,-1
0.2,2,0,2784,0, 192.168.1.111,173.194.7.25,0,0,0,0,0, 192.168.1.111,173.194.7.91,0,0,0,0,0, 192.168.1.111,172.217.12.174,0,0,0,0,0, 192.168.1.111,172.217.11.35,0,0,0,0,0, 192.168.1.111,172.217.11.3,0,0,0,0,0, 192.168.1.111,172.217.10.66,0,0,0,0,0, 192.168.1.111,172.217.11.45,0,0,0,0,0, 192.168.1.111,172.217.11.38,0,0,0,0,0, 192.168.1.111,172.217.11.22,0,0,0,0,0, 192.168.1.111,172.217.12.142,0,0,0,0,0, 192.168.1.111,172.217.20.67,0,0,0,0,0, 192.168.1.111,74.125.155.203,0,0,0,0,0, 192.168.1.111,172.217.135.41,0,0,0,0,0, 192.168.1.111,172.217.13.228,0,0,0,0,0, 192.168.1.111,172.217.9.225,0,0,0,0,0, 192.168.1.111,216.58.212.227,0,0,0,0,0, 192.168.1.111,172.217.10.118,0,0,0,0,0, 192.168.1.111,172.217.11.42,QUIC,1,0,1392,0, 192.168.1.111,172.217.6.227,0,0,0,0,0, 192.168.1.111,172.217.11.46,QUIC,1,0,1392,0, 192.168.1.111,172.217.11.51,0,0,0,0,0, 192.168.1.111,172.217.11.10,0,0,0,0,0, 192.168.1.111,172.217.17.99,0,0,0,0,0, 192.168.1.111,172.217.11.14,0,0,0,0,0, 192.168.1.111,23.206.126.144,0,0,0,0,0, 192.168.1.111,0.0.0.0,0,0,0,0,0,0,0,0,0,0,1526506635267,0.0,1479.681,0,0,0,0,0,0,0,0,0,0.0,0.0,-1
0.3,8,11,3821,10115, 192.168.1.111,173.194.7.25,0,0,0,0,0, 192.168.1.111,173.194.7.91,0,0,0,0,0, 192.168.1.111,172.217.12.174,TLSv1,2,1,649,74, 192.168.1.111,172.217.11.35,0,0,0,0,0, 192.168.1.111,172.217.11.3,0,0,0,0,0, 192.168.1.111,172.217.10.66,0,0,0,0,0, 192.168.1.111,172.217.11.45,0,0,0,0,0, 192.168.1.111,172.217.11.38,0,0,0,0,0, 192.168.1.111,172.217.11.22,0,0,0,0,0, 192.168.1.111,172.217.12.142,0,0,0,0,0, 192.168.1.111,172.217.20.67,0,0,0,0,0, 192.168.1.111,74.125.155.203,0,0,0,0,0, 192.168.1.111,172.217.135.41,0,0,0,0,0, 192.168.1.111,172.217.13.228,0,0,0,0,0, 192.168.1.111,172.217.9.225,0,0,0,0,0, 192.168.1.111,216.58.212.227,0,0,0,0,0, 192.168.1.111,172.217.10.118,0,0,0,0,0, 192.168.1.111,172.217.11.42,QUIC,2,4,1472,4243, 192.168.1.111,172.217.6.227,0,0,0,0,0, 192.168.1.111,172.217.11.46,QUIC,2,3,1475,2864, 192.168.1.111,172.217.11.51,TLSv1.2,2,3,225,2934, 192.168.1.111,172.217.11.10,0,0,0,0,0, 192.168.1.111,172.217.17.99,0,0,0,0,0, 192.168.1.111,172.217.11.14,0,0,0,0,0, 192.168.1.111,23.206.126.144,0,0,0,0,0, 192.168.1.111,0.0.0.0,0,0,0,0,0,0,0,0,0,0,1526506635267,0.0,1479.681,0,0,0,0,0,0,0,0,0,0.0,0.0,-1
0.4,16,16,1894,9472, 192.168.1.111,173.194.7.25,0,0,0,0,0, 192.168.1.111,173.194.7.91,0,0,0,0,0, 192.168.1.111,172.217.12.174,TCP,5,6,552,4658, 192.168.1.111,172.217.11.35,0,0,0,0,0, 192.168.1.111,172.217.11.3,0,0,0,0,0, 192.168.1.111,172.217.10.66,0,0,0,0,0, 192.168.1.111,172.217.11.45,0,0,0,0,0, 192.168.1.111,172.217.11.38,0,0,0,0,0, 192.168.1.111,172.217.11.22,0,0,0,0,0, 192.168.1.111,172.217.12.142,0,0,0,0,0, 192.168.1.111,172.217.20.67,0,0,0,0,0, 192.168.1.111,74.125.155.203,0,0,0,0,0, 192.168.1.111,172.217.135.41,0,0,0,0,0, 192.168.1.111,172.217.13.228,0,0,0,0,0, 192.168.1.111,172.217.9.225,0,0,0,0,0, 192.168.1.111,216.58.212.227,0,0,0,0,0, 192.168.1.111,172.217.10.118,0,0,0,0,0, 192.168.1.111,172.217.11.42,TCP,6,5,965,2997, 192.168.1.111,172.217.6.227,0,0,0,0,0, 192.168.1.111,172.217.11.46,QUIC,2,2,161,1465, 192.168.1.111,172.217.11.51,TCP,2,2,132,252, 192.168.1.111,172.217.11.10,0,0,0,0,0, 192.168.1.111,172.217.17.99,0,0,0,0,0, 192.168.1.111,172.217.11.14,0,0,0,0,0, 192.168.1.111,23.206.126.144,0,0,0,0,0, 192.168.1.111,0.0.0.0,0,1,1,84,100,0,0,0,0,0,1526506635267,0.0,1479.681,0,0,0,0,0,0,0,0,0,0.0,0.0,-1
0.5,8,6,1365,3420, 192.168.1.111,173.194.7.25,0,0,0,0,0, 192.168.1.111,173.194.7.91,0,0,0,0,0, 192.168.1.111,172.217.12.174,0,0,0,0,0, 192.168.1.111,172.217.11.35,0,0,0,0,0, 192.168.1.111,172.217.11.3,0,0,0,0,0, 192.168.1.111,172.217.10.66,0,0,0,0,0, 192.168.1.111,172.217.11.45,0,0,0,0,0, 192.168.1.111,172.217.11.38,0,0,0,0,0, 192.168.1.111,172.217.11.22,0,0,0,0,0, 192.168.1.111,172.217.12.142,0,0,0,0,0, 192.168.1.111,172.217.20.67,0,0,0,0,0, 192.168.1.111,74.125.155.203,0,0,0,0,0, 192.168.1.111,172.217.135.41,0,0,0,0,0, 192.168.1.111,172.217.13.228,0,0,0,0,0, 192.168.1.111,172.217.9.225,0,0,0,0,0, 192.168.1.111,216.58.212.227,0,0,0,0,0, 192.168.1.111,172.217.10.118,0,0,0,0,0, 192.168.1.111,172.217.11.42,TCP,8,5,1365,3348, 192.168.1.111,172.217.6.227,0,0,0,0,0, 192.168.1.111,172.217.11.46,QUIC,0,1,0,72, 192.168.1.111,172.217.11.51,0,0,0,0,0, 192.168.1.111,172.217.11.10,0,0,0,0,0, 192.168.1.111,172.217.17.99,0,0,0,0,0, 192.168.1.111,172.217.11.14,0,0,0,0,0, 192.168.1.111,23.206.126.144,0,0,0,0,0, 192.168.1.111,0.0.0.0,0,0,0,0,0,0,0,0,0,0,1526506635267,0.0,1479.681,0,0,0,0,0,0,0,0,0,0.0,0.0,-1
0.6,7,6,1025,2116, 192.168.1.111,173.194.7.25,0,0,0,0,0, 192.168.1.111,173.194.7.91,0,0,0,0,0, 192.168.1.111,172.217.12.174,0,0,0,0,0, 192.168.1.111,172.217.11.35,TLSv1,1,0,583,0, 192.168.1.111,172.217.11.3,0,0,0,0,0, 192.168.1.111,172.217.10.66,0,0,0,0,0, 192.168.1.111,172.217.11.45,0,0,0,0,0, 192.168.1.111,172.217.11.38,0,0,0,0,0, 192.168.1.111,172.217.11.22,0,0,0,0,0, 192.168.1.111,172.217.12.142,0,0,0,0,0, 192.168.1.111,172.217.20.67,0,0,0,0,0, 192.168.1.111,74.125.155.203,0,0,0,0,0, 192.168.1.111,172.217.135.41,0,0,0,0,0, 192.168.1.111,172.217.13.228,0,0,0,0,0, 192.168.1.111,172.217.9.225,0,0,0,0,0, 192.168.1.111,216.58.212.227,0,0,0,0,0, 192.168.1.111,172.217.10.118,0,0,0,0,0, 192.168.1.111,172.217.11.42,TLSv1.2,6,6,442,2116, 192.168.1.111,172.217.6.227,0,0,0,0,0, 192.168.1.111,172.217.11.46,0,0,0,0,0, 192.168.1.111,172.217.11.51,0,0,0,0,0, 192.168.1.111,172.217.11.10,0,0,0,0,0, 192.168.1.111,172.217.17.99,0,0,0,0,0, 192.168.1.111,172.217.11.14,0,0,0,0,0, 192.168.1.111,23.206.126.144,0,0,0,0,0, 192.168.1.111,0.0.0.0,0,0,0,0,0,0,0,0,0,0,1526506635267,0.0,1479.681,0,0,0,0,0,0,0,0,0,0.0,0.0,-1
0.7,2,5,225,2997, 192.168.1.111,173.194.7.25,0,0,0,0,0, 192.168.1.111,173.194.7.91,0,0,0,0,0, 192.168.1.111,172.217.12.174,0,0,0,0,0, 192.168.1.111,172.217.11.35,TLSv1.2,2,3,225,2853, 192.168.1.111,172.217.11.3,0,0,0,0,0, 192.168.1.111,172.217.10.66,0,0,0,0,0, 192.168.1.111,172.217.11.45,0,0,0,0,0, 192.168.1.111,172.217.11.38,0,0,0,0,0, 192.168.1.111,172.217.11.22,0,0,0,0,0, 192.168.1.111,172.217.12.142,0,0,0,0,0, 192.168.1.111,172.217.20.67,0,0,0,0,0, 192.168.1.111,74.125.155.203,0,0,0,0,0, 192.168.1.111,172.217.135.41,0,0,0,0,0, 192.168.1.111,172.217.13.228,0,0,0,0,0, 192.168.1.111,172.217.9.225,0,0,0,0,0, 192.168.1.111,216.58.212.227,0,0,0,0,0, 192.168.1.111,172.217.10.118,0,0,0,0,0, 192.168.1.111,172.217.11.42,TCP,0,2,0,144, 192.168.1.111,172.217.6.227,0,0,0,0,0, 192.168.1.111,172.217.11.46,0,0,0,0,0, 192.168.1.111,172.217.11.51,0,0,0,0,0, 192.168.1.111,172.217.11.10,0,0,0,0,0, 192.168.1.111,172.217.17.99,0,0,0,0,0, 192.168.1.111,172.217.11.14,0,0,0,0,0, 192.168.1.111,23.206.126.144,0,0,0,0,0, 192.168.1.111,0.0.0.0,0,0,0,0,0,0,0,0,0,0,1526506635267,0.0,1479.681,0,0,0,0,0,0,0,0,0,0.0,0.0,-1
0.7999999999999999,2,2,132,485, 192.168.1.111,173.194.7.25,0,0,0,0,0, 192.168.1.111,173.194.7.91,0,0,0,0,0, 192.168.1.111,172.217.12.174,0,0,0,0,0, 192.168.1.111,172.217.11.35,TCP,2,2,132,485, 192.168.1.111,172.217.11.3,0,0,0,0,0, 192.168.1.111,172.217.10.66,0,0,0,0,0, 192.168.1.111,172.217.11.45,0,0,0,0,0, 192.168.1.111,172.217.11.38,0,0,0,0,0, 192.168.1.111,172.217.11.22,0,0,0,0,0, 192.168.1.111,172.217.12.142,0,0,0,0,0, 192.168.1.111,172.217.20.67,0,0,0,0,0, 192.168.1.111,74.125.155.203,0,0,0,0,0, 192.168.1.111,172.217.135.41,0,0,0,0,0, 192.168.1.111,172.217.13.228,0,0,0,0,0, 192.168.1.111,172.217.9.225,0,0,0,0,0, 192.168.1.111,216.58.212.227,0,0,0,0,0, 192.168.1.111,172.217.10.118,0,0,0,0,0, 192.168.1.111,172.217.11.42,0,0,0,0,0, 192.168.1.111,172.217.6.227,0,0,0,0,0, 192.168.1.111,172.217.11.46,0,0,0,0,0, 192.168.1.111,172.217.11.51,0,0,0,0,0, 192.168.1.111,172.217.11.10,0,0,0,0,0, 192.168.1.111,172.217.17.99,0,0,0,0,0, 192.168.1.111,172.217.11.14,0,0,0,0,0, 192.168.1.111,23.206.126.144,0,0,0,0,0, 192.168.1.111,0.0.0.0,0,0,0,0,0,0,0,0,0,0,1526506635267,0.0,1479.681,0,0,0,0,0,0,0,0,0,0.0,0.0,-1
0.8999999999999999,4,0,679,0, 192.168.1.111,173.194.7.25,0,0,0,0,0, 192.168.1.111,173.194.7.91,0,0,0,0,0, 192.168.1.111,172.217.12.174,0,0,0,0,0, 192.168.1.111,172.217.11.35,TLSv1.2,3,0,600,0, 192.168.1.111,172.217.11.3,0,0,0,0,0, 192.168.1.111,172.217.10.66,0,0,0,0,0, 192.168.1.111,172.217.11.45,0,0,0,0,0, 192.168.1.111,172.217.11.38,0,0,0,0,0, 192.168.1.111,172.217.11.22,0,0,0,0,0, 192.168.1.111,172.217.12.142,0,0,0,0,0, 192.168.1.111,172.217.20.67,0,0,0,0,0, 192.168.1.111,74.125.155.203,0,0,0,0,0, 192.168.1.111,172.217.135.41,0,0,0,0,0, 192.168.1.111,172.217.13.228,0,0,0,0,0, 192.168.1.111,172.217.9.225,0,0,0,0,0, 192.168.1.111,216.58.212.227,0,0,0,0,0, 192.168.1.111,172.217.10.118,0,0,0,0,0, 192.168.1.111,172.217.11.42,0,0,0,0,0, 192.168.1.111,172.217.6.227,0,0,0,0,0, 192.168.1.111,172.217.11.46,0,0,0,0,0, 192.168.1.111,172.217.11.51,0,0,0,0,0, 192.168.1.111,172.217.11.10,0,0,0,0,0, 192.168.1.111,172.217.17.99,0,0,0,0,0, 192.168.1.111,172.217.11.14,0,0,0,0,0, 192.168.1.111,23.206.126.144,0,0,0,0,0, 192.168.1.111,0.0.0.0,0,1,0,79,0,0,0,0,0,0,1526506635267,0.0,1479.681,0,0,0,0,0,0,0,0,0,0.0,0.0,-1
1.0,0,0,0,0, 192.168.1.111,173.194.7.25,0,0,0,0,0, 192.168.1.111,173.194.7.91,0,0,0,0,0, 192.168.1.111,172.217.12.174,0,0,0,0,0, 192.168.1.111,172.217.11.35,0,0,0,0,0, 192.168.1.111,172.217.11.3,0,0,0,0,0, 192.168.1.111,172.217.10.66,0,0,0,0,0, 192.168.1.111,172.217.11.45,0,0,0,0,0, 192.168.1.111,172.217.11.38,0,0,0,0,0, 192.168.1.111,172.217.11.22,0,0,0,0,0, 192.168.1.111,172.217.12.142,0,0,0,0,0, 192.168.1.111,172.217.20.67,0,0,0,0,0, 192.168.1.111,74.125.155.203,0,0,0,0,0, 192.168.1.111,172.217.135.41,0,0,0,0,0, 192.168.1.111,172.217.13.228,0,0,0,0,0, 192.168.1.111,172.217.9.225,0,0,0,0,0, 192.168.1.111,216.58.212.227,0,0,0,0,0, 192.168.1.111,172.217.10.118,0,0,0,0,0, 192.168.1.111,172.217.11.42,0,0,0,0,0, 192.168.1.111,172.217.6.227,0,0,0,0,0, 192.168.1.111,172.217.11.46,0,0,0,0,0, 192.168.1.111,172.217.11.51,0,0,0,0,0, 192.168.1.111,172.217.11.10,0,0,0,0,0, 192.168.1.111,172.217.17.99,0,0,0,0,0, 192.168.1.111,172.217.11.14,0,0,0,0,0, 192.168.1.111,23.206.126.144,0,0,0,0,0, 192.168.1.111,0.0.0.0,0,0,0,0,0,0,0,0,0,0,1526506635267,0.0,1479.681,0,0,0,0,0,0,0,0,0,0.0,0.0,-1
1.1,2,1,283,104, 192.168.1.111,173.194.7.25,0,0,0,0,0, 192.168.1.111,173.194.7.91,0,0,0,0,0, 192.168.1.111,172.217.12.174,0,0,0,0,0, 192.168.1.111,172.217.11.35,TCP,1,1,66,104, 192.168.1.111,172.217.11.3,0,0,0,0,0, 192.168.1.111,172.217.10.66,0,0,0,0,0, 192.168.1.111,172.217.11.45,0,0,0,0,0, 192.168.1.111,172.217.11.38,0,0,0,0,0, 192.168.1.111,172.217.11.22,0,0,0,0,0, 192.168.1.111,172.217.12.142,0,0,0,0,0, 192.168.1.111,172.217.20.67,0,0,0,0,0, 192.168.1.111,74.125.155.203,0,0,0,0,0, 192.168.1.111,172.217.135.41,0,0,0,0,0, 192.168.1.111,172.217.13.228,0,0,0,0,0, 192.168.1.111,172.217.9.225,0,0,0,0,0, 192.168.1.111,216.58.212.227,0,0,0,0,0, 192.168.1.111,172.217.10.118,0,0,0,0,0, 192.168.1.111,172.217.11.42,0,0,0,0,0, 192.168.1.111,172.217.6.227,0,0,0,0,0, 192.168.1.111,172.217.11.46,0,0,0,0,0, 192.168.1.111,172.217.11.51,0,0,0,0,0, 192.168.1.111,172.217.11.10,0,0,0,0,0, 192.168.1.111,172.217.17.99,0,0,0,0,0, 192.168.1.111,172.217.11.14,0,0,0,0,0, 192.168.1.111,23.206.126.144,0,0,0,0,0, 192.168.1.111,0.0.0.0,0,1,0,217,0,0,0,0,0,0,1526506635267,0.0,1479.681,0,0,0,0,0,0,0,0,0,0.0,0.0,-1
1.2,3,0,1108,0, 192.168.1.111,173.194.7.25,0,0,0,0,0, 192.168.1.111,173.194.7.91,0,0,0,0,0, 192.168.1.111,172.217.12.174,TLSv1.2,3,0,1108,0, 192.168.1.111,172.217.11.35,0,0,0,0,0, 192.168.1.111,172.217.11.3,0,0,0,0,0, 192.168.1.111,172.217.10.66,0,0,0,0,0, 192.168.1.111,172.217.11.45,0,0,0,0,0, 192.168.1.111,172.217.11.38,0,0,0,0,0, 192.168.1.111,172.217.11.22,0,0,0,0,0, 192.168.1.111,172.217.12.142,0,0,0,0,0, 192.168.1.111,172.217.20.67,0,0,0,0,0, 192.168.1.111,74.125.155.203,0,0,0,0,0, 192.168.1.111,172.217.135.41,0,0,0,0,0, 192.168.1.111,172.217.13.228,0,0,0,0,0, 192.168.1.111,172.217.9.225,0,0,0,0,0, 192.168.1.111,216.58.212.227,0,0,0,0,0, 192.168.1.111,172.217.10.118,0,0,0,0,0, 192.168.1.111,172.217.11.42,0,0,0,0,0, 192.168.1.111,172.217.6.227,0,0,0,0,0, 192.168.1.111,172.217.11.46,0,0,0,0,0, 192.168.1.111,172.217.11.51,0,0,0,0,0, 192.168.1.111,172.217.11.10,0,0,0,0,0, 192.168.1.111,172.217.17.99,0,0,0,0,0, 192.168.1.111,172.217.11.14,0,0,0,0,0, 192.168.1.111,23.206.126.144,0,0,0,0,0, 192.168.1.111,0.0.0.0,0,0,0,0,0,0,0,0,0,0,1526506635267,0.0,1479.681,0,0,0,0,0,0,0,0,0,0.0,0.0,-1
1.3,2,0,2784,0, 192.168.1.111,173.194.7.25,0,0,0,0,0, 192.168.1.111,173.194.7.91,0,0,0,0,0, 192.168.1.111,172.217.12.174,0,0,0,0,0, 192.168.1.111,172.217.11.35,QUIC,2,0,2784,0, 192.168.1.111,172.217.11.3,0,0,0,0,0, 192.168.1.111,172.217.10.66,0,0,0,0,0, 192.168.1.111,172.217.11.45,0,0,0,0,0, 192.168.1.111,172.217.11.38,0,0,0,0,0, 192.168.1.111,172.217.11.22,0,0,0,0,0, 192.168.1.111,172.217.12.142,0,0,0,0,0, 192.168.1.111,172.217.20.67,0,0,0,0,0, 192.168.1.111,74.125.155.203,0,0,0,0,0, 192.168.1.111,172.217.135.41,0,0,0,0,0, 192.168.1.111,172.217.13.228,0,0,0,0,0, 192.168.1.111,172.217.9.225,0,0,0,0,0, 192.168.1.111,216.58.212.227,0,0,0,0,0, 192.168.1.111,172.217.10.118,0,0,0,0,0, 192.168.1.111,172.217.11.42,0,0,0,0,0, 192.168.1.111,172.217.6.227,0,0,0,0,0, 192.168.1.111,172.217.11.46,0,0,0,0,0, 192.168.1.111,172.217.11.51,0,0,0,0,0, 192.168.1.111,172.217.11.10,0,0,0,0,0, 192.168.1.111,172.217.17.99,0,0,0,0,0, 192.168.1.111,172.217.11.14,0,0,0,0,0, 192.168.1.111,23.206.126.144,0,0,0,0,0, 192.168.1.111,0.0.0.0,0,0,0,0,0,0,0,0,0,0,1526506635267,0.0,1479.681,0,0,0,0,0,0,0,0,0,0.0,0.0,-1
1.4,1,1,1392,95, 192.168.1.111,173.194.7.25,0,0,0,0,0, 192.168.1.111,173.194.7.91,0,0,0,0,0, 192.168.1.111,172.217.12.174,0,0,0,0,0, 192.168.1.111,172.217.11.35,0,0,0,0,0, 192.168.1.111,172.217.11.3,0,0,0,0,0, 192.168.1.111,172.217.10.66,0,0,0,0,0, 192.168.1.111,172.217.11.45,QUIC,1,0,1392,0, 192.168.1.111,172.217.11.38,0,0,0,0,0, 192.168.1.111,172.217.11.22,0,0,0,0,0, 192.168.1.111,172.217.12.142,0,0,0,0,0, 192.168.1.111,172.217.20.67,0,0,0,0,0, 192.168.1.111,74.125.155.203,0,0,0,0,0, 192.168.1.111,172.217.135.41,0,0,0,0,0, 192.168.1.111,172.217.13.228,0,0,0,0,0, 192.168.1.111,172.217.9.225,0,0,0,0,0, 192.168.1.111,216.58.212.227,0,0,0,0,0, 192.168.1.111,172.217.10.118,0,0,0,0,0, 192.168.1.111,172.217.11.42,0,0,0,0,0, 192.168.1.111,172.217.6.227,0,0,0,0,0, 192.168.1.111,172.217.11.46,0,0,0,0,0, 192.168.1.111,172.217.11.51,0,0,0,0,0, 192.168.1.111,172.217.11.10,0,0,0,0,0, 192.168.1.111,172.217.17.99,0,0,0,0,0, 192.168.1.111,172.217.11.14,0,0,0,0,0, 192.168.1.111,23.206.126.144,0,0,0,0,0, 192.168.1.111,0.0.0.0,0,0,1,0,95,0,0,0,0,0,1526506635267,0.0,1479.681,0,0,0,0,0,0,0,0,0,0.0,0.0,-1
1.5000000000000002,3,0,2862,0, 192.168.1.111,173.194.7.25,0,0,0,0,0, 192.168.1.111,173.194.7.91,0,0,0,0,0, 192.168.1.111,172.217.12.174,0,0,0,0,0, 192.168.1.111,172.217.11.35,QUIC,1,0,1392,0, 192.168.1.111,172.217.11.3,0,0,0,0,0, 192.168.1.111,172.217.10.66,0,0,0,0,0, 192.168.1.111,172.217.11.45,TCP,2,0,1470,0, 192.168.1.111,172.217.11.38,0,0,0,0,0, 192.168.1.111,172.217.11.22,0,0,0,0,0, 192.168.1.111,172.217.12.142,0,0,0,0,0, 192.168.1.111,172.217.20.67,0,0,0,0,0, 192.168.1.111,74.125.155.203,0,0,0,0,0, 192.168.1.111,172.217.135.41,0,0,0,0,0, 192.168.1.111,172.217.13.228,0,0,0,0,0, 192.168.1.111,172.217.9.225,0,0,0,0,0, 192.168.1.111,216.58.212.227,0,0,0,0,0, 192.168.1.111,172.217.10.118,0,0,0,0,0, 192.168.1.111,172.217.11.42,0,0,0,0,0, 192.168.1.111,172.217.6.227,0,0,0,0,0, 192.168.1.111,172.217.11.46,0,0,0,0,0, 192.168.1.111,172.217.11.51,0,0,0,0,0, 192.168.1.111,172.217.11.10,0,0,0,0,0, 192.168.1.111,172.217.17.99,0,0,0,0,0, 192.168.1.111,172.217.11.14,0,0,0,0,0, 192.168.1.111,23.206.126.144,0,0,0,0,0, 192.168.1.111,0.0.0.0,0,0,0,0,0,0,0,0,0,0,1526506635267,0.0,1479.681,0,0,0,0,0,0,0,0,0,0.0,0.0,-1
1.6000000000000003,7,7,513,1714, 192.168.1.111,173.194.7.25,0,0,0,0,0, 192.168.1.111,173.194.7.91,0,0,0,0,0, 192.168.1.111,172.217.12.174,TLSv1.2,7,7,513,1714, 192.168.1.111,172.217.11.35,0,0,0,0,0, 192.168.1.111,172.217.11.3,0,0,0,0,0, 192.168.1.111,172.217.10.66,0,0,0,0,0, 192.168.1.111,172.217.11.45,0,0,0,0,0, 192.168.1.111,172.217.11.38,0,0,0,0,0, 192.168.1.111,172.217.11.22,0,0,0,0,0, 192.168.1.111,172.217.12.142,0,0,0,0,0, 192.168.1.111,172.217.20.67,0,0,0,0,0, 192.168.1.111,74.125.155.203,0,0,0,0,0, 192.168.1.111,172.217.135.41,0,0,0,0,0, 192.168.1.111,172.217.13.228,0,0,0,0,0, 192.168.1.111,172.217.9.225,0,0,0,0,0, 192.168.1.111,216.58.212.227,0,0,0,0,0, 192.168.1.111,172.217.10.118,0,0,0,0,0, 192.168.1.111,172.217.11.42,0,0,0,0,0, 192.168.1.111,172.217.6.227,0,0,0,0,0, 192.168.1.111,172.217.11.46,0,0,0,0,0, 192.168.1.111,172.217.11.51,0,0,0,0,0, 192.168.1.111,172.217.11.10,0,0,0,0,0, 192.168.1.111,172.217.17.99,0,0,0,0,0, 192.168.1.111,172.217.11.14,0,0,0,0,0, 192.168.1.111,23.206.126.144,0,0,0,0,0, 192.168.1.111,0.0.0.0,0,0,0,0,0,0,0,0,0,0,1526506635267,0.0,1479.681,0,0,0,0,0,0,0,0,0,0.0,0.0,-1
1.7000000000000004,7,9,4994,5942, 192.168.1.111,173.194.7.25,0,0,0,0,0, 192.168.1.111,173.194.7.91,0,0,0,0,0, 192.168.1.111,172.217.12.174,0,0,0,0,0, 192.168.1.111,172.217.11.35,QUIC,3,4,2870,2938, 192.168.1.111,172.217.11.3,0,0,0,0,0, 192.168.1.111,172.217.10.66,0,0,0,0,0, 192.168.1.111,172.217.11.45,QUIC,4,5,2124,3004, 192.168.1.111,172.217.11.38,0,0,0,0,0, 192.168.1.111,172.217.11.22,0,0,0,0,0, 192.168.1.111,172.217.12.142,0,0,0,0,0, 192.168.1.111,172.217.20.67,0,0,0,0,0, 192.168.1.111,74.125.155.203,0,0,0,0,0, 192.168.1.111,172.217.135.41,0,0,0,0,0, 192.168.1.111,172.217.13.228,0,0,0,0,0, 192.168.1.111,172.217.9.225,0,0,0,0,0, 192.168.1.111,216.58.212.227,0,0,0,0,0, 192.168.1.111,172.217.10.118,0,0,0,0,0, 192.168.1.111,172.217.11.42,0,0,0,0,0, 192.168.1.111,172.217.6.227,0,0,0,0,0, 192.168.1.111,172.217.11.46,0,0,0,0,0, 192.168.1.111,172.217.11.51,0,0,0,0,0, 192.168.1.111,172.217.11.10,0,0,0,0,0, 192.168.1.111,172.217.17.99,0,0,0,0,0, 192.168.1.111,172.217.11.14,0,0,0,0,0, 192.168.1.111,23.206.126.144,0,0,0,0,0, 192.168.1.111,0.0.0.0,0,0,0,0,0,0,0,0,0,0,1526506635267,0.0,1479.681,0,0,0,0,0,0,0,0,0,0.0,0.0,-1
1.8000000000000005,3,4,456,3250, 192.168.1.111,173.194.7.25,0,0,0,0,0, 192.168.1.111,173.194.7.91,0,0,0,0,0, 192.168.1.111,172.217.12.174,TCP,0,1,0,66, 192.168.1.111,172.217.11.35,0,0,0,0,0, 192.168.1.111,172.217.11.3,0,0,0,0,0, 192.168.1.111,172.217.10.66,0,0,0,0,0, 192.168.1.111,172.217.11.45,TLSv1.2,3,3,456,3184, 192.168.1.111,172.217.11.38,0,0,0,0,0, 192.168.1.111,172.217.11.22,0,0,0,0,0, 192.168.1.111,172.217.12.142,0,0,0,0,0, 192.168.1.111,172.217.20.67,0,0,0,0,0, 192.168.1.111,74.125.155.203,0,0,0,0,0, 192.168.1.111,172.217.135.41,0,0,0,0,0, 192.168.1.111,172.217.13.228,0,0,0,0,0, 192.168.1.111,172.217.9.225,0,0,0,0,0, 192.168.1.111,216.58.212.227,0,0,0,0,0, 192.168.1.111,172.217.10.118,0,0,0,0,0, 192.168.1.111,172.217.11.42,0,0,0,0,0, 192.168.1.111,172.217.6.227,0,0,0,0,0, 192.168.1.111,172.217.11.46,0,0,0,0,0, 192.168.1.111,172.217.11.51,0,0,0,0,0, 192.168.1.111,172.217.11.10,0,0,0,0,0, 192.168.1.111,172.217.17.99,0,0,0,0,0, 192.168.1.111,172.217.11.14,0,0,0,0,0, 192.168.1.111,23.206.126.144,0,0,0,0,0, 192.168.1.111,0.0.0.0,0,0,0,0,0,0,0,0,0,0,1526506635267,0.0,1479.681,0,0,0,0,0,0,0,0,0,0.0,0.0,-1
1.9000000000000008,9,0,8776,0, 192.168.1.111,173.194.7.25,0,0,0,0,0, 192.168.1.111,173.194.7.91,0,0,0,0,0, 192.168.1.111,172.217.12.174,TLSv1.2,1,0,259,0, 192.168.1.111,172.217.11.35,QUIC,1,0,1392,0, 192.168.1.111,172.217.11.3,0,0,0,0,0, 192.168.1.111,172.217.10.66,QUIC,2,0,2784,0, 192.168.1.111,172.217.11.45,QUIC,1,0,1392,0, 192.168.1.111,172.217.11.38,QUIC,1,0,1392,0, 192.168.1.111,172.217.11.22,0,0,0,0,0, 192.168.1.111,172.217.12.142,0,0,0,0,0, 192.168.1.111,172.217.20.67,0,0,0,0,0, 192.168.1.111,74.125.155.203,0,0,0,0,0, 192.168.1.111,172.217.135.41,QUIC,1,0,1392,0, 192.168.1.111,172.217.13.228,0,0,0,0,0, 192.168.1.111,172.217.9.225,0,0,0,0,0, 192.168.1.111,216.58.212.227,0,0,0,0,0, 192.168.1.111,172.217.10.118,0,0,0,0,0, 192.168.1.111,172.217.11.42,0,0,0,0,0, 192.168.1.111,172.217.6.227,0,0,0,0,0, 192.168.1.111,172.217.11.46,0,0,0,0,0, 192.168.1.111,172.217.11.51,0,0,0,0,0, 192.168.1.111,172.217.11.10,0,0,0,0,0, 192.168.1.111,172.217.17.99,0,0,0,0,0, 192.168.1.111,172.217.11.14,0,0,0,0,0, 192.168.1.111,23.206.126.144,0,0,0,0,0, 192.168.1.111,0.0.0.0,0,2,0,165,0,0,0,0,0,0,1526506635267,0.0,1479.681,0,0,0,0,0,0,0,0,0,0.0,0.0,-1
2.0000000000000004,6,1,7038,1484, 192.168.1.111,173.194.7.25,0,0,0,0,0, 192.168.1.111,173.194.7.91,0,0,0,0,0, 192.168.1.111,172.217.12.174,0,0,0,0,0, 192.168.1.111,172.217.11.35,QUIC,2,0,2784,0, 192.168.1.111,172.217.11.3,0,0,0,0,0, 192.168.1.111,172.217.10.66,QUIC,2,0,2784,0, 192.168.1.111,172.217.11.45,TCP,1,1,78,1484, 192.168.1.111,172.217.11.38,QUIC,1,0,1392,0, 192.168.1.111,172.217.11.22,0,0,0,0,0, 192.168.1.111,172.217.12.142,0,0,0,0,0, 192.168.1.111,172.217.20.67,0,0,0,0,0, 192.168.1.111,74.125.155.203,0,0,0,0,0, 192.168.1.111,172.217.135.41,0,0,0,0,0, 192.168.1.111,172.217.13.228,0,0,0,0,0, 192.168.1.111,172.217.9.225,0,0,0,0,0, 192.168.1.111,216.58.212.227,0,0,0,0,0, 192.168.1.111,172.217.10.118,0,0,0,0,0, 192.168.1.111,172.217.11.42,0,0,0,0,0, 192.168.1.111,172.217.6.227,0,0,0,0,0, 192.168.1.111,172.217.11.46,0,0,0,0,0, 192.168.1.111,172.217.11.51,0,0,0,0,0, 192.168.1.111,172.217.11.10,0,0,0,0,0, 192.168.1.111,172.217.17.99,0,0,0,0,0, 192.168.1.111,172.217.11.14,0,0,0,0,0, 192.168.1.111,23.206.126.144,0,0,0,0,0, 192.168.1.111,0.0.0.0,0,0,0,0,0,0,0,0,0,0,1526506635267,0.0,1479.681,0,0,0,0,0,0,0,0,0,0.0,0.0,-1
2.1000000000000005,4,0,4551,0, 192.168.1.111,173.194.7.25,0,0,0,0,0, 192.168.1.111,173.194.7.91,0,0,0,0,0, 192.168.1.111,172.217.12.174,0,0,0,0,0, 192.168.1.111,172.217.11.35,QUIC,2,0,1767,0, 192.168.1.111,172.217.11.3,0,0,0,0,0, 192.168.1.111,172.217.10.66,QUIC,1,0,1392,0, 192.168.1.111,172.217.11.45,0,0,0,0,0, 192.168.1.111,172.217.11.38,0,0,0,0,0, 192.168.1.111,172.217.11.22,0,0,0,0,0, 192.168.1.111,172.217.12.142,0,0,0,0,0, 192.168.1.111,172.217.20.67,0,0,0,0,0, 192.168.1.111,74.125.155.203,0,0,0,0,0, 192.168.1.111,172.217.135.41,QUIC,1,0,1392,0, 192.168.1.111,172.217.13.228,0,0,0,0,0, 192.168.1.111,172.217.9.225,0,0,0,0,0, 192.168.1.111,216.58.212.227,0,0,0,0,0, 192.168.1.111,172.217.10.118,0,0,0,0,0, 192.168.1.111,172.217.11.42,0,0,0,0,0, 192.168.1.111,172.217.6.227,0,0,0,0,0, 192.168.1.111,172.217.11.46,0,0,0,0,0, 192.168.1.111,172.217.11.51,0,0,0,0,0, 192.168.1.111,172.217.11.10,0,0,0,0,0, 192.168.1.111,172.217.17.99,0,0,0,0,0, 192.168.1.111,172.217.11.14,0,0,0,0,0, 192.168.1.111,23.206.126.144,0,0,0,0,0, 192.168.1.111,0.0.0.0,0,0,0,0,0,0,0,0,0,0,1526506635267,0.0,1479.681,0,0,0,0,0,0,0,0,0,0.0,0.0,-1
2.2000000000000006,4,3,1606,624, 192.168.1.111,173.194.7.25,0,0,0,0,0, 192.168.1.111,173.194.7.91,0,0,0,0,0, 192.168.1.111,172.217.12.174,0,0,0,0,0, 192.168.1.111,172.217.11.35,0,0,0,0,0, 192.168.1.111,172.217.11.3,0,0,0,0,0, 192.168.1.111,172.217.10.66,0,0,0,0,0, 192.168.1.111,172.217.11.45,TCP,2,2,132,522, 192.168.1.111,172.217.11.38,QUIC,1,0,1392,0, 192.168.1.111,172.217.11.22,0,0,0,0,0, 192.168.1.111,172.217.12.142,0,0,0,0,0, 192.168.1.111,172.217.20.67,0,0,0,0,0, 192.168.1.111,74.125.155.203,0,0,0,0,0, 192.168.1.111,172.217.135.41,0,0,0,0,0, 192.168.1.111,172.217.13.228,0,0,0,0,0, 192.168.1.111,172.217.9.225,0,0,0,0,0, 192.168.1.111,216.58.212.227,0,0,0,0,0, 192.168.1.111,172.217.10.118,0,0,0,0,0, 192.168.1.111,172.217.11.42,0,0,0,0,0, 192.168.1.111,172.217.6.227,0,0,0,0,0, 192.168.1.111,172.217.11.46,0,0,0,0,0, 192.168.1.111,172.217.11.51,0,0,0,0,0, 192.168.1.111,172.217.11.10,0,0,0,0,0, 192.168.1.111,172.217.17.99,0,0,0,0,0, 192.168.1.111,172.217.11.14,0,0,0,0,0, 192.168.1.111,23.206.126.144,0,0,0,0,0, 192.168.1.111,0.0.0.0,0,1,0,82,0,0,0,0,0,0,1526506635267,0.0,1479.681,0,0,0,0,0,0,0,0,0,0.0,0.0,-1
2.3000000000000007,3,0,4176,0, 192.168.1.111,173.194.7.25,0,0,0,0,0, 192.168.1.111,173.194.7.91,0,0,0,0,0, 192.168.1.111,172.217.12.174,0,0,0,0,0, 192.168.1.111,172.217.11.35,QUIC,1,0,1392,0, 192.168.1.111,172.217.11.3,0,0,0,0,0, 192.168.1.111,172.217.10.66,QUIC,1,0,1392,0, 192.168.1.111,172.217.11.45,QUIC,1,0,1392,0, 192.168.1.111,172.217.11.38,0,0,0,0,0, 192.168.1.111,172.217.11.22,0,0,0,0,0, 192.168.1.111,172.217.12.142,0,0,0,0,0, 192.168.1.111,172.217.20.67,0,0,0,0,0, 192.168.1.111,74.125.155.203,0,0,0,0,0, 192.168.1.111,172.217.135.41,0,0,0,0,0, 192.168.1.111,172.217.13.228,0,0,0,0,0, 192.168.1.111,172.217.9.225,0,0,0,0,0, 192.168.1.111,216.58.212.227,0,0,0,0,0, 192.168.1.111,172.217.10.118,0,0,0,0,0, 192.168.1.111,172.217.11.42,0,0,0,0,0, 192.168.1.111,172.217.6.227,0,0,0,0,0, 192.168.1.111,172.217.11.46,0,0,0,0,0, 192.168.1.111,172.217.11.51,0,0,0,0,0, 192.168.1.111,172.217.11.10,0,0,0,0,0, 192.168.1.111,172.217.17.99,0,0,0,0,0, 192.168.1.111,172.217.11.14,0,0,0,0,0, 192.168.1.111,23.206.126.144,0,0,0,0,0, 192.168.1.111,0.0.0.0,0,0,0,0,0,0,0,0,0,0,1526506635267,0.0,1479.681,0,0,0,0,0,0,0,0,0,0.0,0.0,-1
2.400000000000001,2,0,2784,0, 192.168.1.111,173.194.7.25,0,0,0,0,0, 192.168.1.111,173.194.7.91,0,0,0,0,0, 192.168.1.111,172.217.12.174,0,0,0,0,0, 192.168.1.111,172.217.11.35,0,0,0,0,0, 192.168.1.111,172.217.11.3,0,0,0,0,0, 192.168.1.111,172.217.10.66,QUIC,1,0,1392,0, 192.168.1.111,172.217.11.45,0,0,0,0,0, 192.168.1.111,172.217.11.38,0,0,0,0,0, 192.168.1.111,172.217.11.22,0,0,0,0,0, 192.168.1.111,172.217.12.142,0,0,0,0,0, 192.168.1.111,172.217.20.67,0,0,0,0,0, 192.168.1.111,74.125.155.203,0,0,0,0,0, 192.168.1.111,172.217.135.41,QUIC,1,0,1392,0, 192.168.1.111,172.217.13.228,0,0,0,0,0, 192.168.1.111,172.217.9.225,0,0,0,0,0, 192.168.1.111,216.58.212.227,0,0,0,0,0, 192.168.1.111,172.217.10.118,0,0,0,0,0, 192.168.1.111,172.217.11.42,0,0,0,0,0, 192.168.1.111,172.217.6.227,0,0,0,0,0, 192.168.1.111,172.217.11.46,0,0,0,0,0, 192.168.1.111,172.217.11.51,0,0,0,0,0, 192.168.1.111,172.217.11.10,0,0,0,0,0, 192.168.1.111,172.217.17.99,0,0,0,0,0, 192.168.1.111,172.217.11.14,0,0,0,0,0, 192.168.1.111,23.206.126.144,0,0,0,0,0, 192.168.1.111,0.0.0.0,0,0,0,0,0,0,0,0,0,0,1526506635267,0.0,1479.681,0,0,0,0,0,0,0,0,0,0.0,0.0,-1
2.500000000000001,4,5,1633,5641, 192.168.1.111,173.194.7.25,0,0,0,0,0, 192.168.1.111,173.194.7.91,0,0,0,0,0, 192.168.1.111,172.217.12.174,0,0,0,0,0, 192.168.1.111,172.217.11.35,QUIC,3,5,241,5641, 192.168.1.111,172.217.11.3,0,0,0,0,0, 192.168.1.111,172.217.10.66,0,0,0,0,0, 192.168.1.111,172.217.11.45,0,0,0,0,0, 192.168.1.111,172.217.11.38,QUIC,1,0,1392,0, 192.168.1.111,172.217.11.22,0,0,0,0,0, 192.168.1.111,172.217.12.142,0,0,0,0,0, 192.168.1.111,172.217.20.67,0,0,0,0,0, 192.168.1.111,74.125.155.203,0,0,0,0,0, 192.168.1.111,172.217.135.41,0,0,0,0,0, 192.168.1.111,172.217.13.228,0,0,0,0,0, 192.168.1.111,172.217.9.225,0,0,0,0,0, 192.168.1.111,216.58.212.227,0,0,0,0,0, 192.168.1.111,172.217.10.118,0,0,0,0,0, 192.168.1.111,172.217.11.42,0,0,0,0,0, 192.168.1.111,172.217.6.227,0,0,0,0,0, 192.168.1.111,172.217.11.46,0,0,0,0,0, 192.168.1.111,172.217.11.51,0,0,0,0,0, 192.168.1.111,172.217.11.10,0,0,0,0,0, 192.168.1.111,172.217.17.99,0,0,0,0,0, 192.168.1.111,172.217.11.14,0,0,0,0,0, 192.168.1.111,23.206.126.144,0,0,0,0,0, 192.168.1.111,0.0.0.0,0,0,0,0,0,0,0,0,0,0,1526506635267,0.0,1479.681,0,0,0,0,0,0,0,0,0,0.0,0.0,-1
2.600000000000001,2,2,157,2784, 192.168.1.111,173.194.7.25,0,0,0,0,0, 192.168.1.111,173.194.7.91,0,0,0,0,0, 192.168.1.111,172.217.12.174,0,0,0,0,0, 192.168.1.111,172.217.11.35,QUIC,2,2,157,2784, 192.168.1.111,172.217.11.3,0,0,0,0,0, 192.168.1.111,172.217.10.66,0,0,0,0,0, 192.168.1.111,172.217.11.45,0,0,0,0,0, 192.168.1.111,172.217.11.38,0,0,0,0,0, 192.168.1.111,172.217.11.22,0,0,0,0,0, 192.168.1.111,172.217.12.142,0,0,0,0,0, 192.168.1.111,172.217.20.67,0,0,0,0,0, 192.168.1.111,74.125.155.203,0,0,0,0,0, 192.168.1.111,172.217.135.41,0,0,0,0,0, 192.168.1.111,172.217.13.228,0,0,0,0,0, 192.168.1.111,172.217.9.225,0,0,0,0,0, 192.168.1.111,216.58.212.227,0,0,0,0,0, 192.168.1.111,172.217.10.118,0,0,0,0,0, 192.168.1.111,172.217.11.42,0,0,0,0,0, 192.168.1.111,172.217.6.227,0,0,0,0,0, 192.168.1.111,172.217.11.46,0,0,0,0,0, 192.168.1.111,172.217.11.51,0,0,0,0,0, 192.168.1.111,172.217.11.10,0,0,0,0,0, 192.168.1.111,172.217.17.99,0,0,0,0,0, 192.168.1.111,172.217.11.14,0,0,0,0,0, 192.168.1.111,23.206.126.144,0,0,0,0,0, 192.168.1.111,0.0.0.0,0,0,0,0,0,0,0,0,0,0,1526506635267,0.0,1479.681,0,0,0,0,0,0,0,0,0,0.0,0.0,-1
2.700000000000001,1,0,1392,0, 192.168.1.111,173.194.7.25,0,0,0,0,0, 192.168.1.111,173.194.7.91,0,0,0,0,0, 192.168.1.111,172.217.12.174,0,0,0,0,0, 192.168.1.111,172.217.11.35,QUIC,1,0,1392,0, 192.168.1.111,172.217.11.3,0,0,0,0,0, 192.168.1.111,172.217.10.66,0,0,0,0,0, 192.168.1.111,172.217.11.45,0,0,0,0,0, 192.168.1.111,172.217.11.38,0,0,0,0,0, 192.168.1.111,172.217.11.22,0,0,0,0,0, 192.168.1.111,172.217.12.142,0,0,0,0,0, 192.168.1.111,172.217.20.67,0,0,0,0,0, 192.168.1.111,74.125.155.203,0,0,0,0,0, 192.168.1.111,172.217.135.41,0,0,0,0,0, 192.168.1.111,172.217.13.228,0,0,0,0,0, 192.168.1.111,172.217.9.225,0,0,0,0,0, 192.168.1.111,216.58.212.227,0,0,0,0,0, 192.168.1.111,172.217.10.118,0,0,0,0,0, 192.168.1.111,172.217.11.42,0,0,0,0,0, 192.168.1.111,172.217.6.227,0,0,0,0,0, 192.168.1.111,172.217.11.46,0,0,0,0,0, 192.168.1.111,172.217.11.51,0,0,0,0,0, 192.168.1.111,172.217.11.10,0,0,0,0,0, 192.168.1.111,172.217.17.99,0,0,0,0,0, 192.168.1.111,172.217.11.14,0,0,0,0,0, 192.168.1.111,23.206.126.144,0,0,0,0,0, 192.168.1.111,0.0.0.0,0,0,0,0,0,0,0,0,0,0,1526506635267,0.0,1479.681,0,0,0,0,0,0,0,0,0,0.0,0.0,-1
2.800000000000001,3,1,1844,1392, 192.168.1.111,173.194.7.25,0,0,0,0,0, 192.168.1.111,173.194.7.91,0,0,0,0,0, 192.168.1.111,172.217.12.174,0,0,0,0,0, 192.168.1.111,172.217.11.35,QUIC,2,1,452,1392, 192.168.1.111,172.217.11.3,0,0,0,0,0, 192.168.1.111,172.217.10.66,QUIC,1,0,1392,0, 192.168.1.111,172.217.11.45,0,0,0,0,0, 192.168.1.111,172.217.11.38,0,0,0,0,0, 192.168.1.111,172.217.11.22,0,0,0,0,0, 192.168.1.111,172.217.12.142,0,0,0,0,0, 192.168.1.111,172.217.20.67,0,0,0,0,0, 192.168.1.111,74.125.155.203,0,0,0,0,0, 192.168.1.111,172.217.135.41,0,0,0,0,0, 192.168.1.111,172.217.13.228,0,0,0,0,0, 192.168.1.111,172.217.9.225,0,0,0,0,0, 192.168.1.111,216.58.212.227,0,0,0,0,0, 192.168.1.111,172.217.10.118,0,0,0,0,0, 192.168.1.111,172.217.11.42,0,0,0,0,0, 192.168.1.111,172.217.6.227,0,0,0,0,0, 192.168.1.111,172.217.11.46,0,0,0,0,0, 192.168.1.111,172.217.11.51,0,0,0,0,0, 192.168.1.111,172.217.11.10,0,0,0,0,0, 192.168.1.111,172.217.17.99,0,0,0,0,0, 192.168.1.111,172.217.11.14,0,0,0,0,0, 192.168.1.111,23.206.126.144,0,0,0,0,0, 192.168.1.111,0.0.0.0,0,0,0,0,0,0,0,0,0,0,1526506635267,0.0,1479.681,0,0,0,0,0,0,0,0,0,0.0,0.0,-1
2.900000000000001,2,0,165,0, 192.168.1.111,173.194.7.25,0,0,0,0,0, 192.168.1.111,173.194.7.91,0,0,0,0,0, 192.168.1.111,172.217.12.174,0,0,0,0,0, 192.168.1.111,172.217.11.35,0,0,0,0,0, 192.168.1.111,172.217.11.3,0,0,0,0,0, 192.168.1.111,172.217.10.66,0,0,0,0,0, 192.168.1.111,172.217.11.45,0,0,0,0,0, 192.168.1.111,172.217.11.38,0,0,0,0,0, 192.168.1.111,172.217.11.22,0,0,0,0,0, 192.168.1.111,172.217.12.142,0,0,0,0,0, 192.168.1.111,172.217.20.67,0,0,0,0,0, 192.168.1.111,74.125.155.203,0,0,0,0,0, 192.168.1.111,172.217.135.41,0,0,0,0,0, 192.168.1.111,172.217.13.228,0,0,0,0,0, 192.168.1.111,172.217.9.225,0,0,0,0,0, 192.168.1.111,216.58.212.227,0,0,0,0,0, 192.168.1.111,172.217.10.118,0,0,0,0,0, 192.168.1.111,172.217.11.42,0,0,0,0,0, 192.168.1.111,172.217.6.227,0,0,0,0,0, 192.168.1.111,172.217.11.46,0,0,0,0,0, 192.168.1.111,172.217.11.51,0,0,0,0,0, 192.168.1.111,172.217.11.10,0,0,0,0,0, 192.168.1.111,172.217.17.99,0,0,0,0,0, 192.168.1.111,172.217.11.14,0,0,0,0,0, 192.168.1.111,23.206.126.144,0,0,0,0,0, 192.168.1.111,0.0.0.0,0,2,0,165,0,0,0,0,0,0,1526506635267,0.0,1479.681,0,0,0,0,0,0,0,0,0,0.0,0.0,-1
3.0000000000000013,5,0,3925,0, 192.168.1.111,173.194.7.25,0,0,0,0,0, 192.168.1.111,173.194.7.91,0,0,0,0,0, 192.168.1.111,172.217.12.174,TCP,1,0,259,0, 192.168.1.111,172.217.11.35,0,0,0,0,0, 192.168.1.111,172.217.11.3,0,0,0,0,0, 192.168.1.111,172.217.10.66,QUIC,1,0,1392,0, 192.168.1.111,172.217.11.45,0,0,0,0,0, 192.168.1.111,172.217.11.38,0,0,0,0,0, 192.168.1.111,172.217.11.22,0,0,0,0,0, 192.168.1.111,172.217.12.142,0,0,0,0,0, 192.168.1.111,172.217.20.67,0,0,0,0,0, 192.168.1.111,74.125.155.203,0,0,0,0,0, 192.168.1.111,172.217.135.41,QUIC,1,0,1392,0, 192.168.1.111,172.217.13.228,TLSv1.2,2,0,882,0, 192.168.1.111,172.217.9.225,0,0,0,0,0, 192.168.1.111,216.58.212.227,0,0,0,0,0, 192.168.1.111,172.217.10.118,0,0,0,0,0, 192.168.1.111,172.217.11.42,0,0,0,0,0, 192.168.1.111,172.217.6.227,0,0,0,0,0, 192.168.1.111,172.217.11.46,0,0,0,0,0, 192.168.1.111,172.217.11.51,0,0,0,0,0, 192.168.1.111,172.217.11.10,0,0,0,0,0, 192.168.1.111,172.217.17.99,0,0,0,0,0, 192.168.1.111,172.217.11.14,0,0,0,0,0, 192.168.1.111,23.206.126.144,0,0,0,0,0, 192.168.1.111,0.0.0.0,0,0,0,0,0,0,0,0,0,0,1526506635267,0.0,1479.681,0,0,0,0,0,0,0,0,0,0.0,0.0,-1
3.1000000000000014,2,1,159,98, 192.168.1.111,173.194.7.25,0,0,0,0,0, 192.168.1.111,173.194.7.91,0,0,0,0,0, 192.168.1.111,172.217.12.174,0,0,0,0,0, 192.168.1.111,172.217.11.35,QUIC,1,0,81,0, 192.168.1.111,172.217.11.3,0,0,0,0,0, 192.168.1.111,172.217.10.66,0,0,0,0,0, 192.168.1.111,172.217.11.45,0,0,0,0,0, 192.168.1.111,172.217.11.38,0,0,0,0,0, 192.168.1.111,172.217.11.22,0,0,0,0,0, 192.168.1.111,172.217.12.142,0,0,0,0,0, 192.168.1.111,172.217.20.67,0,0,0,0,0, 192.168.1.111,74.125.155.203,0,0,0,0,0, 192.168.1.111,172.217.135.41,0,0,0,0,0, 192.168.1.111,172.217.13.228,0,0,0,0,0, 192.168.1.111,172.217.9.225,0,0,0,0,0, 192.168.1.111,216.58.212.227,0,0,0,0,0, 192.168.1.111,172.217.10.118,0,0,0,0,0, 192.168.1.111,172.217.11.42,0,0,0,0,0, 192.168.1.111,172.217.6.227,0,0,0,0,0, 192.168.1.111,172.217.11.46,0,0,0,0,0, 192.168.1.111,172.217.11.51,0,0,0,0,0, 192.168.1.111,172.217.11.10,0,0,0,0,0, 192.168.1.111,172.217.17.99,0,0,0,0,0, 192.168.1.111,172.217.11.14,0,0,0,0,0, 192.168.1.111,23.206.126.144,0,0,0,0,0, 192.168.1.111,0.0.0.0,0,1,0,78,0,0,0,0,0,0,1526506635267,0.0,1479.681,0,0,0,0,0,0,0,0,0,0.0,0.0,-1
3.200000000000001,2,0,2784,0, 192.168.1.111,173.194.7.25,0,0,0,0,0, 192.168.1.111,173.194.7.91,0,0,0,0,0, 192.168.1.111,172.217.12.174,0,0,0,0,0, 192.168.1.111,172.217.11.35,0,0,0,0,0, 192.168.1.111,172.217.11.3,0,0,0,0,0, 192.168.1.111,172.217.10.66,0,0,0,0,0, 192.168.1.111,172.217.11.45,QUIC,1,0,1392,0, 192.168.1.111,172.217.11.38,QUIC,1,0,1392,0, 192.168.1.111,172.217.11.22,0,0,0,0,0, 192.168.1.111,172.217.12.142,0,0,0,0,0, 192.168.1.111,172.217.20.67,0,0,0,0,0, 192.168.1.111,74.125.155.203,0,0,0,0,0, 192.168.1.111,172.217.135.41,0,0,0,0,0, 192.168.1.111,172.217.13.228,0,0,0,0,0, 192.168.1.111,172.217.9.225,0,0,0,0,0, 192.168.1.111,216.58.212.227,0,0,0,0,0, 192.168.1.111,172.217.10.118,0,0,0,0,0, 192.168.1.111,172.217.11.42,0,0,0,0,0, 192.168.1.111,172.217.6.227,0,0,0,0,0, 192.168.1.111,172.217.11.46,0,0,0,0,0, 192.168.1.111,172.217.11.51,0,0,0,0,0, 192.168.1.111,172.217.11.10,0,0,0,0,0, 192.168.1.111,172.217.17.99,0,0,0,0,0, 192.168.1.111,172.217.11.14,0,0,0,0,0, 192.168.1.111,23.206.126.144,0,0,0,0,0, 192.168.1.111,0.0.0.0,0,0,0,0,0,0,0,0,0,0,1526506635267,0.0,1479.681,0,0,0,0,0,0,0,0,0,0.0,0.0,-1
3.3000000000000016,1,0,816,0, 192.168.1.111,173.194.7.25,0,0,0,0,0, 192.168.1.111,173.194.7.91,0,0,0,0,0, 192.168.1.111,172.217.12.174,0,0,0,0,0, 192.168.1.111,172.217.11.35,0,0,0,0,0, 192.168.1.111,172.217.11.3,0,0,0,0,0, 192.168.1.111,172.217.10.66,0,0,0,0,0, 192.168.1.111,172.217.11.45,0,0,0,0,0, 192.168.1.111,172.217.11.38,0,0,0,0,0, 192.168.1.111,172.217.11.22,0,0,0,0,0, 192.168.1.111,172.217.12.142,0,0,0,0,0, 192.168.1.111,172.217.20.67,0,0,0,0,0, 192.168.1.111,74.125.155.203,0,0,0,0,0, 192.168.1.111,172.217.135.41,0,0,0,0,0, 192.168.1.111,172.217.13.228,TCP,1,0,816,0, 192.168.1.111,172.217.9.225,0,0,0,0,0, 192.168.1.111,216.58.212.227,0,0,0,0,0, 192.168.1.111,172.217.10.118,0,0,0,0,0, 192.168.1.111,172.217.11.42,0,0,0,0,0, 192.168.1.111,172.217.6.227,0,0,0,0,0, 192.168.1.111,172.217.11.46,0,0,0,0,0, 192.168.1.111,172.217.11.51,0,0,0,0,0, 192.168.1.111,172.217.11.10,0,0,0,0,0, 192.168.1.111,172.217.17.99,0,0,0,0,0, 192.168.1.111,172.217.11.14,0,0,0,0,0, 192.168.1.111,23.206.126.144,0,0,0,0,0, 192.168.1.111,0.0.0.0,0,0,0,0,0,0,0,0,0,0,1526506635267,0.0,1479.681,0,0,0,0,0,0,0,0,0,0.0,0.0,-1
3.4000000000000017,1,0,816,0, 192.168.1.111,173.194.7.25,0,0,0,0,0, 192.168.1.111,173.194.7.91,0,0,0,0,0, 192.168.1.111,172.217.12.174,0,0,0,0,0, 192.168.1.111,172.217.11.35,0,0,0,0,0, 192.168.1.111,172.217.11.3,0,0,0,0,0, 192.168.1.111,172.217.10.66,0,0,0,0,0, 192.168.1.111,172.217.11.45,0,0,0,0,0, 192.168.1.111,172.217.11.38,0,0,0,0,0, 192.168.1.111,172.217.11.22,0,0,0,0,0, 192.168.1.111,172.217.12.142,0,0,0,0,0, 192.168.1.111,172.217.20.67,0,0,0,0,0, 192.168.1.111,74.125.155.203,0,0,0,0,0, 192.168.1.111,172.217.135.41,0,0,0,0,0, 192.168.1.111,172.217.13.228,TCP,1,0,816,0, 192.168.1.111,172.217.9.225,0,0,0,0,0, 192.168.1.111,216.58.212.227,0,0,0,0,0, 192.168.1.111,172.217.10.118,0,0,0,0,0, 192.168.1.111,172.217.11.42,0,0,0,0,0, 192.168.1.111,172.217.6.227,0,0,0,0,0, 192.168.1.111,172.217.11.46,0,0,0,0,0, 192.168.1.111,172.217.11.51,0,0,0,0,0, 192.168.1.111,172.217.11.10,0,0,0,0,0, 192.168.1.111,172.217.17.99,0,0,0,0,0, 192.168.1.111,172.217.11.14,0,0,0,0,0, 192.168.1.111,23.206.126.144,0,0,0,0,0, 192.168.1.111,0.0.0.0,0,0,0,0,0,0,0,0,0,0,1526506635267,0.0,1479.681,0,0,0,0,0,0,0,0,0,0.0,0.0,-1
3.5000000000000018,0,0,0,0, 192.168.1.111,173.194.7.25,0,0,0,0,0, 192.168.1.111,173.194.7.91,0,0,0,0,0, 192.168.1.111,172.217.12.174,0,0,0,0,0, 192.168.1.111,172.217.11.35,0,0,0,0,0, 192.168.1.111,172.217.11.3,0,0,0,0,0, 192.168.1.111,172.217.10.66,0,0,0,0,0, 192.168.1.111,172.217.11.45,0,0,0,0,0, 192.168.1.111,172.217.11.38,0,0,0,0,0, 192.168.1.111,172.217.11.22,0,0,0,0,0, 192.168.1.111,172.217.12.142,0,0,0,0,0, 192.168.1.111,172.217.20.67,0,0,0,0,0, 192.168.1.111,74.125.155.203,0,0,0,0,0, 192.168.1.111,172.217.135.41,0,0,0,0,0, 192.168.1.111,172.217.13.228,0,0,0,0,0, 192.168.1.111,172.217.9.225,0,0,0,0,0, 192.168.1.111,216.58.212.227,0,0,0,0,0, 192.168.1.111,172.217.10.118,0,0,0,0,0, 192.168.1.111,172.217.11.42,0,0,0,0,0, 192.168.1.111,172.217.6.227,0,0,0,0,0, 192.168.1.111,172.217.11.46,0,0,0,0,0, 192.168.1.111,172.217.11.51,0,0,0,0,0, 192.168.1.111,172.217.11.10,0,0,0,0,0, 192.168.1.111,172.217.17.99,0,0,0,0,0, 192.168.1.111,172.217.11.14,0,0,0,0,0, 192.168.1.111,23.206.126.144,0,0,0,0,0, 192.168.1.111,0.0.0.0,0,0,0,0,0,0,0,0,0,0,1526506635267,0.0,1479.681,0,0,0,0,0,0,0,0,0,0.0,0.0,-1
3.600000000000002,2,2,1473,84, 192.168.1.111,173.194.7.25,0,0,0,0,0, 192.168.1.111,173.194.7.91,0,0,0,0,0, 192.168.1.111,172.217.12.174,0,0,0,0,0, 192.168.1.111,172.217.11.35,QUIC,2,0,1473,0, 192.168.1.111,172.217.11.3,0,0,0,0,0, 192.168.1.111,172.217.10.66,0,0,0,0,0, 192.168.1.111,172.217.11.45,0,0,0,0,0, 192.168.1.111,172.217.11.38,0,0,0,0,0, 192.168.1.111,172.217.11.22,0,0,0,0,0, 192.168.1.111,172.217.12.142,0,0,0,0,0, 192.168.1.111,172.217.20.67,0,0,0,0,0, 192.168.1.111,74.125.155.203,0,0,0,0,0, 192.168.1.111,172.217.135.41,0,0,0,0,0, 192.168.1.111,172.217.13.228,0,0,0,0,0, 192.168.1.111,172.217.9.225,0,0,0,0,0, 192.168.1.111,216.58.212.227,0,0,0,0,0, 192.168.1.111,172.217.10.118,0,0,0,0,0, 192.168.1.111,172.217.11.42,0,0,0,0,0, 192.168.1.111,172.217.6.227,0,0,0,0,0, 192.168.1.111,172.217.11.46,0,0,0,0,0, 192.168.1.111,172.217.11.51,0,0,0,0,0, 192.168.1.111,172.217.11.10,0,0,0,0,0, 192.168.1.111,172.217.17.99,0,0,0,0,0, 192.168.1.111,172.217.11.14,0,0,0,0,0, 192.168.1.111,23.206.126.144,0,0,0,0,0, 192.168.1.111,0.0.0.0,0,0,0,0,0,0,0,0,0,0,1526506635267,0.0,1479.681,0,0,0,0,0,0,0,0,0,0.0,0.0,-1
3.700000000000002,1,0,1392,0, 192.168.1.111,173.194.7.25,0,0,0,0,0, 192.168.1.111,173.194.7.91,0,0,0,0,0, 192.168.1.111,172.217.12.174,0,0,0,0,0, 192.168.1.111,172.217.11.35,0,0,0,0,0, 192.168.1.111,172.217.11.3,0,0,0,0,0, 192.168.1.111,172.217.10.66,QUIC,1,0,1392,0, 192.168.1.111,172.217.11.45,0,0,0,0,0, 192.168.1.111,172.217.11.38,0,0,0,0,0, 192.168.1.111,172.217.11.22,0,0,0,0,0, 192.168.1.111,172.217.12.142,0,0,0,0,0, 192.168.1.111,172.217.20.67,0,0,0,0,0, 192.168.1.111,74.125.155.203,0,0,0,0,0, 192.168.1.111,172.217.135.41,0,0,0,0,0, 192.168.1.111,172.217.13.228,0,0,0,0,0, 192.168.1.111,172.217.9.225,0,0,0,0,0, 192.168.1.111,216.58.212.227,0,0,0,0,0, 192.168.1.111,172.217.10.118,0,0,0,0,0, 192.168.1.111,172.217.11.42,0,0,0,0,0, 192.168.1.111,172.217.6.227,0,0,0,0,0, 192.168.1.111,172.217.11.46,0,0,0,0,0, 192.168.1.111,172.217.11.51,0,0,0,0,0, 192.168.1.111,172.217.11.10,0,0,0,0,0, 192.168.1.111,172.217.17.99,0,0,0,0,0, 192.168.1.111,172.217.11.14,0,0,0,0,0, 192.168.1.111,23.206.126.144,0,0,0,0,0, 192.168.1.111,0.0.0.0,0,0,0,0,0,0,0,0,0,0,1526506635267,0.0,1479.681,0,0,0,0,0,0,0,0,0,0.0,0.0,-1
3.800000000000002,1,0,259,0, 192.168.1.111,173.194.7.25,0,0,0,0,0, 192.168.1.111,173.194.7.91,0,0,0,0,0, 192.168.1.111,172.217.12.174,TCP,1,0,259,0, 192.168.1.111,172.217.11.35,0,0,0,0,0, 192.168.1.111,172.217.11.3,0,0,0,0,0, 192.168.1.111,172.217.10.66,0,0,0,0,0, 192.168.1.111,172.217.11.45,0,0,0,0,0, 192.168.1.111,172.217.11.38,0,0,0,0,0, 192.168.1.111,172.217.11.22,0,0,0,0,0, 192.168.1.111,172.217.12.142,0,0,0,0,0, 192.168.1.111,172.217.20.67,0,0,0,0,0, 192.168.1.111,74.125.155.203,0,0,0,0,0, 192.168.1.111,172.217.135.41,0,0,0,0,0, 192.168.1.111,172.217.13.228,0,0,0,0,0, 192.168.1.111,172.217.9.225,0,0,0,0,0, 192.168.1.111,216.58.212.227,0,0,0,0,0, 192.168.1.111,172.217.10.118,0,0,0,0,0, 192.168.1.111,172.217.11.42,0,0,0,0,0, 192.168.1.111,172.217.6.227,0,0,0,0,0, 192.168.1.111,172.217.11.46,0,0,0,0,0, 192.168.1.111,172.217.11.51,0,0,0,0,0, 192.168.1.111,172.217.11.10,0,0,0,0,0, 192.168.1.111,172.217.17.99,0,0,0,0,0, 192.168.1.111,172.217.11.14,0,0,0,0,0, 192.168.1.111,23.206.126.144,0,0,0,0,0, 192.168.1.111,0.0.0.0,0,0,0,0,0,0,0,0,0,0,1526506635267,0.0,1479.681,0,0,0,0,0,0,0,0,0,0.0,0.0,-1
3.900000000000002,0,0,0,0, 192.168.1.111,173.194.7.25,0,0,0,0,0, 192.168.1.111,173.194.7.91,0,0,0,0,0, 192.168.1.111,172.217.12.174,0,0,0,0,0, 192.168.1.111,172.217.11.35,0,0,0,0,0, 192.168.1.111,172.217.11.3,0,0,0,0,0, 192.168.1.111,172.217.10.66,0,0,0,0,0, 192.168.1.111,172.217.11.45,0,0,0,0,0, 192.168.1.111,172.217.11.38,0,0,0,0,0, 192.168.1.111,172.217.11.22,0,0,0,0,0, 192.168.1.111,172.217.12.142,0,0,0,0,0, 192.168.1.111,172.217.20.67,0,0,0,0,0, 192.168.1.111,74.125.155.203,0,0,0,0,0, 192.168.1.111,172.217.135.41,0,0,0,0,0, 192.168.1.111,172.217.13.228,0,0,0,0,0, 192.168.1.111,172.217.9.225,0,0,0,0,0, 192.168.1.111,216.58.212.227,0,0,0,0,0, 192.168.1.111,172.217.10.118,0,0,0,0,0, 192.168.1.111,172.217.11.42,0,0,0,0,0, 192.168.1.111,172.217.6.227,0,0,0,0,0, 192.168.1.111,172.217.11.46,0,0,0,0,0, 192.168.1.111,172.217.11.51,0,0,0,0,0, 192.168.1.111,172.217.11.10,0,0,0,0,0, 192.168.1.111,172.217.17.99,0,0,0,0,0, 192.168.1.111,172.217.11.14,0,0,0,0,0, 192.168.1.111,23.206.126.144,0,0,0,0,0, 192.168.1.111,0.0.0.0,0,0,0,0,0,0,0,0,0,0,1526506635267,0.0,1479.681,0,0,0,0,0,0,0,0,0,0.0,0.0,-1
4.000000000000002,2,1,894,387, 192.168.1.111,173.194.7.25,0,0,0,0,0, 192.168.1.111,173.194.7.91,0,0,0,0,0, 192.168.1.111,172.217.12.174,0,0,0,0,0, 192.168.1.111,172.217.11.35,0,0,0,0,0, 192.168.1.111,172.217.11.3,0,0,0,0,0, 192.168.1.111,172.217.10.66,0,0,0,0,0, 192.168.1.111,172.217.11.45,TCP,1,1,78,387, 192.168.1.111,172.217.11.38,0,0,0,0,0, 192.168.1.111,172.217.11.22,0,0,0,0,0, 192.168.1.111,172.217.12.142,0,0,0,0,0, 192.168.1.111,172.217.20.67,0,0,0,0,0, 192.168.1.111,74.125.155.203,0,0,0,0,0, 192.168.1.111,172.217.135.41,0,0,0,0,0, 192.168.1.111,172.217.13.228,TCP,1,0,816,0, 192.168.1.111,172.217.9.225,0,0,0,0,0, 192.168.1.111,216.58.212.227,0,0,0,0,0, 192.168.1.111,172.217.10.118,0,0,0,0,0, 192.168.1.111,172.217.11.42,0,0,0,0,0, 192.168.1.111,172.217.6.227,0,0,0,0,0, 192.168.1.111,172.217.11.46,0,0,0,0,0, 192.168.1.111,172.217.11.51,0,0,0,0,0, 192.168.1.111,172.217.11.10,0,0,0,0,0, 192.168.1.111,172.217.17.99,0,0,0,0,0, 192.168.1.111,172.217.11.14,0,0,0,0,0, 192.168.1.111,23.206.126.144,0,0,0,0,0, 192.168.1.111,0.0.0.0,0,0,0,0,0,0,0,0,0,0,1526506635267,0.0,1479.681,0,0,0,0,0,0,0,0,0,0.0,0.0,-1
4.100000000000001,2,1,1470,98, 192.168.1.111,173.194.7.25,0,0,0,0,0, 192.168.1.111,173.194.7.91,0,0,0,0,0, 192.168.1.111,172.217.12.174,0,0,0,0,0, 192.168.1.111,172.217.11.35,0,0,0,0,0, 192.168.1.111,172.217.11.3,0,0,0,0,0, 192.168.1.111,172.217.10.66,QUIC,1,0,1392,0, 192.168.1.111,172.217.11.45,0,0,0,0,0, 192.168.1.111,172.217.11.38,0,0,0,0,0, 192.168.1.111,172.217.11.22,0,0,0,0,0, 192.168.1.111,172.217.12.142,0,0,0,0,0, 192.168.1.111,172.217.20.67,0,0,0,0,0, 192.168.1.111,74.125.155.203,0,0,0,0,0, 192.168.1.111,172.217.135.41,0,0,0,0,0, 192.168.1.111,172.217.13.228,0,0,0,0,0, 192.168.1.111,172.217.9.225,0,0,0,0,0, 192.168.1.111,216.58.212.227,0,0,0,0,0, 192.168.1.111,172.217.10.118,0,0,0,0,0, 192.168.1.111,172.217.11.42,0,0,0,0,0, 192.168.1.111,172.217.6.227,0,0,0,0,0, 192.168.1.111,172.217.11.46,0,0,0,0,0, 192.168.1.111,172.217.11.51,0,0,0,0,0, 192.168.1.111,172.217.11.10,0,0,0,0,0, 192.168.1.111,172.217.17.99,0,0,0,0,0, 192.168.1.111,172.217.11.14,0,0,0,0,0, 192.168.1.111,23.206.126.144,0,0,0,0,0, 192.168.1.111,0.0.0.0,0,1,0,78,0,0,0,0,0,0,1526506635267,0.0,1479.681,0,0,0,0,0,0,0,0,0,0.0,0.0,-1
4.200000000000001,1,0,1392,0, 192.168.1.111,173.194.7.25,0,0,0,0,0, 192.168.1.111,173.194.7.91,0,0,0,0,0, 192.168.1.111,172.217.12.174,0,0,0,0,0, 192.168.1.111,172.217.11.35,0,0,0,0,0, 192.168.1.111,172.217.11.3,0,0,0,0,0, 192.168.1.111,172.217.10.66,0,0,0,0,0, 192.168.1.111,172.217.11.45,0,0,0,0,0, 192.168.1.111,172.217.11.38,0,0,0,0,0, 192.168.1.111,172.217.11.22,0,0,0,0,0, 192.168.1.111,172.217.12.142,0,0,0,0,0, 192.168.1.111,172.217.20.67,0,0,0,0,0, 192.168.1.111,74.125.155.203,0,0,0,0,0, 192.168.1.111,172.217.135.41,QUIC,1,0,1392,0, 192.168.1.111,172.217.13.228,0,0,0,0,0, 192.168.1.111,172.217.9.225,0,0,0,0,0, 192.168.1.111,216.58.212.227,0,0,0,0,0, 192.168.1.111,172.217.10.118,0,0,0,0,0, 192.168.1.111,172.217.11.42,0,0,0,0,0, 192.168.1.111,172.217.6.227,0,0,0,0,0, 192.168.1.111,172.217.11.46,0,0,0,0,0, 192.168.1.111,172.217.11.51,0,0,0,0,0, 192.168.1.111,172.217.11.10,0,0,0,0,0, 192.168.1.111,172.217.17.99,0,0,0,0,0, 192.168.1.111,172.217.11.14,0,0,0,0,0, 192.168.1.111,23.206.126.144,0,0,0,0,0, 192.168.1.111,0.0.0.0,0,0,0,0,0,0,0,0,0,0,1526506635267,0.0,1479.681,0,0,0,0,0,0,0,0,0,0.0,0.0,-1
4.300000000000001,0,0,0,0, 192.168.1.111,173.194.7.25,0,0,0,0,0, 192.168.1.111,173.194.7.91,0,0,0,0,0, 192.168.1.111,172.217.12.174,0,0,0,0,0, 192.168.1.111,172.217.11.35,0,0,0,0,0, 192.168.1.111,172.217.11.3,0,0,0,0,0, 192.168.1.111,172.217.10.66,0,0,0,0,0, 192.168.1.111,172.217.11.45,0,0,0,0,0, 192.168.1.111,172.217.11.38,0,0,0,0,0, 192.168.1.111,172.217.11.22,0,0,0,0,0, 192.168.1.111,172.217.12.142,0,0,0,0,0, 192.168.1.111,172.217.20.67,0,0,0,0,0, 192.168.1.111,74.125.155.203,0,0,0,0,0, 192.168.1.111,172.217.135.41,0,0,0,0,0, 192.168.1.111,172.217.13.228,0,0,0,0,0, 192.168.1.111,172.217.9.225,0,0,0,0,0, 192.168.1.111,216.58.212.227,0,0,0,0,0, 192.168.1.111,172.217.10.118,0,0,0,0,0, 192.168.1.111,172.217.11.42,0,0,0,0,0, 192.168.1.111,172.217.6.227,0,0,0,0,0, 192.168.1.111,172.217.11.46,0,0,0,0,0, 192.168.1.111,172.217.11.51,0,0,0,0,0, 192.168.1.111,172.217.11.10,0,0,0,0,0, 192.168.1.111,172.217.17.99,0,0,0,0,0, 192.168.1.111,172.217.11.14,0,0,0,0,0, 192.168.1.111,23.206.126.144,0,0,0,0,0, 192.168.1.111,0.0.0.0,0,0,0,0,0,0,0,0,0,0,1526506635267,0.0,1479.681,0,0,0,0,0,0,0,0,0,0.0,0.0,-1
4.4,2,3,455,1476, 192.168.1.111,173.194.7.25,0,0,0,0,0, 192.168.1.111,173.194.7.91,0,0,0,0,0, 192.168.1.111,172.217.12.174,0,0,0,0,0, 192.168.1.111,172.217.11.35,QUIC,2,1,455,1392, 192.168.1.111,172.217.11.3,0,0,0,0,0, 192.168.1.111,172.217.10.66,0,0,0,0,0, 192.168.1.111,172.217.11.45,0,0,0,0,0, 192.168.1.111,172.217.11.38,0,0,0,0,0, 192.168.1.111,172.217.11.22,0,0,0,0,0, 192.168.1.111,172.217.12.142,0,0,0,0,0, 192.168.1.111,172.217.20.67,0,0,0,0,0, 192.168.1.111,74.125.155.203,0,0,0,0,0, 192.168.1.111,172.217.135.41,0,0,0,0,0, 192.168.1.111,172.217.13.228,0,0,0,0,0, 192.168.1.111,172.217.9.225,0,0,0,0,0, 192.168.1.111,216.58.212.227,0,0,0,0,0, 192.168.1.111,172.217.10.118,0,0,0,0,0, 192.168.1.111,172.217.11.42,0,0,0,0,0, 192.168.1.111,172.217.6.227,0,0,0,0,0, 192.168.1.111,172.217.11.46,0,0,0,0,0, 192.168.1.111,172.217.11.51,0,0,0,0,0, 192.168.1.111,172.217.11.10,0,0,0,0,0, 192.168.1.111,172.217.17.99,0,0,0,0,0, 192.168.1.111,172.217.11.14,0,0,0,0,0, 192.168.1.111,23.206.126.144,0,0,0,0,0, 192.168.1.111,0.0.0.0,0,0,0,0,0,0,0,0,0,0,1526506635267,0.0,1479.681,0,0,0,0,0,0,0,0,0,0.0,0.0,-1
4.5,1,0,1392,0, 192.168.1.111,173.194.7.25,0,0,0,0,0, 192.168.1.111,173.194.7.91,0,0,0,0,0, 192.168.1.111,172.217.12.174,0,0,0,0,0, 192.168.1.111,172.217.11.35,0,0,0,0,0, 192.168.1.111,172.217.11.3,0,0,0,0,0, 192.168.1.111,172.217.10.66,0,0,0,0,0, 192.168.1.111,172.217.11.45,0,0,0,0,0, 192.168.1.111,172.217.11.38,QUIC,1,0,1392,0, 192.168.1.111,172.217.11.22,0,0,0,0,0, 192.168.1.111,172.217.12.142,0,0,0,0,0, 192.168.1.111,172.217.20.67,0,0,0,0,0, 192.168.1.111,74.125.155.203,0,0,0,0,0, 192.168.1.111,172.217.135.41,0,0,0,0,0, 192.168.1.111,172.217.13.228,0,0,0,0,0, 192.168.1.111,172.217.9.225,0,0,0,0,0, 192.168.1.111,216.58.212.227,0,0,0,0,0, 192.168.1.111,172.217.10.118,0,0,0,0,0, 192.168.1.111,172.217.11.42,0,0,0,0,0, 192.168.1.111,172.217.6.227,0,0,0,0,0, 192.168.1.111,172.217.11.46,0,0,0,0,0, 192.168.1.111,172.217.11.51,0,0,0,0,0, 192.168.1.111,172.217.11.10,0,0,0,0,0, 192.168.1.111,172.217.17.99,0,0,0,0,0, 192.168.1.111,172.217.11.14,0,0,0,0,0, 192.168.1.111,23.206.126.144,0,0,0,0,0, 192.168.1.111,0.0.0.0,0,0,0,0,0,0,0,0,0,0,1526506635267,0.0,1479.681,0,0,0,0,0,0,0,0,0,0.0,0.0,-1
4.6,0,0,0,0, 192.168.1.111,173.194.7.25,0,0,0,0,0, 192.168.1.111,173.194.7.91,0,0,0,0,0, 192.168.1.111,172.217.12.174,0,0,0,0,0, 192.168.1.111,172.217.11.35,0,0,0,0,0, 192.168.1.111,172.217.11.3,0,0,0,0,0, 192.168.1.111,172.217.10.66,0,0,0,0,0, 192.168.1.111,172.217.11.45,0,0,0,0,0, 192.168.1.111,172.217.11.38,0,0,0,0,0, 192.168.1.111,172.217.11.22,0,0,0,0,0, 192.168.1.111,172.217.12.142,0,0,0,0,0, 192.168.1.111,172.217.20.67,0,0,0,0,0, 192.168.1.111,74.125.155.203,0,0,0,0,0, 192.168.1.111,172.217.135.41,0,0,0,0,0, 192.168.1.111,172.217.13.228,0,0,0,0,0, 192.168.1.111,172.217.9.225,0,0,0,0,0, 192.168.1.111,216.58.212.227,0,0,0,0,0, 192.168.1.111,172.217.10.118,0,0,0,0,0, 192.168.1.111,172.217.11.42,0,0,0,0,0, 192.168.1.111,172.217.6.227,0,0,0,0,0, 192.168.1.111,172.217.11.46,0,0,0,0,0, 192.168.1.111,172.217.11.51,0,0,0,0,0, 192.168.1.111,172.217.11.10,0,0,0,0,0, 192.168.1.111,172.217.17.99,0,0,0,0,0, 192.168.1.111,172.217.11.14,0,0,0,0,0, 192.168.1.111,23.206.126.144,0,0,0,0,0, 192.168.1.111,0.0.0.0,0,0,0,0,0,0,0,0,0,0,1526506635267,0.0,1479.681,0,0,0,0,0,0,0,0,0,0.0,0.0,-1
4.699999999999999,0,0,0,0, 192.168.1.111,173.194.7.25,0,0,0,0,0, 192.168.1.111,173.194.7.91,0,0,0,0,0, 192.168.1.111,172.217.12.174,0,0,0,0,0, 192.168.1.111,172.217.11.35,0,0,0,0,0, 192.168.1.111,172.217.11.3,0,0,0,0,0, 192.168.1.111,172.217.10.66,0,0,0,0,0, 192.168.1.111,172.217.11.45,0,0,0,0,0, 192.168.1.111,172.217.11.38,0,0,0,0,0, 192.168.1.111,172.217.11.22,0,0,0,0,0, 192.168.1.111,172.217.12.142,0,0,0,0,0, 192.168.1.111,172.217.20.67,0,0,0,0,0, 192.168.1.111,74.125.155.203,0,0,0,0,0, 192.168.1.111,172.217.135.41,0,0,0,0,0, 192.168.1.111,172.217.13.228,0,0,0,0,0, 192.168.1.111,172.217.9.225,0,0,0,0,0, 192.168.1.111,216.58.212.227,0,0,0,0,0, 192.168.1.111,172.217.10.118,0,0,0,0,0, 192.168.1.111,172.217.11.42,0,0,0,0,0, 192.168.1.111,172.217.6.227,0,0,0,0,0, 192.168.1.111,172.217.11.46,0,0,0,0,0, 192.168.1.111,172.217.11.51,0,0,0,0,0, 192.168.1.111,172.217.11.10,0,0,0,0,0, 192.168.1.111,172.217.17.99,0,0,0,0,0, 192.168.1.111,172.217.11.14,0,0,0,0,0, 192.168.1.111,23.206.126.144,0,0,0,0,0, 192.168.1.111,0.0.0.0,0,0,0,0,0,0,0,0,0,0,1526506635267,0.0,1479.681,0,0,0,0,0,0,0,0,0,0.0,0.0,-1
4.799999999999999,0,0,0,0, 192.168.1.111,173.194.7.25,0,0,0,0,0, 192.168.1.111,173.194.7.91,0,0,0,0,0, 192.168.1.111,172.217.12.174,0,0,0,0,0, 192.168.1.111,172.217.11.35,0,0,0,0,0, 192.168.1.111,172.217.11.3,0,0,0,0,0, 192.168.1.111,172.217.10.66,0,0,0,0,0, 192.168.1.111,172.217.11.45,0,0,0,0,0, 192.168.1.111,172.217.11.38,0,0,0,0,0, 192.168.1.111,172.217.11.22,0,0,0,0,0, 192.168.1.111,172.217.12.142,0,0,0,0,0, 192.168.1.111,172.217.20.67,0,0,0,0,0, 192.168.1.111,74.125.155.203,0,0,0,0,0, 192.168.1.111,172.217.135.41,0,0,0,0,0, 192.168.1.111,172.217.13.228,0,0,0,0,0, 192.168.1.111,172.217.9.225,0,0,0,0,0, 192.168.1.111,216.58.212.227,0,0,0,0,0, 192.168.1.111,172.217.10.118,0,0,0,0,0, 192.168.1.111,172.217.11.42,0,0,0,0,0, 192.168.1.111,172.217.6.227,0,0,0,0,0, 192.168.1.111,172.217.11.46,0,0,0,0,0, 192.168.1.111,172.217.11.51,0,0,0,0,0, 192.168.1.111,172.217.11.10,0,0,0,0,0, 192.168.1.111,172.217.17.99,0,0,0,0,0, 192.168.1.111,172.217.11.14,0,0,0,0,0, 192.168.1.111,23.206.126.144,0,0,0,0,0, 192.168.1.111,0.0.0.0,0,0,0,0,0,0,0,0,0,0,1526506635267,0.0,1479.681,0,0,0,0,0,0,0,0,0,0.0,0.0,-1
4.899999999999999,3,0,267,0, 192.168.1.111,173.194.7.25,0,0,0,0,0, 192.168.1.111,173.194.7.91,0,0,0,0,0, 192.168.1.111,172.217.12.174,0,0,0,0,0, 192.168.1.111,172.217.11.35,QUIC,1,0,81,0, 192.168.1.111,172.217.11.3,0,0,0,0,0, 192.168.1.111,172.217.10.66,0,0,0,0,0, 192.168.1.111,172.217.11.45,0,0,0,0,0, 192.168.1.111,172.217.11.38,0,0,0,0,0, 192.168.1.111,172.217.11.22,0,0,0,0,0, 192.168.1.111,172.217.12.142,0,0,0,0,0, 192.168.1.111,172.217.20.67,0,0,0,0,0, 192.168.1.111,74.125.155.203,0,0,0,0,0, 192.168.1.111,172.217.135.41,0,0,0,0,0, 192.168.1.111,172.217.13.228,0,0,0,0,0, 192.168.1.111,172.217.9.225,0,0,0,0,0, 192.168.1.111,216.58.212.227,0,0,0,0,0, 192.168.1.111,172.217.10.118,0,0,0,0,0, 192.168.1.111,172.217.11.42,0,0,0,0,0, 192.168.1.111,172.217.6.227,0,0,0,0,0, 192.168.1.111,172.217.11.46,0,0,0,0,0, 192.168.1.111,172.217.11.51,0,0,0,0,0, 192.168.1.111,172.217.11.10,0,0,0,0,0, 192.168.1.111,172.217.17.99,0,0,0,0,0, 192.168.1.111,172.217.11.14,0,0,0,0,0, 192.168.1.111,23.206.126.144,0,0,0,0,0, 192.168.1.111,0.0.0.0,0,2,0,186,0,0,0,0,0,0,1526506635267,0.0,1479.681,0,0,0,0,0,0,0,0,0,0.0,0.0,-1
4.999999999999998,2,0,2208,0, 192.168.1.111,173.194.7.25,0,0,0,0,0, 192.168.1.111,173.194.7.91,0,0,0,0,0, 192.168.1.111,172.217.12.174,0,0,0,0,0, 192.168.1.111,172.217.11.35,0,0,0,0,0, 192.168.1.111,172.217.11.3,0,0,0,0,0, 192.168.1.111,172.217.10.66,0,0,0,0,0, 192.168.1.111,172.217.11.45,QUIC,1,0,1392,0, 192.168.1.111,172.217.11.38,0,0,0,0,0, 192.168.1.111,172.217.11.22,0,0,0,0,0, 192.168.1.111,172.217.12.142,0,0,0,0,0, 192.168.1.111,172.217.20.67,0,0,0,0,0, 192.168.1.111,74.125.155.203,0,0,0,0,0, 192.168.1.111,172.217.135.41,0,0,0,0,0, 192.168.1.111,172.217.13.228,TCP,1,0,816,0, 192.168.1.111,172.217.9.225,0,0,0,0,0, 192.168.1.111,216.58.212.227,0,0,0,0,0, 192.168.1.111,172.217.10.118,0,0,0,0,0, 192.168.1.111,172.217.11.42,0,0,0,0,0, 192.168.1.111,172.217.6.227,0,0,0,0,0, 192.168.1.111,172.217.11.46,0,0,0,0,0, 192.168.1.111,172.217.11.51,0,0,0,0,0, 192.168.1.111,172.217.11.10,0,0,0,0,0, 192.168.1.111,172.217.17.99,0,0,0,0,0, 192.168.1.111,172.217.11.14,0,0,0,0,0, 192.168.1.111,23.206.126.144,0,0,0,0,0, 192.168.1.111,0.0.0.0,0,0,0,0,0,0,0,0,0,0,1526506635267,0.0,1479.681,0,0,0,0,0,0,0,0,0,0.0,0.0,-1
5.099999999999998,0,0,0,0, 192.168.1.111,173.194.7.25,0,0,0,0,0, 192.168.1.111,173.194.7.91,0,0,0,0,0, 192.168.1.111,172.217.12.174,0,0,0,0,0, 192.168.1.111,172.217.11.35,0,0,0,0,0, 192.168.1.111,172.217.11.3,0,0,0,0,0, 192.168.1.111,172.217.10.66,0,0,0,0,0, 192.168.1.111,172.217.11.45,0,0,0,0,0, 192.168.1.111,172.217.11.38,0,0,0,0,0, 192.168.1.111,172.217.11.22,0,0,0,0,0, 192.168.1.111,172.217.12.142,0,0,0,0,0, 192.168.1.111,172.217.20.67,0,0,0,0,0, 192.168.1.111,74.125.155.203,0,0,0,0,0, 192.168.1.111,172.217.135.41,0,0,0,0,0, 192.168.1.111,172.217.13.228,0,0,0,0,0, 192.168.1.111,172.217.9.225,0,0,0,0,0, 192.168.1.111,216.58.212.227,0,0,0,0,0, 192.168.1.111,172.217.10.118,0,0,0,0,0, 192.168.1.111,172.217.11.42,0,0,0,0,0, 192.168.1.111,172.217.6.227,0,0,0,0,0, 192.168.1.111,172.217.11.46,0,0,0,0,0, 192.168.1.111,172.217.11.51,0,0,0,0,0, 192.168.1.111,172.217.11.10,0,0,0,0,0, 192.168.1.111,172.217.17.99,0,0,0,0,0, 192.168.1.111,172.217.11.14,0,0,0,0,0, 192.168.1.111,23.206.126.144,0,0,0,0,0, 192.168.1.111,0.0.0.0,0,0,0,0,0,0,0,0,0,0,1526506635267,0.0,1479.681,0,0,0,0,0,0,0,0,0,0.0,0.0,-1
5.1999999999999975,0,0,0,0, 192.168.1.111,173.194.7.25,0,0,0,0,0, 192.168.1.111,173.194.7.91,0,0,0,0,0, 192.168.1.111,172.217.12.174,0,0,0,0,0, 192.168.1.111,172.217.11.35,0,0,0,0,0, 192.168.1.111,172.217.11.3,0,0,0,0,0, 192.168.1.111,172.217.10.66,0,0,0,0,0, 192.168.1.111,172.217.11.45,0,0,0,0,0, 192.168.1.111,172.217.11.38,0,0,0,0,0, 192.168.1.111,172.217.11.22,0,0,0,0,0, 192.168.1.111,172.217.12.142,0,0,0,0,0, 192.168.1.111,172.217.20.67,0,0,0,0,0, 192.168.1.111,74.125.155.203,0,0,0,0,0, 192.168.1.111,172.217.135.41,0,0,0,0,0, 192.168.1.111,172.217.13.228,0,0,0,0,0, 192.168.1.111,172.217.9.225,0,0,0,0,0, 192.168.1.111,216.58.212.227,0,0,0,0,0, 192.168.1.111,172.217.10.118,0,0,0,0,0, 192.168.1.111,172.217.11.42,0,0,0,0,0, 192.168.1.111,172.217.6.227,0,0,0,0,0, 192.168.1.111,172.217.11.46,0,0,0,0,0, 192.168.1.111,172.217.11.51,0,0,0,0,0, 192.168.1.111,172.217.11.10,0,0,0,0,0, 192.168.1.111,172.217.17.99,0,0,0,0,0, 192.168.1.111,172.217.11.14,0,0,0,0,0, 192.168.1.111,23.206.126.144,0,0,0,0,0, 192.168.1.111,0.0.0.0,0,0,0,0,0,0,0,0,0,0,1526506635267,0.0,1479.681,0,0,0,0,0,0,0,0,0,0.0,0.0,-1
5.299999999999997,0,0,0,0, 192.168.1.111,173.194.7.25,0,0,0,0,0, 192.168.1.111,173.194.7.91,0,0,0,0,0, 192.168.1.111,172.217.12.174,0,0,0,0,0, 192.168.1.111,172.217.11.35,0,0,0,0,0, 192.168.1.111,172.217.11.3,0,0,0,0,0, 192.168.1.111,172.217.10.66,0,0,0,0,0, 192.168.1.111,172.217.11.45,0,0,0,0,0, 192.168.1.111,172.217.11.38,0,0,0,0,0, 192.168.1.111,172.217.11.22,0,0,0,0,0, 192.168.1.111,172.217.12.142,0,0,0,0,0, 192.168.1.111,172.217.20.67,0,0,0,0,0, 192.168.1.111,74.125.155.203,0,0,0,0,0, 192.168.1.111,172.217.135.41,0,0,0,0,0, 192.168.1.111,172.217.13.228,0,0,0,0,0, 192.168.1.111,172.217.9.225,0,0,0,0,0, 192.168.1.111,216.58.212.227,0,0,0,0,0, 192.168.1.111,172.217.10.118,0,0,0,0,0, 192.168.1.111,172.217.11.42,0,0,0,0,0, 192.168.1.111,172.217.6.227,0,0,0,0,0, 192.168.1.111,172.217.11.46,0,0,0,0,0, 192.168.1.111,172.217.11.51,0,0,0,0,0, 192.168.1.111,172.217.11.10,0,0,0,0,0, 192.168.1.111,172.217.17.99,0,0,0,0,0, 192.168.1.111,172.217.11.14,0,0,0,0,0, 192.168.1.111,23.206.126.144,0,0,0,0,0, 192.168.1.111,0.0.0.0,0,0,0,0,0,0,0,0,0,0,1526506635267,0.0,1479.681,0,0,0,0,0,0,0,0,0,0.0,0.0,-1
5.399999999999997,4,3,4254,634, 192.168.1.111,173.194.7.25,0,0,0,0,0, 192.168.1.111,173.194.7.91,0,0,0,0,0, 192.168.1.111,172.217.12.174,0,0,0,0,0, 192.168.1.111,172.217.11.35,QUIC,1,0,1392,0, 192.168.1.111,172.217.11.3,0,0,0,0,0, 192.168.1.111,172.217.10.66,0,0,0,0,0, 192.168.1.111,172.217.11.45,TCP,1,1,78,387, 192.168.1.111,172.217.11.38,0,0,0,0,0, 192.168.1.111,172.217.11.22,0,0,0,0,0, 192.168.1.111,172.217.12.142,0,0,0,0,0, 192.168.1.111,172.217.20.67,0,0,0,0,0, 192.168.1.111,74.125.155.203,QUIC,1,0,1392,0, 192.168.1.111,172.217.135.41,0,0,0,0,0, 192.168.1.111,172.217.13.228,0,0,0,0,0, 192.168.1.111,172.217.9.225,QUIC,1,0,1392,0, 192.168.1.111,216.58.212.227,0,0,0,0,0, 192.168.1.111,172.217.10.118,0,0,0,0,0, 192.168.1.111,172.217.11.42,0,0,0,0,0, 192.168.1.111,172.217.6.227,0,0,0,0,0, 192.168.1.111,172.217.11.46,0,0,0,0,0, 192.168.1.111,172.217.11.51,0,0,0,0,0, 192.168.1.111,172.217.11.10,0,0,0,0,0, 192.168.1.111,172.217.17.99,0,0,0,0,0, 192.168.1.111,172.217.11.14,0,0,0,0,0, 192.168.1.111,23.206.126.144,0,0,0,0,0, 192.168.1.111,0.0.0.0,0,0,2,0,247,0,0,0,0,0,1526506635267,0.0,1479.681,0,0,0,0,0,0,0,0,0,0.0,0.0,-1
5.4999999999999964,1,0,1392,0, 192.168.1.111,173.194.7.25,0,0,0,0,0, 192.168.1.111,173.194.7.91,0,0,0,0,0, 192.168.1.111,172.217.12.174,0,0,0,0,0, 192.168.1.111,172.217.11.35,0,0,0,0,0, 192.168.1.111,172.217.11.3,0,0,0,0,0, 192.168.1.111,172.217.10.66,0,0,0,0,0, 192.168.1.111,172.217.11.45,0,0,0,0,0, 192.168.1.111,172.217.11.38,0,0,0,0,0, 192.168.1.111,172.217.11.22,0,0,0,0,0, 192.168.1.111,172.217.12.142,0,0,0,0,0, 192.168.1.111,172.217.20.67,0,0,0,0,0, 192.168.1.111,74.125.155.203,0,0,0,0,0, 192.168.1.111,172.217.135.41,0,0,0,0,0, 192.168.1.111,172.217.13.228,0,0,0,0,0, 192.168.1.111,172.217.9.225,QUIC,1,0,1392,0, 192.168.1.111,216.58.212.227,0,0,0,0,0, 192.168.1.111,172.217.10.118,0,0,0,0,0, 192.168.1.111,172.217.11.42,0,0,0,0,0, 192.168.1.111,172.217.6.227,0,0,0,0,0, 192.168.1.111,172.217.11.46,0,0,0,0,0, 192.168.1.111,172.217.11.51,0,0,0,0,0, 192.168.1.111,172.217.11.10,0,0,0,0,0, 192.168.1.111,172.217.17.99,0,0,0,0,0, 192.168.1.111,172.217.11.14,0,0,0,0,0, 192.168.1.111,23.206.126.144,0,0,0,0,0, 192.168.1.111,0.0.0.0,0,0,0,0,0,0,0,0,0,0,1526506635267,0.0,1479.681,0,0,0,0,0,0,0,0,0,0.0,0.0,-1
5.599999999999996,5,0,3030,0, 192.168.1.111,173.194.7.25,0,0,0,0,0, 192.168.1.111,173.194.7.91,0,0,0,0,0, 192.168.1.111,172.217.12.174,0,0,0,0,0, 192.168.1.111,172.217.11.35,0,0,0,0,0, 192.168.1.111,172.217.11.3,0,0,0,0,0, 192.168.1.111,172.217.10.66,0,0,0,0,0, 192.168.1.111,172.217.11.45,0,0,0,0,0, 192.168.1.111,172.217.11.38,0,0,0,0,0, 192.168.1.111,172.217.11.22,0,0,0,0,0, 192.168.1.111,172.217.12.142,0,0,0,0,0, 192.168.1.111,172.217.20.67,0,0,0,0,0, 192.168.1.111,74.125.155.203,QUIC,1,0,1392,0, 192.168.1.111,172.217.135.41,0,0,0,0,0, 192.168.1.111,172.217.13.228,0,0,0,0,0, 192.168.1.111,172.217.9.225,QUIC,1,0,1392,0, 192.168.1.111,216.58.212.227,0,0,0,0,0, 192.168.1.111,172.217.10.118,0,0,0,0,0, 192.168.1.111,172.217.11.42,0,0,0,0,0, 192.168.1.111,172.217.6.227,0,0,0,0,0, 192.168.1.111,172.217.11.46,0,0,0,0,0, 192.168.1.111,172.217.11.51,0,0,0,0,0, 192.168.1.111,172.217.11.10,0,0,0,0,0, 192.168.1.111,172.217.17.99,0,0,0,0,0, 192.168.1.111,172.217.11.14,0,0,0,0,0, 192.168.1.111,23.206.126.144,0,0,0,0,0, 192.168.1.111,0.0.0.0,0,3,0,246,0,0,0,0,0,0,1526506635267,0.0,1479.681,0,0,0,0,0,0,0,0,0,0.0,0.0,-1
5.699999999999996,3,0,2901,0, 192.168.1.111,173.194.7.25,0,0,0,0,0, 192.168.1.111,173.194.7.91,0,0,0,0,0, 192.168.1.111,172.217.12.174,0,0,0,0,0, 192.168.1.111,172.217.11.35,0,0,0,0,0, 192.168.1.111,172.217.11.3,0,0,0,0,0, 192.168.1.111,172.217.10.66,QUIC,1,0,1392,0, 192.168.1.111,172.217.11.45,QUIC,2,0,1509,0, 192.168.1.111,172.217.11.38,0,0,0,0,0, 192.168.1.111,172.217.11.22,0,0,0,0,0, 192.168.1.111,172.217.12.142,0,0,0,0,0, 192.168.1.111,172.217.20.67,0,0,0,0,0, 192.168.1.111,74.125.155.203,0,0,0,0,0, 192.168.1.111,172.217.135.41,0,0,0,0,0, 192.168.1.111,172.217.13.228,0,0,0,0,0, 192.168.1.111,172.217.9.225,0,0,0,0,0, 192.168.1.111,216.58.212.227,0,0,0,0,0, 192.168.1.111,172.217.10.118,0,0,0,0,0, 192.168.1.111,172.217.11.42,0,0,0,0,0, 192.168.1.111,172.217.6.227,0,0,0,0,0, 192.168.1.111,172.217.11.46,0,0,0,0,0, 192.168.1.111,172.217.11.51,0,0,0,0,0, 192.168.1.111,172.217.11.10,0,0,0,0,0, 192.168.1.111,172.217.17.99,0,0,0,0,0, 192.168.1.111,172.217.11.14,0,0,0,0,0, 192.168.1.111,23.206.126.144,0,0,0,0,0, 192.168.1.111,0.0.0.0,0,0,0,0,0,0,0,0,0,0,1526506635267,0.0,1479.681,0,0,0,0,0,0,0,0,0,0.0,0.0,-1
5.799999999999995,2,1,329,134, 192.168.1.111,173.194.7.25,0,0,0,0,0, 192.168.1.111,173.194.7.91,0,0,0,0,0, 192.168.1.111,172.217.12.174,TCP,1,0,259,0, 192.168.1.111,172.217.11.35,0,0,0,0,0, 192.168.1.111,172.217.11.3,0,0,0,0,0, 192.168.1.111,172.217.10.66,0,0,0,0,0, 192.168.1.111,172.217.11.45,0,0,0,0,0, 192.168.1.111,172.217.11.38,0,0,0,0,0, 192.168.1.111,172.217.11.22,0,0,0,0,0, 192.168.1.111,172.217.12.142,0,0,0,0,0, 192.168.1.111,172.217.20.67,0,0,0,0,0, 192.168.1.111,74.125.155.203,0,0,0,0,0, 192.168.1.111,172.217.135.41,0,0,0,0,0, 192.168.1.111,172.217.13.228,0,0,0,0,0, 192.168.1.111,172.217.9.225,0,0,0,0,0, 192.168.1.111,216.58.212.227,0,0,0,0,0, 192.168.1.111,172.217.10.118,0,0,0,0,0, 192.168.1.111,172.217.11.42,0,0,0,0,0, 192.168.1.111,172.217.6.227,0,0,0,0,0, 192.168.1.111,172.217.11.46,0,0,0,0,0, 192.168.1.111,172.217.11.51,0,0,0,0,0, 192.168.1.111,172.217.11.10,0,0,0,0,0, 192.168.1.111,172.217.17.99,0,0,0,0,0, 192.168.1.111,172.217.11.14,0,0,0,0,0, 192.168.1.111,23.206.126.144,0,0,0,0,0, 192.168.1.111,0.0.0.0,0,1,1,70,134,0,0,0,0,0,1526506635267,0.0,1479.681,0,0,0,0,0,0,0,0,0,0.0,0.0,-1
5.899999999999995,8,0,4686,0, 192.168.1.111,173.194.7.25,0,0,0,0,0, 192.168.1.111,173.194.7.91,0,0,0,0,0, 192.168.1.111,172.217.12.174,0,0,0,0,0, 192.168.1.111,172.217.11.35,QUIC,1,0,102,0, 192.168.1.111,172.217.11.3,0,0,0,0,0, 192.168.1.111,172.217.10.66,QUIC,2,0,204,0, 192.168.1.111,172.217.11.45,QUIC,1,0,1392,0, 192.168.1.111,172.217.11.38,QUIC,1,0,102,0, 192.168.1.111,172.217.11.22,0,0,0,0,0, 192.168.1.111,172.217.12.142,0,0,0,0,0, 192.168.1.111,172.217.20.67,0,0,0,0,0, 192.168.1.111,74.125.155.203,QUIC,1,0,1392,0, 192.168.1.111,172.217.135.41,QUIC,1,0,102,0, 192.168.1.111,172.217.13.228,0,0,0,0,0, 192.168.1.111,172.217.9.225,QUIC,1,0,1392,0, 192.168.1.111,216.58.212.227,0,0,0,0,0, 192.168.1.111,172.217.10.118,0,0,0,0,0, 192.168.1.111,172.217.11.42,0,0,0,0,0, 192.168.1.111,172.217.6.227,0,0,0,0,0, 192.168.1.111,172.217.11.46,0,0,0,0,0, 192.168.1.111,172.217.11.51,0,0,0,0,0, 192.168.1.111,172.217.11.10,0,0,0,0,0, 192.168.1.111,172.217.17.99,0,0,0,0,0, 192.168.1.111,172.217.11.14,0,0,0,0,0, 192.168.1.111,23.206.126.144,0,0,0,0,0, 192.168.1.111,0.0.0.0,0,0,0,0,0,0,0,0,0,0,1526506635267,0.0,1479.681,0,0,0,0,0,0,0,0,0,0.0,0.0,-1
5.999999999999995,53,50,5011,40654, 192.168.1.111,173.194.7.25,0,0,0,0,0, 192.168.1.111,173.194.7.91,0,0,0,0,0, 192.168.1.111,172.217.12.174,TCP,2,3,132,1854, 192.168.1.111,172.217.11.35,TLSv1.2,10,10,740,5531, 192.168.1.111,172.217.11.3,0,0,0,0,0, 192.168.1.111,172.217.10.66,172.217.10.66,12,12,840,11421, 192.168.1.111,172.217.11.45,172.217.11.45,11,7,2039,5859, 192.168.1.111,172.217.11.38,172.217.11.38,5,5,350,3015, 192.168.1.111,172.217.11.22,0,0,0,0,0, 192.168.1.111,172.217.12.142,0,0,0,0,0, 192.168.1.111,172.217.20.67,0,0,0,0,0, 192.168.1.111,74.125.155.203,0,0,0,0,0, 192.168.1.111,172.217.135.41,172.217.135.41,11,11,770,12685, 192.168.1.111,172.217.13.228,0,0,0,0,0, 192.168.1.111,172.217.9.225,0,0,0,0,0, 192.168.1.111,216.58.212.227,0,0,0,0,0, 192.168.1.111,172.217.10.118,0,0,0,0,0, 192.168.1.111,172.217.11.42,0,0,0,0,0, 192.168.1.111,172.217.6.227,0,0,0,0,0, 192.168.1.111,172.217.11.46,0,0,0,0,0, 192.168.1.111,172.217.11.51,0,0,0,0,0, 192.168.1.111,172.217.11.10,0,0,0,0,0, 192.168.1.111,172.217.17.99,0,0,0,0,0, 192.168.1.111,172.217.11.14,0,0,0,0,0, 192.168.1.111,23.206.126.144,0,0,0,0,0, 192.168.1.111,0.0.0.0,0,2,2,140,289,0,0,0,0,0,1526506635267,0.0,1479.681,0,0,0,0,0,0,0,0,0,0.0,0.0,-1
6.099999999999994,42,52,2989,43680, 192.168.1.111,173.194.7.25,0,0,0,0,0, 192.168.1.111,173.194.7.91,0,0,0,0,0, 192.168.1.111,172.217.12.174,TLSv1.2,8,13,567,15046, 192.168.1.111,172.217.11.35,172.217.11.35,6,10,420,6037, 192.168.1.111,172.217.11.3,0,0,0,0,0, 192.168.1.111,172.217.10.66,172.217.10.66,9,9,630,8573, 192.168.1.111,172.217.11.45,172.217.11.45,2,2,140,2784, 192.168.1.111,172.217.11.38,172.217.11.38,6,6,420,5722, 192.168.1.111,172.217.11.22,0,0,0,0,0, 192.168.1.111,172.217.12.142,0,0,0,0,0, 192.168.1.111,172.217.20.67,0,0,0,0,0, 192.168.1.111,74.125.155.203,0,0,0,0,0, 192.168.1.111,172.217.135.41,172.217.135.41,4,4,280,4256, 192.168.1.111,172.217.13.228,TLSv1.2,7,8,532,1262, 192.168.1.111,172.217.9.225,0,0,0,0,0, 192.168.1.111,216.58.212.227,0,0,0,0,0, 192.168.1.111,172.217.10.118,0,0,0,0,0, 192.168.1.111,172.217.11.42,0,0,0,0,0, 192.168.1.111,172.217.6.227,0,0,0,0,0, 192.168.1.111,172.217.11.46,0,0,0,0,0, 192.168.1.111,172.217.11.51,0,0,0,0,0, 192.168.1.111,172.217.11.10,0,0,0,0,0, 192.168.1.111,172.217.17.99,0,0,0,0,0, 192.168.1.111,172.217.11.14,0,0,0,0,0, 192.168.1.111,23.206.126.144,0,0,0,0,0, 192.168.1.111,0.0.0.0,0,0,0,0,0,0,0,0,0,0,1526506635267,0.0,1479.681,0,0,0,0,0,0,0,0,0,0.0,0.0,-1
6.199999999999994,2,0,2784,0, 192.168.1.111,173.194.7.25,0,0,0,0,0, 192.168.1.111,173.194.7.91,0,0,0,0,0, 192.168.1.111,172.217.12.174,0,0,0,0,0, 192.168.1.111,172.217.11.35,0,0,0,0,0, 192.168.1.111,172.217.11.3,0,0,0,0,0, 192.168.1.111,172.217.10.66,0,0,0,0,0, 192.168.1.111,172.217.11.45,QUIC,1,0,1392,0, 192.168.1.111,172.217.11.38,QUIC,1,0,1392,0, 192.168.1.111,172.217.11.22,0,0,0,0,0, 192.168.1.111,172.217.12.142,0,0,0,0,0, 192.168.1.111,172.217.20.67,0,0,0,0,0, 192.168.1.111,74.125.155.203,0,0,0,0,0, 192.168.1.111,172.217.135.41,0,0,0,0,0, 192.168.1.111,172.217.13.228,0,0,0,0,0, 192.168.1.111,172.217.9.225,0,0,0,0,0, 192.168.1.111,216.58.212.227,0,0,0,0,0, 192.168.1.111,172.217.10.118,0,0,0,0,0, 192.168.1.111,172.217.11.42,0,0,0,0,0, 192.168.1.111,172.217.6.227,0,0,0,0,0, 192.168.1.111,172.217.11.46,0,0,0,0,0, 192.168.1.111,172.217.11.51,0,0,0,0,0, 192.168.1.111,172.217.11.10,0,0,0,0,0, 192.168.1.111,172.217.17.99,0,0,0,0,0, 192.168.1.111,172.217.11.14,0,0,0,0,0, 192.168.1.111,23.206.126.144,0,0,0,0,0, 192.168.1.111,0.0.0.0,0,0,0,0,0,0,0,0,0,0,1526506635267,0.0,1479.681,0,0,0,0,0,0,0,0,0,0.0,0.0,-1
6.299999999999994,4,4,1638,549, 192.168.1.111,173.194.7.25,0,0,0,0,0, 192.168.1.111,173.194.7.91,0,0,0,0,0, 192.168.1.111,172.217.12.174,0,0,0,0,0, 192.168.1.111,172.217.11.35,0,0,0,0,0, 192.168.1.111,172.217.11.3,0,0,0,0,0, 192.168.1.111,172.217.10.66,QUIC,1,0,1392,0, 192.168.1.111,172.217.11.45,0,0,0,0,0, 192.168.1.111,172.217.11.38,0,0,0,0,0, 192.168.1.111,172.217.11.22,0,0,0,0,0, 192.168.1.111,172.217.12.142,0,0,0,0,0, 192.168.1.111,172.217.20.67,0,0,0,0,0, 192.168.1.111,74.125.155.203,0,0,0,0,0, 192.168.1.111,172.217.135.41,0,0,0,0,0, 192.168.1.111,172.217.13.228,0,0,0,0,0, 192.168.1.111,172.217.9.225,0,0,0,0,0, 192.168.1.111,216.58.212.227,0,0,0,0,0, 192.168.1.111,172.217.10.118,0,0,0,0,0, 192.168.1.111,172.217.11.42,0,0,0,0,0, 192.168.1.111,172.217.6.227,0,0,0,0,0, 192.168.1.111,172.217.11.46,0,0,0,0,0, 192.168.1.111,172.217.11.51,0,0,0,0,0, 192.168.1.111,172.217.11.10,0,0,0,0,0, 192.168.1.111,172.217.17.99,0,0,0,0,0, 192.168.1.111,172.217.11.14,0,0,0,0,0, 192.168.1.111,23.206.126.144,0,0,0,0,0, 192.168.1.111,0.0.0.0,0,3,4,246,549,0,0,0,0,0,1526506635267,0.0,1479.681,0,0,0,0,0,0,0,0,0,0.0,0.0,-1
6.399999999999993,17,21,6593,21901, 192.168.1.111,173.194.7.25,0,0,0,0,0, 192.168.1.111,173.194.7.91,0,0,0,0,0, 192.168.1.111,172.217.12.174,0,0,0,0,0, 192.168.1.111,172.217.11.35,172.217.11.35,3,3,218,3244, 192.168.1.111,172.217.11.3,0,0,0,0,0, 192.168.1.111,172.217.10.66,172.217.10.66,3,2,1532,2784, 192.168.1.111,172.217.11.45,172.217.11.45,1,1,70,1392, 192.168.1.111,172.217.11.38,172.217.11.38,3,2,1532,2784, 192.168.1.111,172.217.11.22,0,0,0,0,0, 192.168.1.111,172.217.12.142,0,0,0,0,0, 192.168.1.111,172.217.20.67,0,0,0,0,0, 192.168.1.111,74.125.155.203,QUIC,3,7,1552,8432, 192.168.1.111,172.217.135.41,0,0,0,0,0, 192.168.1.111,172.217.13.228,TCP,2,1,214,128, 192.168.1.111,172.217.9.225,QUIC,2,3,1475,2864, 192.168.1.111,216.58.212.227,0,0,0,0,0, 192.168.1.111,172.217.10.118,0,0,0,0,0, 192.168.1.111,172.217.11.42,0,0,0,0,0, 192.168.1.111,172.217.6.227,0,0,0,0,0, 192.168.1.111,172.217.11.46,0,0,0,0,0, 192.168.1.111,172.217.11.51,0,0,0,0,0, 192.168.1.111,172.217.11.10,0,0,0,0,0, 192.168.1.111,172.217.17.99,0,0,0,0,0, 192.168.1.111,172.217.11.14,0,0,0,0,0, 192.168.1.111,23.206.126.144,0,0,0,0,0, 192.168.1.111,0.0.0.0,0,0,2,0,273,0,0,0,0,0,1526506635267,0.0,1479.681,0,0,0,0,0,0,0,0,0,0.0,0.0,-1
6.499999999999993,2,0,155,0, 192.168.1.111,173.194.7.25,0,0,0,0,0, 192.168.1.111,173.194.7.91,0,0,0,0,0, 192.168.1.111,172.217.12.174,0,0,0,0,0, 192.168.1.111,172.217.11.35,0,0,0,0,0, 192.168.1.111,172.217.11.3,0,0,0,0,0, 192.168.1.111,172.217.10.66,0,0,0,0,0, 192.168.1.111,172.217.11.45,0,0,0,0,0, 192.168.1.111,172.217.11.38,TCP,1,0,78,0, 192.168.1.111,172.217.11.22,0,0,0,0,0, 192.168.1.111,172.217.12.142,0,0,0,0,0, 192.168.1.111,172.217.20.67,0,0,0,0,0, 192.168.1.111,74.125.155.203,QUIC,1,0,77,0, 192.168.1.111,172.217.135.41,0,0,0,0,0, 192.168.1.111,172.217.13.228,0,0,0,0,0, 192.168.1.111,172.217.9.225,0,0,0,0,0, 192.168.1.111,216.58.212.227,0,0,0,0,0, 192.168.1.111,172.217.10.118,0,0,0,0,0, 192.168.1.111,172.217.11.42,0,0,0,0,0, 192.168.1.111,172.217.6.227,0,0,0,0,0, 192.168.1.111,172.217.11.46,0,0,0,0,0, 192.168.1.111,172.217.11.51,0,0,0,0,0, 192.168.1.111,172.217.11.10,0,0,0,0,0, 192.168.1.111,172.217.17.99,0,0,0,0,0, 192.168.1.111,172.217.11.14,0,0,0,0,0, 192.168.1.111,23.206.126.144,0,0,0,0,0, 192.168.1.111,0.0.0.0,0,0,0,0,0,0,0,0,0,0,1526506635267,0.0,1479.681,0,0,0,0,0,0,0,0,0,0.0,0.0,-1
6.5999999999999925,1,0,78,0, 192.168.1.111,173.194.7.25,0,0,0,0,0, 192.168.1.111,173.194.7.91,0,0,0,0,0, 192.168.1.111,172.217.12.174,0,0,0,0,0, 192.168.1.111,172.217.11.35,0,0,0,0,0, 192.168.1.111,172.217.11.3,0,0,0,0,0, 192.168.1.111,172.217.10.66,TCP,1,0,78,0, 192.168.1.111,172.217.11.45,0,0,0,0,0, 192.168.1.111,172.217.11.38,0,0,0,0,0, 192.168.1.111,172.217.11.22,0,0,0,0,0, 192.168.1.111,172.217.12.142,0,0,0,0,0, 192.168.1.111,172.217.20.67,0,0,0,0,0, 192.168.1.111,74.125.155.203,0,0,0,0,0, 192.168.1.111,172.217.135.41,0,0,0,0,0, 192.168.1.111,172.217.13.228,0,0,0,0,0, 192.168.1.111,172.217.9.225,0,0,0,0,0, 192.168.1.111,216.58.212.227,0,0,0,0,0, 192.168.1.111,172.217.10.118,0,0,0,0,0, 192.168.1.111,172.217.11.42,0,0,0,0,0, 192.168.1.111,172.217.6.227,0,0,0,0,0, 192.168.1.111,172.217.11.46,0,0,0,0,0, 192.168.1.111,172.217.11.51,0,0,0,0,0, 192.168.1.111,172.217.11.10,0,0,0,0,0, 192.168.1.111,172.217.17.99,0,0,0,0,0, 192.168.1.111,172.217.11.14,0,0,0,0,0, 192.168.1.111,23.206.126.144,0,0,0,0,0, 192.168.1.111,0.0.0.0,0,0,0,0,0,0,0,0,0,0,1526506635267,0.0,1479.681,0,0,0,0,0,0,0,0,0,0.0,0.0,-1
6.699999999999992,10,13,3382,15681, 192.168.1.111,173.194.7.25,0,0,0,0,0, 192.168.1.111,173.194.7.91,0,0,0,0,0, 192.168.1.111,172.217.12.174,TCP,1,1,78,304, 192.168.1.111,172.217.11.35,0,0,0,0,0, 192.168.1.111,172.217.11.3,0,0,0,0,0, 192.168.1.111,172.217.10.66,172.217.10.66,2,1,1462,1379, 192.168.1.111,172.217.11.45,0,0,0,0,0, 192.168.1.111,172.217.11.38,QUIC,1,0,1392,0, 192.168.1.111,172.217.11.22,0,0,0,0,0, 192.168.1.111,172.217.12.142,0,0,0,0,0, 192.168.1.111,172.217.20.67,0,0,0,0,0, 192.168.1.111,74.125.155.203,QUIC,1,3,80,4176, 192.168.1.111,172.217.135.41,172.217.135.41,3,3,210,4176, 192.168.1.111,172.217.13.228,TCP,0,1,0,78, 192.168.1.111,172.217.9.225,QUIC,2,4,160,5568, 192.168.1.111,216.58.212.227,0,0,0,0,0, 192.168.1.111,172.217.10.118,0,0,0,0,0, 192.168.1.111,172.217.11.42,0,0,0,0,0, 192.168.1.111,172.217.6.227,0,0,0,0,0, 192.168.1.111,172.217.11.46,0,0,0,0,0, 192.168.1.111,172.217.11.51,0,0,0,0,0, 192.168.1.111,172.217.11.10,0,0,0,0,0, 192.168.1.111,172.217.17.99,0,0,0,0,0, 192.168.1.111,172.217.11.14,0,0,0,0,0, 192.168.1.111,23.206.126.144,0,0,0,0,0, 192.168.1.111,0.0.0.0,0,0,0,0,0,0,0,0,0,0,1526506635267,0.0,1479.681,0,0,0,0,0,0,0,0,0,0.0,0.0,-1
6.799999999999992,7,1,2397,1392, 192.168.1.111,173.194.7.25,0,0,0,0,0, 192.168.1.111,173.194.7.91,0,0,0,0,0, 192.168.1.111,172.217.12.174,TLSv1.2,1,0,566,0, 192.168.1.111,172.217.11.35,0,0,0,0,0, 192.168.1.111,172.217.11.3,0,0,0,0,0, 192.168.1.111,172.217.10.66,TCP,2,1,148,1392, 192.168.1.111,172.217.11.45,QUIC,1,0,1392,0, 192.168.1.111,172.217.11.38,TCP,1,0,78,0, 192.168.1.111,172.217.11.22,0,0,0,0,0, 192.168.1.111,172.217.12.142,0,0,0,0,0, 192.168.1.111,172.217.20.67,0,0,0,0,0, 192.168.1.111,74.125.155.203,QUIC,1,0,77,0, 192.168.1.111,172.217.135.41,0,0,0,0,0, 192.168.1.111,172.217.13.228,TCP,1,0,136,0, 192.168.1.111,172.217.9.225,0,0,0,0,0, 192.168.1.111,216.58.212.227,0,0,0,0,0, 192.168.1.111,172.217.10.118,0,0,0,0,0, 192.168.1.111,172.217.11.42,0,0,0,0,0, 192.168.1.111,172.217.6.227,0,0,0,0,0, 192.168.1.111,172.217.11.46,0,0,0,0,0, 192.168.1.111,172.217.11.51,0,0,0,0,0, 192.168.1.111,172.217.11.10,0,0,0,0,0, 192.168.1.111,172.217.17.99,0,0,0,0,0, 192.168.1.111,172.217.11.14,0,0,0,0,0, 192.168.1.111,23.206.126.144,0,0,0,0,0, 192.168.1.111,0.0.0.0,0,0,0,0,0,0,0,0,0,0,1526506635267,0.0,1479.681,0,0,0,0,0,0,0,0,0,0.0,0.0,-1
19.500000000000007,4,1,1625,1392, 192.168.1.111,173.194.7.25,QUIC,1,1,78,1392, 192.168.1.111,173.194.7.91,0,0,0,0,0, 192.168.1.111,172.217.12.174,TLSv1.2,2,0,1203,0, 192.168.1.111,172.217.11.35,0,0,0,0,0, 192.168.1.111,172.217.11.3,0,0,0,0,0, 192.168.1.111,172.217.10.66,QUIC,1,0,344,0, 192.168.1.111,172.217.11.45,0,0,0,0,0, 192.168.1.111,172.217.11.38,0,0,0,0,0, 192.168.1.111,172.217.11.22,0,0,0,0,0, 192.168.1.111,172.217.12.142,0,0,0,0,0, 192.168.1.111,172.217.20.67,0,0,0,0,0, 192.168.1.111,74.125.155.203,0,0,0,0,0, 192.168.1.111,172.217.135.41,0,0,0,0,0, 192.168.1.111,172.217.13.228,0,0,0,0,0, 192.168.1.111,172.217.9.225,0,0,0,0,0, 192.168.1.111,216.58.212.227,0,0,0,0,0, 192.168.1.111,172.217.10.118,0,0,0,0,0, 192.168.1.111,172.217.11.42,0,0,0,0,0, 192.168.1.111,172.217.6.227,0,0,0,0,0, 192.168.1.111,172.217.11.46,0,0,0,0,0, 192.168.1.111,172.217.11.51,0,0,0,0,0, 192.168.1.111,172.217.11.10,0,0,0,0,0, 192.168.1.111,172.217.17.99,0,0,0,0,0, 192.168.1.111,172.217.11.14,0,0,0,0,0, 192.168.1.111,23.206.126.144,0,0,0,0,0, 192.168.1.111,0.0.0.0,0,0,0,0,0,0,0,1,0,1526506652935,1526506635267,0.0429039485015869,1479.681,0,1,0,0,0,0,0,0,0,5.290096051498414,0.0036041552199426,true
1800.0999999994583,0,0,0,0, 192.168.1.111,173.194.7.25,0,0,0,0,0, 192.168.1.111,173.194.7.91,0,0,0,0,0, 192.168.1.111,172.217.12.174,0,0,0,0,0, 192.168.1.111,172.217.11.35,0,0,0,0,0, 192.168.1.111,172.217.11.3,0,0,0,0,0, 192.168.1.111,172.217.10.66,0,0,0,0,0, 192.168.1.111,172.217.11.45,0,0,0,0,0, 192.168.1.111,172.217.11.38,0,0,0,0,0, 192.168.1.111,172.217.11.22,0,0,0,0,0, 192.168.1.111,172.217.12.142,0,0,0,0,0, 192.168.1.111,172.217.20.67,0,0,0,0,0, 192.168.1.111,74.125.155.203,0,0,0,0,0, 192.168.1.111,172.217.135.41,0,0,0,0,0, 192.168.1.111,172.217.13.228,0,0,0,0,0, 192.168.1.111,172.217.9.225,0,0,0,0,0, 192.168.1.111,216.58.212.227,0,0,0,0,0, 192.168.1.111,172.217.10.118,0,0,0,0,0, 192.168.1.111,172.217.11.42,0,0,0,0,0, 192.168.1.111,172.217.6.227,0,0,0,0,0, 192.168.1.111,172.217.11.46,0,0,0,0,0, 192.168.1.111,172.217.11.51,0,0,0,0,0, 192.168.1.111,172.217.11.10,0,0,0,0,0, 192.168.1.111,172.217.17.99,0,0,0,0,0, 192.168.1.111,172.217.11.14,0,0,0,0,0, 192.168.1.111,23.206.126.144,0,0,0,0,0, 192.168.1.111,0.0.0.0,0,0,0,0,0,0,0,0,0,0,1526506635267,0.0,1479.681,0,0,0,0,0,0,0,0,0,0.0,0.0,-1
1800.1999999994582,0,0,0,0, 192.168.1.111,173.194.7.25,0,0,0,0,0, 192.168.1.111,173.194.7.91,0,0,0,0,0, 192.168.1.111,172.217.12.174,0,0,0,0,0, 192.168.1.111,172.217.11.35,0,0,0,0,0, 192.168.1.111,172.217.11.3,0,0,0,0,0, 192.168.1.111,172.217.10.66,0,0,0,0,0, 192.168.1.111,172.217.11.45,0,0,0,0,0, 192.168.1.111,172.217.11.38,0,0,0,0,0, 192.168.1.111,172.217.11.22,0,0,0,0,0, 192.168.1.111,172.217.12.142,0,0,0,0,0, 192.168.1.111,172.217.20.67,0,0,0,0,0, 192.168.1.111,74.125.155.203,0,0,0,0,0, 192.168.1.111,172.217.135.41,0,0,0,0,0, 192.168.1.111,172.217.13.228,0,0,0,0,0, 192.168.1.111,172.217.9.225,0,0,0,0,0, 192.168.1.111,216.58.212.227,0,0,0,0,0, 192.168.1.111,172.217.10.118,0,0,0,0,0, 192.168.1.111,172.217.11.42,0,0,0,0,0, 192.168.1.111,172.217.6.227,0,0,0,0,0, 192.168.1.111,172.217.11.46,0,0,0,0,0, 192.168.1.111,172.217.11.51,0,0,0,0,0, 192.168.1.111,172.217.11.10,0,0,0,0,0, 192.168.1.111,172.217.17.99,0,0,0,0,0, 192.168.1.111,172.217.11.14,0,0,0,0,0, 192.168.1.111,23.206.126.144,0,0,0,0,0, 192.168.1.111,0.0.0.0,0,0,0,0,0,0,0,0,0,0,1526506635267,0.0,1479.681,0,0,0,0,0,0,0,0,0,0.0,0.0,-1
1800.299999999458,0,0,0,0, 192.168.1.111,173.194.7.25,0,0,0,0,0, 192.168.1.111,173.194.7.91,0,0,0,0,0, 192.168.1.111,172.217.12.174,0,0,0,0,0, 192.168.1.111,172.217.11.35,0,0,0,0,0, 192.168.1.111,172.217.11.3,0,0,0,0,0, 192.168.1.111,172.217.10.66,0,0,0,0,0, 192.168.1.111,172.217.11.45,0,0,0,0,0, 192.168.1.111,172.217.11.38,0,0,0,0,0, 192.168.1.111,172.217.11.22,0,0,0,0,0, 192.168.1.111,172.217.12.142,0,0,0,0,0, 192.168.1.111,172.217.20.67,0,0,0,0,0, 192.168.1.111,74.125.155.203,0,0,0,0,0, 192.168.1.111,172.217.135.41,0,0,0,0,0, 192.168.1.111,172.217.13.228,0,0,0,0,0, 192.168.1.111,172.217.9.225,0,0,0,0,0, 192.168.1.111,216.58.212.227,0,0,0,0,0, 192.168.1.111,172.217.10.118,0,0,0,0,0, 192.168.1.111,172.217.11.42,0,0,0,0,0, 192.168.1.111,172.217.6.227,0,0,0,0,0, 192.168.1.111,172.217.11.46,0,0,0,0,0, 192.168.1.111,172.217.11.51,0,0,0,0,0, 192.168.1.111,172.217.11.10,0,0,0,0,0, 192.168.1.111,172.217.17.99,0,0,0,0,0, 192.168.1.111,172.217.11.14,0,0,0,0,0, 192.168.1.111,23.206.126.144,0,0,0,0,0, 192.168.1.111,0.0.0.0,0,0,0,0,0,0,0,0,0,0,1526506635267,0.0,1479.681,0,0,0,0,0,0,0,0,0,0.0,0.0,-1
1800.399999999458,0,0,0,0, 192.168.1.111,173.194.7.25,0,0,0,0,0, 192.168.1.111,173.194.7.91,0,0,0,0,0, 192.168.1.111,172.217.12.174,0,0,0,0,0, 192.168.1.111,172.217.11.35,0,0,0,0,0, 192.168.1.111,172.217.11.3,0,0,0,0,0, 192.168.1.111,172.217.10.66,0,0,0,0,0, 192.168.1.111,172.217.11.45,0,0,0,0,0, 192.168.1.111,172.217.11.38,0,0,0,0,0, 192.168.1.111,172.217.11.22,0,0,0,0,0, 192.168.1.111,172.217.12.142,0,0,0,0,0, 192.168.1.111,172.217.20.67,0,0,0,0,0, 192.168.1.111,74.125.155.203,0,0,0,0,0, 192.168.1.111,172.217.135.41,0,0,0,0,0, 192.168.1.111,172.217.13.228,0,0,0,0,0, 192.168.1.111,172.217.9.225,0,0,0,0,0, 192.168.1.111,216.58.212.227,0,0,0,0,0, 192.168.1.111,172.217.10.118,0,0,0,0,0, 192.168.1.111,172.217.11.42,0,0,0,0,0, 192.168.1.111,172.217.6.227,0,0,0,0,0, 192.168.1.111,172.217.11.46,0,0,0,0,0, 192.168.1.111,172.217.11.51,0,0,0,0,0, 192.168.1.111,172.217.11.10,0,0,0,0,0, 192.168.1.111,172.217.17.99,0,0,0,0,0, 192.168.1.111,172.217.11.14,0,0,0,0,0, 192.168.1.111,23.206.126.144,0,0,0,0,0, 192.168.1.111,0.0.0.0,0,0,0,0,0,0,0,0,0,0,1526506635267,0.0,1479.681,0,0,0,0,0,0,0,0,0,0.0,0.0,-1
1800.499999999458,0,0,0,0, 192.168.1.111,173.194.7.25,0,0,0,0,0, 192.168.1.111,173.194.7.91,0,0,0,0,0, 192.168.1.111,172.217.12.174,0,0,0,0,0, 192.168.1.111,172.217.11.35,0,0,0,0,0, 192.168.1.111,172.217.11.3,0,0,0,0,0, 192.168.1.111,172.217.10.66,0,0,0,0,0, 192.168.1.111,172.217.11.45,0,0,0,0,0, 192.168.1.111,172.217.11.38,0,0,0,0,0, 192.168.1.111,172.217.11.22,0,0,0,0,0, 192.168.1.111,172.217.12.142,0,0,0,0,0, 192.168.1.111,172.217.20.67,0,0,0,0,0, 192.168.1.111,74.125.155.203,0,0,0,0,0, 192.168.1.111,172.217.135.41,0,0,0,0,0, 192.168.1.111,172.217.13.228,0,0,0,0,0, 192.168.1.111,172.217.9.225,0,0,0,0,0, 192.168.1.111,216.58.212.227,0,0,0,0,0, 192.168.1.111,172.217.10.118,0,0,0,0,0, 192.168.1.111,172.217.11.42,0,0,0,0,0, 192.168.1.111,172.217.6.227,0,0,0,0,0, 192.168.1.111,172.217.11.46,0,0,0,0,0, 192.168.1.111,172.217.11.51,0,0,0,0,0, 192.168.1.111,172.217.11.10,0,0,0,0,0, 192.168.1.111,172.217.17.99,0,0,0,0,0, 192.168.1.111,172.217.11.14,0,0,0,0,0, 192.168.1.111,23.206.126.144,0,0,0,0,0, 192.168.1.111,0.0.0.0,0,0,0,0,0,0,0,0,0,0,1526506635267,0.0,1479.681,0,0,0,0,0,0,0,0,0,0.0,0.0,-1
1800.599999999458,0,0,0,0, 192.168.1.111,173.194.7.25,0,0,0,0,0, 192.168.1.111,173.194.7.91,0,0,0,0,0, 192.168.1.111,172.217.12.174,0,0,0,0,0, 192.168.1.111,172.217.11.35,0,0,0,0,0, 192.168.1.111,172.217.11.3,0,0,0,0,0, 192.168.1.111,172.217.10.66,0,0,0,0,0, 192.168.1.111,172.217.11.45,0,0,0,0,0, 192.168.1.111,172.217.11.38,0,0,0,0,0, 192.168.1.111,172.217.11.22,0,0,0,0,0, 192.168.1.111,172.217.12.142,0,0,0,0,0, 192.168.1.111,172.217.20.67,0,0,0,0,0, 192.168.1.111,74.125.155.203,0,0,0,0,0, 192.168.1.111,172.217.135.41,0,0,0,0,0, 192.168.1.111,172.217.13.228,0,0,0,0,0, 192.168.1.111,172.217.9.225,0,0,0,0,0, 192.168.1.111,216.58.212.227,0,0,0,0,0, 192.168.1.111,172.217.10.118,0,0,0,0,0, 192.168.1.111,172.217.11.42,0,0,0,0,0, 192.168.1.111,172.217.6.227,0,0,0,0,0, 192.168.1.111,172.217.11.46,0,0,0,0,0, 192.168.1.111,172.217.11.51,0,0,0,0,0, 192.168.1.111,172.217.11.10,0,0,0,0,0, 192.168.1.111,172.217.17.99,0,0,0,0,0, 192.168.1.111,172.217.11.14,0,0,0,0,0, 192.168.1.111,23.206.126.144,0,0,0,0,0, 192.168.1.111,0.0.0.0,0,0,0,0,0,0,0,0,0,0,1526506635267,0.0,1479.681,0,0,0,0,0,0,0,0,0,0.0,0.0,-1
1800.6999999994578,0,0,0,0, 192.168.1.111,173.194.7.25,0,0,0,0,0, 192.168.1.111,173.194.7.91,0,0,0,0,0, 192.168.1.111,172.217.12.174,0,0,0,0,0, 192.168.1.111,172.217.11.35,0,0,0,0,0, 192.168.1.111,172.217.11.3,0,0,0,0,0, 192.168.1.111,172.217.10.66,0,0,0,0,0, 192.168.1.111,172.217.11.45,0,0,0,0,0, 192.168.1.111,172.217.11.38,0,0,0,0,0, 192.168.1.111,172.217.11.22,0,0,0,0,0, 192.168.1.111,172.217.12.142,0,0,0,0,0, 192.168.1.111,172.217.20.67,0,0,0,0,0, 192.168.1.111,74.125.155.203,0,0,0,0,0, 192.168.1.111,172.217.135.41,0,0,0,0,0, 192.168.1.111,172.217.13.228,0,0,0,0,0, 192.168.1.111,172.217.9.225,0,0,0,0,0, 192.168.1.111,216.58.212.227,0,0,0,0,0, 192.168.1.111,172.217.10.118,0,0,0,0,0, 192.168.1.111,172.217.11.42,0,0,0,0,0, 192.168.1.111,172.217.6.227,0,0,0,0,0, 192.168.1.111,172.217.11.46,0,0,0,0,0, 192.168.1.111,172.217.11.51,0,0,0,0,0, 192.168.1.111,172.217.11.10,0,0,0,0,0, 192.168.1.111,172.217.17.99,0,0,0,0,0, 192.168.1.111,172.217.11.14,0,0,0,0,0, 192.168.1.111,23.206.126.144,0,0,0,0,0, 192.168.1.111,0.0.0.0,0,0,0,0,0,0,0,0,0,0,1526506635267,0.0,1479.681,0,0,0,0,0,0,0,0,0,0.0,0.0,-1
1800.7999999994577,0,0,0,0, 192.168.1.111,173.194.7.25,0,0,0,0,0, 192.168.1.111,173.194.7.91,0,0,0,0,0, 192.168.1.111,172.217.12.174,0,0,0,0,0, 192.168.1.111,172.217.11.35,0,0,0,0,0, 192.168.1.111,172.217.11.3,0,0,0,0,0, 192.168.1.111,172.217.10.66,0,0,0,0,0, 192.168.1.111,172.217.11.45,0,0,0,0,0, 192.168.1.111,172.217.11.38,0,0,0,0,0, 192.168.1.111,172.217.11.22,0,0,0,0,0, 192.168.1.111,172.217.12.142,0,0,0,0,0, 192.168.1.111,172.217.20.67,0,0,0,0,0, 192.168.1.111,74.125.155.203,0,0,0,0,0, 192.168.1.111,172.217.135.41,0,0,0,0,0, 192.168.1.111,172.217.13.228,0,0,0,0,0, 192.168.1.111,172.217.9.225,0,0,0,0,0, 192.168.1.111,216.58.212.227,0,0,0,0,0, 192.168.1.111,172.217.10.118,0,0,0,0,0, 192.168.1.111,172.217.11.42,0,0,0,0,0, 192.168.1.111,172.217.6.227,0,0,0,0,0, 192.168.1.111,172.217.11.46,0,0,0,0,0, 192.168.1.111,172.217.11.51,0,0,0,0,0, 192.168.1.111,172.217.11.10,0,0,0,0,0, 192.168.1.111,172.217.17.99,0,0,0,0,0, 192.168.1.111,172.217.11.14,0,0,0,0,0, 192.168.1.111,23.206.126.144,0,0,0,0,0, 192.168.1.111,0.0.0.0,0,0,0,0,0,0,0,0,0,0,1526506635267,0.0,1479.681,0,0,0,0,0,0,0,0,0,0.0,0.0,-1
1800.8999999994576,0,0,0,0, 192.168.1.111,173.194.7.25,0,0,0,0,0, 192.168.1.111,173.194.7.91,0,0,0,0,0, 192.168.1.111,172.217.12.174,0,0,0,0,0, 192.168.1.111,172.217.11.35,0,0,0,0,0, 192.168.1.111,172.217.11.3,0,0,0,0,0, 192.168.1.111,172.217.10.66,0,0,0,0,0, 192.168.1.111,172.217.11.45,0,0,0,0,0, 192.168.1.111,172.217.11.38,0,0,0,0,0, 192.168.1.111,172.217.11.22,0,0,0,0,0, 192.168.1.111,172.217.12.142,0,0,0,0,0, 192.168.1.111,172.217.20.67,0,0,0,0,0, 192.168.1.111,74.125.155.203,0,0,0,0,0, 192.168.1.111,172.217.135.41,0,0,0,0,0, 192.168.1.111,172.217.13.228,0,0,0,0,0, 192.168.1.111,172.217.9.225,0,0,0,0,0, 192.168.1.111,216.58.212.227,0,0,0,0,0, 192.168.1.111,172.217.10.118,0,0,0,0,0, 192.168.1.111,172.217.11.42,0,0,0,0,0, 192.168.1.111,172.217.6.227,0,0,0,0,0, 192.168.1.111,172.217.11.46,0,0,0,0,0, 192.168.1.111,172.217.11.51,0,0,0,0,0, 192.168.1.111,172.217.11.10,0,0,0,0,0, 192.168.1.111,172.217.17.99,0,0,0,0,0, 192.168.1.111,172.217.11.14,0,0,0,0,0, 192.168.1.111,23.206.126.144,0,0,0,0,0, 192.168.1.111,0.0.0.0,0,0,0,0,0,0,0,0,0,0,1526506635267,0.0,1479.681,0,0,0,0,0,0,0,0,0,0.0,0.0,-1
0.0,1,0,217,0, 192.168.1.111,74.125.155.199,0,0,0,0,0, 192.168.1.111,173.194.184.230,0,0,0,0,0, 192.168.1.111,23.208.94.102,0,0,0,0,0, 192.168.1.111,172.217.11.35,0,0,0,0,0, 192.168.1.111,172.217.11.22,0,0,0,0,0, 192.168.1.111,172.217.10.110,0,0,0,0,0, 192.168.1.111,172.217.7.14,0,0,0,0,0, 192.168.1.111,172.217.11.10,0,0,0,0,0, 192.168.1.111,172.217.10.78,0,0,0,0,0, 192.168.1.111,172.217.11.3,0,0,0,0,0, 192.168.1.111,173.194.184.136,0,0,0,0,0, 192.168.1.111,172.217.12.206,0,0,0,0,0, 192.168.1.111,173.194.184.76,0,0,0,0,0, 192.168.1.111,172.217.9.238,0,0,0,0,0, 192.168.1.111,172.217.11.51,0,0,0,0,0, 192.168.1.111,172.217.11.46,0,0,0,0,0, 192.168.1.111,172.217.10.226,0,0,0,0,0, 192.168.1.111,172.217.17.67,0,0,0,0,0, 192.168.1.111,172.217.20.99,0,0,0,0,0, 192.168.1.111,172.217.9.237,0,0,0,0,0, 192.168.1.111,172.217.9.227,0,0,0,0,0, 192.168.1.111,172.217.11.14,0,0,0,0,0, 192.168.1.111,172.217.19.195,0,0,0,0,0, 192.168.1.111,216.58.209.131,0,0,0,0,0, 192.168.1.111,172.217.11.38,0,0,0,0,0, 192.168.1.111,0.0.0.0,0,1,0,217,0,0,0,0,0,0,1526485309174,0.0,1639.261,0,0,0,0,0,0,0,0,0,0.0,0.0,-1
0.1,4,3,806,235, 192.168.1.111,74.125.155.199,0,0,0,0,0, 192.168.1.111,173.194.184.230,0,0,0,0,0, 192.168.1.111,23.208.94.102,0,0,0,0,0, 192.168.1.111,172.217.11.35,0,0,0,0,0, 192.168.1.111,172.217.11.22,0,0,0,0,0, 192.168.1.111,172.217.10.110,0,0,0,0,0, 192.168.1.111,172.217.7.14,0,0,0,0,0, 192.168.1.111,172.217.11.10,0,0,0,0,0, 192.168.1.111,172.217.10.78,0,0,0,0,0, 192.168.1.111,172.217.11.3,0,0,0,0,0, 192.168.1.111,173.194.184.136,0,0,0,0,0, 192.168.1.111,172.217.12.206,0,0,0,0,0, 192.168.1.111,173.194.184.76,0,0,0,0,0, 192.168.1.111,172.217.9.238,0,0,0,0,0, 192.168.1.111,172.217.11.51,0,0,0,0,0, 192.168.1.111,172.217.11.46,0,0,0,0,0, 192.168.1.111,172.217.10.226,0,0,0,0,0, 192.168.1.111,172.217.17.67,0,0,0,0,0, 192.168.1.111,172.217.20.99,0,0,0,0,0, 192.168.1.111,172.217.9.237,TCP,3,2,727,140, 192.168.1.111,172.217.9.227,0,0,0,0,0, 192.168.1.111,172.217.11.14,0,0,0,0,0, 192.168.1.111,172.217.19.195,0,0,0,0,0, 192.168.1.111,216.58.209.131,0,0,0,0,0, 192.168.1.111,172.217.11.38,0,0,0,0,0, 192.168.1.111,0.0.0.0,0,1,1,79,95,0,0,0,0,0,1526485309174,0.0,1639.261,0,0,0,0,0,0,0,0,0,0.0,0.0,-1
0.2,15,11,2573,5886, 192.168.1.111,74.125.155.199,0,0,0,0,0, 192.168.1.111,173.194.184.230,0,0,0,0,0, 192.168.1.111,23.208.94.102,0,0,0,0,0, 192.168.1.111,172.217.11.35,0,0,0,0,0, 192.168.1.111,172.217.11.22,0,0,0,0,0, 192.168.1.111,172.217.10.110,0,0,0,0,0, 192.168.1.111,172.217.7.14,0,0,0,0,0, 192.168.1.111,172.217.11.10,0,0,0,0,0, 192.168.1.111,172.217.10.78,0,0,0,0,0, 192.168.1.111,172.217.11.3,0,0,0,0,0, 192.168.1.111,173.194.184.136,0,0,0,0,0, 192.168.1.111,172.217.12.206,0,0,0,0,0, 192.168.1.111,173.194.184.76,0,0,0,0,0, 192.168.1.111,172.217.9.238,0,0,0,0,0, 192.168.1.111,172.217.11.51,0,0,0,0,0, 192.168.1.111,172.217.11.46,0,0,0,0,0, 192.168.1.111,172.217.10.226,0,0,0,0,0, 192.168.1.111,172.217.17.67,0,0,0,0,0, 192.168.1.111,172.217.20.99,0,0,0,0,0, 192.168.1.111,172.217.9.237,TLSv1.2,15,11,2573,5886, 192.168.1.111,172.217.9.227,0,0,0,0,0, 192.168.1.111,172.217.11.14,0,0,0,0,0, 192.168.1.111,172.217.19.195,0,0,0,0,0, 192.168.1.111,216.58.209.131,0,0,0,0,0, 192.168.1.111,172.217.11.38,0,0,0,0,0, 192.168.1.111,0.0.0.0,0,0,0,0,0,0,0,0,0,0,1526485309174,0.0,1639.261,0,0,0,0,0,0,0,0,0,0.0,0.0,-1
0.3,0,1,0,66, 192.168.1.111,74.125.155.199,0,0,0,0,0, 192.168.1.111,173.194.184.230,0,0,0,0,0, 192.168.1.111,23.208.94.102,0,0,0,0,0, 192.168.1.111,172.217.11.35,0,0,0,0,0, 192.168.1.111,172.217.11.22,0,0,0,0,0, 192.168.1.111,172.217.10.110,0,0,0,0,0, 192.168.1.111,172.217.7.14,0,0,0,0,0, 192.168.1.111,172.217.11.10,0,0,0,0,0, 192.168.1.111,172.217.10.78,0,0,0,0,0, 192.168.1.111,172.217.11.3,0,0,0,0,0, 192.168.1.111,173.194.184.136,0,0,0,0,0, 192.168.1.111,172.217.12.206,0,0,0,0,0, 192.168.1.111,173.194.184.76,0,0,0,0,0, 192.168.1.111,172.217.9.238,0,0,0,0,0, 192.168.1.111,172.217.11.51,0,0,0,0,0, 192.168.1.111,172.217.11.46,0,0,0,0,0, 192.168.1.111,172.217.10.226,0,0,0,0,0, 192.168.1.111,172.217.17.67,0,0,0,0,0, 192.168.1.111,172.217.20.99,0,0,0,0,0, 192.168.1.111,172.217.9.237,TCP,0,1,0,66, 192.168.1.111,172.217.9.227,0,0,0,0,0, 192.168.1.111,172.217.11.14,0,0,0,0,0, 192.168.1.111,172.217.19.195,0,0,0,0,0, 192.168.1.111,216.58.209.131,0,0,0,0,0, 192.168.1.111,172.217.11.38,0,0,0,0,0, 192.168.1.111,0.0.0.0,0,0,0,0,0,0,0,0,0,0,1526485309174,0.0,1639.261,0,0,0,0,0,0,0,0,0,0.0,0.0,-1
0.4,1,0,838,0, 192.168.1.111,74.125.155.199,0,0,0,0,0, 192.168.1.111,173.194.184.230,0,0,0,0,0, 192.168.1.111,23.208.94.102,0,0,0,0,0, 192.168.1.111,172.217.11.35,0,0,0,0,0, 192.168.1.111,172.217.11.22,0,0,0,0,0, 192.168.1.111,172.217.10.110,QUIC,1,0,838,0, 192.168.1.111,172.217.7.14,0,0,0,0,0, 192.168.1.111,172.217.11.10,0,0,0,0,0, 192.168.1.111,172.217.10.78,0,0,0,0,0, 192.168.1.111,172.217.11.3,0,0,0,0,0, 192.168.1.111,173.194.184.136,0,0,0,0,0, 192.168.1.111,172.217.12.206,0,0,0,0,0, 192.168.1.111,173.194.184.76,0,0,0,0,0, 192.168.1.111,172.217.9.238,0,0,0,0,0, 192.168.1.111,172.217.11.51,0,0,0,0,0, 192.168.1.111,172.217.11.46,0,0,0,0,0, 192.168.1.111,172.217.10.226,0,0,0,0,0, 192.168.1.111,172.217.17.67,0,0,0,0,0, 192.168.1.111,172.217.20.99,0,0,0,0,0, 192.168.1.111,172.217.9.237,0,0,0,0,0, 192.168.1.111,172.217.9.227,0,0,0,0,0, 192.168.1.111,172.217.11.14,0,0,0,0,0, 192.168.1.111,172.217.19.195,0,0,0,0,0, 192.168.1.111,216.58.209.131,0,0,0,0,0, 192.168.1.111,172.217.11.38,0,0,0,0,0, 192.168.1.111,0.0.0.0,0,0,0,0,0,0,0,0,0,0,1526485309174,0.0,1639.261,0,0,0,0,0,0,0,0,0,0.0,0.0,-1
0.5,5,4,3021,4056, 192.168.1.111,74.125.155.199,0,0,0,0,0, 192.168.1.111,173.194.184.230,0,0,0,0,0, 192.168.1.111,23.208.94.102,0,0,0,0,0, 192.168.1.111,172.217.11.35,QUIC,3,2,2864,2784, 192.168.1.111,172.217.11.22,0,0,0,0,0, 192.168.1.111,172.217.10.110,QUIC,1,1,80,1143, 192.168.1.111,172.217.7.14,0,0,0,0,0, 192.168.1.111,172.217.11.10,0,0,0,0,0, 192.168.1.111,172.217.10.78,0,0,0,0,0, 192.168.1.111,172.217.11.3,0,0,0,0,0, 192.168.1.111,173.194.184.136,0,0,0,0,0, 192.168.1.111,172.217.12.206,0,0,0,0,0, 192.168.1.111,173.194.184.76,0,0,0,0,0, 192.168.1.111,172.217.9.238,0,0,0,0,0, 192.168.1.111,172.217.11.51,0,0,0,0,0, 192.168.1.111,172.217.11.46,0,0,0,0,0, 192.168.1.111,172.217.10.226,0,0,0,0,0, 192.168.1.111,172.217.17.67,0,0,0,0,0, 192.168.1.111,172.217.20.99,0,0,0,0,0, 192.168.1.111,172.217.9.237,0,0,0,0,0, 192.168.1.111,172.217.9.227,0,0,0,0,0, 192.168.1.111,172.217.11.14,0,0,0,0,0, 192.168.1.111,172.217.19.195,0,0,0,0,0, 192.168.1.111,216.58.209.131,0,0,0,0,0, 192.168.1.111,172.217.11.38,0,0,0,0,0, 192.168.1.111,0.0.0.0,0,1,1,77,129,0,0,0,0,0,1526485309174,0.0,1639.261,0,0,0,0,0,0,0,0,0,0.0,0.0,-1
0.6,3,4,238,2932, 192.168.1.111,74.125.155.199,0,0,0,0,0, 192.168.1.111,173.194.184.230,0,0,0,0,0, 192.168.1.111,23.208.94.102,0,0,0,0,0, 192.168.1.111,172.217.11.35,QUIC,3,4,238,2932, 192.168.1.111,172.217.11.22,0,0,0,0,0, 192.168.1.111,172.217.10.110,0,0,0,0,0, 192.168.1.111,172.217.7.14,0,0,0,0,0, 192.168.1.111,172.217.11.10,0,0,0,0,0, 192.168.1.111,172.217.10.78,0,0,0,0,0, 192.168.1.111,172.217.11.3,0,0,0,0,0, 192.168.1.111,173.194.184.136,0,0,0,0,0, 192.168.1.111,172.217.12.206,0,0,0,0,0, 192.168.1.111,173.194.184.76,0,0,0,0,0, 192.168.1.111,172.217.9.238,0,0,0,0,0, 192.168.1.111,172.217.11.51,0,0,0,0,0, 192.168.1.111,172.217.11.46,0,0,0,0,0, 192.168.1.111,172.217.10.226,0,0,0,0,0, 192.168.1.111,172.217.17.67,0,0,0,0,0, 192.168.1.111,172.217.20.99,0,0,0,0,0, 192.168.1.111,172.217.9.237,0,0,0,0,0, 192.168.1.111,172.217.9.227,0,0,0,0,0, 192.168.1.111,172.217.11.14,0,0,0,0,0, 192.168.1.111,172.217.19.195,0,0,0,0,0, 192.168.1.111,216.58.209.131,0,0,0,0,0, 192.168.1.111,172.217.11.38,0,0,0,0,0, 192.168.1.111,0.0.0.0,0,0,0,0,0,0,0,0,0,0,1526485309174,0.0,1639.261,0,0,0,0,0,0,0,0,0,0.0,0.0,-1
0.7,0,0,0,0, 192.168.1.111,74.125.155.199,0,0,0,0,0, 192.168.1.111,173.194.184.230,0,0,0,0,0, 192.168.1.111,23.208.94.102,0,0,0,0,0, 192.168.1.111,172.217.11.35,0,0,0,0,0, 192.168.1.111,172.217.11.22,0,0,0,0,0, 192.168.1.111,172.217.10.110,0,0,0,0,0, 192.168.1.111,172.217.7.14,0,0,0,0,0, 192.168.1.111,172.217.11.10,0,0,0,0,0, 192.168.1.111,172.217.10.78,0,0,0,0,0, 192.168.1.111,172.217.11.3,0,0,0,0,0, 192.168.1.111,173.194.184.136,0,0,0,0,0, 192.168.1.111,172.217.12.206,0,0,0,0,0, 192.168.1.111,173.194.184.76,0,0,0,0,0, 192.168.1.111,172.217.9.238,0,0,0,0,0, 192.168.1.111,172.217.11.51,0,0,0,0,0, 192.168.1.111,172.217.11.46,0,0,0,0,0, 192.168.1.111,172.217.10.226,0,0,0,0,0, 192.168.1.111,172.217.17.67,0,0,0,0,0, 192.168.1.111,172.217.20.99,0,0,0,0,0, 192.168.1.111,172.217.9.237,0,0,0,0,0, 192.168.1.111,172.217.9.227,0,0,0,0,0, 192.168.1.111,172.217.11.14,0,0,0,0,0, 192.168.1.111,172.217.19.195,0,0,0,0,0, 192.168.1.111,216.58.209.131,0,0,0,0,0, 192.168.1.111,172.217.11.38,0,0,0,0,0, 192.168.1.111,0.0.0.0,0,0,0,0,0,0,0,0,0,0,1526485309174,0.0,1639.261,0,0,0,0,0,0,0,0,0,0.0,0.0,-1
0.7999999999999999,8,5,6068,3196, 192.168.1.111,74.125.155.199,QUIC,1,0,1392,0, 192.168.1.111,173.194.184.230,0,0,0,0,0, 192.168.1.111,23.208.94.102,0,0,0,0,0, 192.168.1.111,172.217.11.35,QUIC,1,2,1392,2784, 192.168.1.111,172.217.11.22,0,0,0,0,0, 192.168.1.111,172.217.10.110,QUIC,1,0,239,0, 192.168.1.111,172.217.7.14,0,0,0,0,0, 192.168.1.111,172.217.11.10,0,0,0,0,0, 192.168.1.111,172.217.10.78,0,0,0,0,0, 192.168.1.111,172.217.11.3,0,0,0,0,0, 192.168.1.111,173.194.184.136,0,0,0,0,0, 192.168.1.111,172.217.12.206,0,0,0,0,0, 192.168.1.111,173.194.184.76,0,0,0,0,0, 192.168.1.111,172.217.9.238,0,0,0,0,0, 192.168.1.111,172.217.11.51,0,0,0,0,0, 192.168.1.111,172.217.11.46,0,0,0,0,0, 192.168.1.111,172.217.10.226,QUIC,1,0,1392,0, 192.168.1.111,172.217.17.67,0,0,0,0,0, 192.168.1.111,172.217.20.99,0,0,0,0,0, 192.168.1.111,172.217.9.237,0,0,0,0,0, 192.168.1.111,172.217.9.227,0,0,0,0,0, 192.168.1.111,172.217.11.14,0,0,0,0,0, 192.168.1.111,172.217.19.195,0,0,0,0,0, 192.168.1.111,216.58.209.131,0,0,0,0,0, 192.168.1.111,172.217.11.38,QUIC,1,0,1392,0, 192.168.1.111,0.0.0.0,0,3,3,261,412,0,0,0,0,0,1526485309174,0.0,1639.261,0,0,0,0,0,0,0,0,0,0.0,0.0,-1
0.8999999999999999,17,21,6625,18687, 192.168.1.111,74.125.155.199,QUIC,5,9,1732,8580, 192.168.1.111,173.194.184.230,0,0,0,0,0, 192.168.1.111,23.208.94.102,0,0,0,0,0, 192.168.1.111,172.217.11.35,QUIC,3,3,1553,1537, 192.168.1.111,172.217.11.22,0,0,0,0,0, 192.168.1.111,172.217.10.110,QUIC,0,1,0,72, 192.168.1.111,172.217.7.14,0,0,0,0,0, 192.168.1.111,172.217.11.10,0,0,0,0,0, 192.168.1.111,172.217.10.78,0,0,0,0,0, 192.168.1.111,172.217.11.3,0,0,0,0,0, 192.168.1.111,173.194.184.136,0,0,0,0,0, 192.168.1.111,172.217.12.206,0,0,0,0,0, 192.168.1.111,173.194.184.76,0,0,0,0,0, 192.168.1.111,172.217.9.238,0,0,0,0,0, 192.168.1.111,172.217.11.51,0,0,0,0,0, 192.168.1.111,172.217.11.46,0,0,0,0,0, 192.168.1.111,172.217.10.226,QUIC,5,4,1707,4249, 192.168.1.111,172.217.17.67,0,0,0,0,0, 192.168.1.111,172.217.20.99,0,0,0,0,0, 192.168.1.111,172.217.9.237,0,0,0,0,0, 192.168.1.111,172.217.9.227,0,0,0,0,0, 192.168.1.111,172.217.11.14,0,0,0,0,0, 192.168.1.111,172.217.19.195,0,0,0,0,0, 192.168.1.111,216.58.209.131,0,0,0,0,0, 192.168.1.111,172.217.11.38,QUIC,4,4,1633,4249, 192.168.1.111,0.0.0.0,0,0,0,0,0,0,0,0,0,0,1526485309174,0.0,1639.261,0,0,0,0,0,0,0,0,0,0.0,0.0,-1
1.0,8,17,640,16542, 192.168.1.111,74.125.155.199,0,0,0,0,0, 192.168.1.111,173.194.184.230,0,0,0,0,0, 192.168.1.111,23.208.94.102,0,0,0,0,0, 192.168.1.111,172.217.11.35,0,0,0,0,0, 192.168.1.111,172.217.11.22,0,0,0,0,0, 192.168.1.111,172.217.10.110,QUIC,8,15,640,16398, 192.168.1.111,172.217.7.14,0,0,0,0,0, 192.168.1.111,172.217.11.10,0,0,0,0,0, 192.168.1.111,172.217.10.78,0,0,0,0,0, 192.168.1.111,172.217.11.3,0,0,0,0,0, 192.168.1.111,173.194.184.136,0,0,0,0,0, 192.168.1.111,172.217.12.206,0,0,0,0,0, 192.168.1.111,173.194.184.76,0,0,0,0,0, 192.168.1.111,172.217.9.238,0,0,0,0,0, 192.168.1.111,172.217.11.51,0,0,0,0,0, 192.168.1.111,172.217.11.46,0,0,0,0,0, 192.168.1.111,172.217.10.226,QUIC,0,1,0,72, 192.168.1.111,172.217.17.67,0,0,0,0,0, 192.168.1.111,172.217.20.99,0,0,0,0,0, 192.168.1.111,172.217.9.237,0,0,0,0,0, 192.168.1.111,172.217.9.227,0,0,0,0,0, 192.168.1.111,172.217.11.14,0,0,0,0,0, 192.168.1.111,172.217.19.195,0,0,0,0,0, 192.168.1.111,216.58.209.131,0,0,0,0,0, 192.168.1.111,172.217.11.38,QUIC,0,1,0,72, 192.168.1.111,0.0.0.0,0,0,0,0,0,0,0,0,0,0,1526485309174,0.0,1639.261,0,0,0,0,0,0,0,0,0,0.0,0.0,-1
1.1,1,1,82,102, 192.168.1.111,74.125.155.199,0,0,0,0,0, 192.168.1.111,173.194.184.230,0,0,0,0,0, 192.168.1.111,23.208.94.102,0,0,0,0,0, 192.168.1.111,172.217.11.35,0,0,0,0,0, 192.168.1.111,172.217.11.22,0,0,0,0,0, 192.168.1.111,172.217.10.110,0,0,0,0,0, 192.168.1.111,172.217.7.14,0,0,0,0,0, 192.168.1.111,172.217.11.10,0,0,0,0,0, 192.168.1.111,172.217.10.78,0,0,0,0,0, 192.168.1.111,172.217.11.3,0,0,0,0,0, 192.168.1.111,173.194.184.136,0,0,0,0,0, 192.168.1.111,172.217.12.206,0,0,0,0,0, 192.168.1.111,173.194.184.76,0,0,0,0,0, 192.168.1.111,172.217.9.238,0,0,0,0,0, 192.168.1.111,172.217.11.51,0,0,0,0,0, 192.168.1.111,172.217.11.46,0,0,0,0,0, 192.168.1.111,172.217.10.226,0,0,0,0,0, 192.168.1.111,172.217.17.67,0,0,0,0,0, 192.168.1.111,172.217.20.99,0,0,0,0,0, 192.168.1.111,172.217.9.237,0,0,0,0,0, 192.168.1.111,172.217.9.227,0,0,0,0,0, 192.168.1.111,172.217.11.14,0,0,0,0,0, 192.168.1.111,172.217.19.195,0,0,0,0,0, 192.168.1.111,216.58.209.131,0,0,0,0,0, 192.168.1.111,172.217.11.38,0,0,0,0,0, 192.168.1.111,0.0.0.0,0,1,0,82,0,0,0,0,0,0,1526485309174,0.0,1639.261,0,0,0,0,0,0,0,0,0,0.0,0.0,-1
1.2,3,2,1170,312, 192.168.1.111,74.125.155.199,0,0,0,0,0, 192.168.1.111,173.194.184.230,0,0,0,0,0, 192.168.1.111,23.208.94.102,0,0,0,0,0, 192.168.1.111,172.217.11.35,0,0,0,0,0, 192.168.1.111,172.217.11.22,0,0,0,0,0, 192.168.1.111,172.217.10.110,0,0,0,0,0, 192.168.1.111,172.217.7.14,0,0,0,0,0, 192.168.1.111,172.217.11.10,0,0,0,0,0, 192.168.1.111,172.217.10.78,0,0,0,0,0, 192.168.1.111,172.217.11.3,0,0,0,0,0, 192.168.1.111,173.194.184.136,0,0,0,0,0, 192.168.1.111,172.217.12.206,0,0,0,0,0, 192.168.1.111,173.194.184.76,0,0,0,0,0, 192.168.1.111,172.217.9.238,0,0,0,0,0, 192.168.1.111,172.217.11.51,0,0,0,0,0, 192.168.1.111,172.217.11.46,0,0,0,0,0, 192.168.1.111,172.217.10.226,QUIC,1,0,543,0, 192.168.1.111,172.217.17.67,0,0,0,0,0, 192.168.1.111,172.217.20.99,0,0,0,0,0, 192.168.1.111,172.217.9.237,0,0,0,0,0, 192.168.1.111,172.217.9.227,0,0,0,0,0, 192.168.1.111,172.217.11.14,0,0,0,0,0, 192.168.1.111,172.217.19.195,0,0,0,0,0, 192.168.1.111,216.58.209.131,0,0,0,0,0, 192.168.1.111,172.217.11.38,QUIC,2,2,627,312, 192.168.1.111,0.0.0.0,0,0,0,0,0,0,0,0,0,0,1526485309174,0.0,1639.261,0,0,0,0,0,0,0,0,0,0.0,0.0,-1
1.3,0,0,0,0, 192.168.1.111,74.125.155.199,0,0,0,0,0, 192.168.1.111,173.194.184.230,0,0,0,0,0, 192.168.1.111,23.208.94.102,0,0,0,0,0, 192.168.1.111,172.217.11.35,0,0,0,0,0, 192.168.1.111,172.217.11.22,0,0,0,0,0, 192.168.1.111,172.217.10.110,0,0,0,0,0, 192.168.1.111,172.217.7.14,0,0,0,0,0, 192.168.1.111,172.217.11.10,0,0,0,0,0, 192.168.1.111,172.217.10.78,0,0,0,0,0, 192.168.1.111,172.217.11.3,0,0,0,0,0, 192.168.1.111,173.194.184.136,0,0,0,0,0, 192.168.1.111,172.217.12.206,0,0,0,0,0, 192.168.1.111,173.194.184.76,0,0,0,0,0, 192.168.1.111,172.217.9.238,0,0,0,0,0, 192.168.1.111,172.217.11.51,0,0,0,0,0, 192.168.1.111,172.217.11.46,0,0,0,0,0, 192.168.1.111,172.217.10.226,0,0,0,0,0, 192.168.1.111,172.217.17.67,0,0,0,0,0, 192.168.1.111,172.217.20.99,0,0,0,0,0, 192.168.1.111,172.217.9.237,0,0,0,0,0, 192.168.1.111,172.217.9.227,0,0,0,0,0, 192.168.1.111,172.217.11.14,0,0,0,0,0, 192.168.1.111,172.217.19.195,0,0,0,0,0, 192.168.1.111,216.58.209.131,0,0,0,0,0, 192.168.1.111,172.217.11.38,0,0,0,0,0, 192.168.1.111,0.0.0.0,0,0,0,0,0,0,0,0,0,0,1526485309174,0.0,1639.261,0,0,0,0,0,0,0,0,0,0.0,0.0,-1
1.4,2,3,626,2036, 192.168.1.111,74.125.155.199,0,0,0,0,0, 192.168.1.111,173.194.184.230,0,0,0,0,0, 192.168.1.111,23.208.94.102,0,0,0,0,0, 192.168.1.111,172.217.11.35,0,0,0,0,0, 192.168.1.111,172.217.11.22,0,0,0,0,0, 192.168.1.111,172.217.10.110,0,0,0,0,0, 192.168.1.111,172.217.7.14,0,0,0,0,0, 192.168.1.111,172.217.11.10,0,0,0,0,0, 192.168.1.111,172.217.10.78,0,0,0,0,0, 192.168.1.111,172.217.11.3,0,0,0,0,0, 192.168.1.111,173.194.184.136,0,0,0,0,0, 192.168.1.111,172.217.12.206,0,0,0,0,0, 192.168.1.111,173.194.184.76,0,0,0,0,0, 192.168.1.111,172.217.9.238,0,0,0,0,0, 192.168.1.111,172.217.11.51,0,0,0,0,0, 192.168.1.111,172.217.11.46,0,0,0,0,0, 192.168.1.111,172.217.10.226,QUIC,2,3,626,2036, 192.168.1.111,172.217.17.67,0,0,0,0,0, 192.168.1.111,172.217.20.99,0,0,0,0,0, 192.168.1.111,172.217.9.237,0,0,0,0,0, 192.168.1.111,172.217.9.227,0,0,0,0,0, 192.168.1.111,172.217.11.14,0,0,0,0,0, 192.168.1.111,172.217.19.195,0,0,0,0,0, 192.168.1.111,216.58.209.131,0,0,0,0,0, 192.168.1.111,172.217.11.38,0,0,0,0,0, 192.168.1.111,0.0.0.0,0,0,0,0,0,0,0,0,0,0,1526485309174,0.0,1639.261,0,0,0,0,0,0,0,0,0,0.0,0.0,-1
1.5000000000000002,2,0,891,0, 192.168.1.111,74.125.155.199,0,0,0,0,0, 192.168.1.111,173.194.184.230,0,0,0,0,0, 192.168.1.111,23.208.94.102,0,0,0,0,0, 192.168.1.111,172.217.11.35,0,0,0,0,0, 192.168.1.111,172.217.11.22,0,0,0,0,0, 192.168.1.111,172.217.10.110,QUIC,2,0,891,0, 192.168.1.111,172.217.7.14,0,0,0,0,0, 192.168.1.111,172.217.11.10,0,0,0,0,0, 192.168.1.111,172.217.10.78,0,0,0,0,0, 192.168.1.111,172.217.11.3,0,0,0,0,0, 192.168.1.111,173.194.184.136,0,0,0,0,0, 192.168.1.111,172.217.12.206,0,0,0,0,0, 192.168.1.111,173.194.184.76,0,0,0,0,0, 192.168.1.111,172.217.9.238,0,0,0,0,0, 192.168.1.111,172.217.11.51,0,0,0,0,0, 192.168.1.111,172.217.11.46,0,0,0,0,0, 192.168.1.111,172.217.10.226,0,0,0,0,0, 192.168.1.111,172.217.17.67,0,0,0,0,0, 192.168.1.111,172.217.20.99,0,0,0,0,0, 192.168.1.111,172.217.9.237,0,0,0,0,0, 192.168.1.111,172.217.9.227,0,0,0,0,0, 192.168.1.111,172.217.11.14,0,0,0,0,0, 192.168.1.111,172.217.19.195,0,0,0,0,0, 192.168.1.111,216.58.209.131,0,0,0,0,0, 192.168.1.111,172.217.11.38,0,0,0,0,0, 192.168.1.111,0.0.0.0,0,0,0,0,0,0,0,0,0,0,1526485309174,0.0,1639.261,0,0,0,0,0,0,0,0,0,0.0,0.0,-1
1.6000000000000003,2,1,891,99, 192.168.1.111,74.125.155.199,0,0,0,0,0, 192.168.1.111,173.194.184.230,0,0,0,0,0, 192.168.1.111,23.208.94.102,0,0,0,0,0, 192.168.1.111,172.217.11.35,0,0,0,0,0, 192.168.1.111,172.217.11.22,0,0,0,0,0, 192.168.1.111,172.217.10.110,QUIC,2,1,891,99, 192.168.1.111,172.217.7.14,0,0,0,0,0, 192.168.1.111,172.217.11.10,0,0,0,0,0, 192.168.1.111,172.217.10.78,0,0,0,0,0, 192.168.1.111,172.217.11.3,0,0,0,0,0, 192.168.1.111,173.194.184.136,0,0,0,0,0, 192.168.1.111,172.217.12.206,0,0,0,0,0, 192.168.1.111,173.194.184.76,0,0,0,0,0, 192.168.1.111,172.217.9.238,0,0,0,0,0, 192.168.1.111,172.217.11.51,0,0,0,0,0, 192.168.1.111,172.217.11.46,0,0,0,0,0, 192.168.1.111,172.217.10.226,0,0,0,0,0, 192.168.1.111,172.217.17.67,0,0,0,0,0, 192.168.1.111,172.217.20.99,0,0,0,0,0, 192.168.1.111,172.217.9.237,0,0,0,0,0, 192.168.1.111,172.217.9.227,0,0,0,0,0, 192.168.1.111,172.217.11.14,0,0,0,0,0, 192.168.1.111,172.217.19.195,0,0,0,0,0, 192.168.1.111,216.58.209.131,0,0,0,0,0, 192.168.1.111,172.217.11.38,0,0,0,0,0, 192.168.1.111,0.0.0.0,0,0,0,0,0,0,0,0,0,0,1526485309174,0.0,1639.261,0,0,0,0,0,0,0,0,0,0.0,0.0,-1
1.7000000000000004,1,2,83,260, 192.168.1.111,74.125.155.199,0,0,0,0,0, 192.168.1.111,173.194.184.230,0,0,0,0,0, 192.168.1.111,23.208.94.102,0,0,0,0,0, 192.168.1.111,172.217.11.35,0,0,0,0,0, 192.168.1.111,172.217.11.22,0,0,0,0,0, 192.168.1.111,172.217.10.110,QUIC,1,2,83,260, 192.168.1.111,172.217.7.14,0,0,0,0,0, 192.168.1.111,172.217.11.10,0,0,0,0,0, 192.168.1.111,172.217.10.78,0,0,0,0,0, 192.168.1.111,172.217.11.3,0,0,0,0,0, 192.168.1.111,173.194.184.136,0,0,0,0,0, 192.168.1.111,172.217.12.206,0,0,0,0,0, 192.168.1.111,173.194.184.76,0,0,0,0,0, 192.168.1.111,172.217.9.238,0,0,0,0,0, 192.168.1.111,172.217.11.51,0,0,0,0,0, 192.168.1.111,172.217.11.46,0,0,0,0,0, 192.168.1.111,172.217.10.226,0,0,0,0,0, 192.168.1.111,172.217.17.67,0,0,0,0,0, 192.168.1.111,172.217.20.99,0,0,0,0,0, 192.168.1.111,172.217.9.237,0,0,0,0,0, 192.168.1.111,172.217.9.227,0,0,0,0,0, 192.168.1.111,172.217.11.14,0,0,0,0,0, 192.168.1.111,172.217.19.195,0,0,0,0,0, 192.168.1.111,216.58.209.131,0,0,0,0,0, 192.168.1.111,172.217.11.38,0,0,0,0,0, 192.168.1.111,0.0.0.0,0,0,0,0,0,0,0,0,0,0,1526485309174,0.0,1639.261,0,0,0,0,0,0,0,0,0,0.0,0.0,-1
1.8000000000000005,0,0,0,0, 192.168.1.111,74.125.155.199,0,0,0,0,0, 192.168.1.111,173.194.184.230,0,0,0,0,0, 192.168.1.111,23.208.94.102,0,0,0,0,0, 192.168.1.111,172.217.11.35,0,0,0,0,0, 192.168.1.111,172.217.11.22,0,0,0,0,0, 192.168.1.111,172.217.10.110,0,0,0,0,0, 192.168.1.111,172.217.7.14,0,0,0,0,0, 192.168.1.111,172.217.11.10,0,0,0,0,0, 192.168.1.111,172.217.10.78,0,0,0,0,0, 192.168.1.111,172.217.11.3,0,0,0,0,0, 192.168.1.111,173.194.184.136,0,0,0,0,0, 192.168.1.111,172.217.12.206,0,0,0,0,0, 192.168.1.111,173.194.184.76,0,0,0,0,0, 192.168.1.111,172.217.9.238,0,0,0,0,0, 192.168.1.111,172.217.11.51,0,0,0,0,0, 192.168.1.111,172.217.11.46,0,0,0,0,0, 192.168.1.111,172.217.10.226,0,0,0,0,0, 192.168.1.111,172.217.17.67,0,0,0,0,0, 192.168.1.111,172.217.20.99,0,0,0,0,0, 192.168.1.111,172.217.9.237,0,0,0,0,0, 192.168.1.111,172.217.9.227,0,0,0,0,0, 192.168.1.111,172.217.11.14,0,0,0,0,0, 192.168.1.111,172.217.19.195,0,0,0,0,0, 192.168.1.111,216.58.209.131,0,0,0,0,0, 192.168.1.111,172.217.11.38,0,0,0,0,0, 192.168.1.111,0.0.0.0,0,0,0,0,0,0,0,0,0,0,1526485309174,0.0,1639.261,0,0,0,0,0,0,0,0,0,0.0,0.0,-1
1.9000000000000008,3,2,1215,167, 192.168.1.111,74.125.155.199,0,0,0,0,0, 192.168.1.111,173.194.184.230,0,0,0,0,0, 192.168.1.111,23.208.94.102,0,0,0,0,0, 192.168.1.111,172.217.11.35,0,0,0,0,0, 192.168.1.111,172.217.11.22,0,0,0,0,0, 192.168.1.111,172.217.10.110,QUIC,1,0,426,0, 192.168.1.111,172.217.7.14,0,0,0,0,0, 192.168.1.111,172.217.11.10,0,0,0,0,0, 192.168.1.111,172.217.10.78,0,0,0,0,0, 192.168.1.111,172.217.11.3,0,0,0,0,0, 192.168.1.111,173.194.184.136,0,0,0,0,0, 192.168.1.111,172.217.12.206,0,0,0,0,0, 192.168.1.111,173.194.184.76,0,0,0,0,0, 192.168.1.111,172.217.9.238,0,0,0,0,0, 192.168.1.111,172.217.11.51,0,0,0,0,0, 192.168.1.111,172.217.11.46,0,0,0,0,0, 192.168.1.111,172.217.10.226,0,0,0,0,0, 192.168.1.111,172.217.17.67,0,0,0,0,0, 192.168.1.111,172.217.20.99,0,0,0,0,0, 192.168.1.111,172.217.9.237,0,0,0,0,0, 192.168.1.111,172.217.9.227,0,0,0,0,0, 192.168.1.111,172.217.11.14,0,0,0,0,0, 192.168.1.111,172.217.19.195,0,0,0,0,0, 192.168.1.111,216.58.209.131,0,0,0,0,0, 192.168.1.111,172.217.11.38,0,0,0,0,0, 192.168.1.111,0.0.0.0,0,2,1,789,69,0,0,0,0,0,1526485309174,0.0,1639.261,0,0,0,0,0,0,0,0,0,0.0,0.0,-1
5.099999999999998,13,25,4675,34800, 192.168.1.111,74.125.155.199,QUIC,6,25,1788,34800, 192.168.1.111,173.194.184.230,0,0,0,0,0, 192.168.1.111,23.208.94.102,0,0,0,0,0, 192.168.1.111,172.217.11.35,0,0,0,0,0, 192.168.1.111,172.217.11.22,0,0,0,0,0, 192.168.1.111,172.217.10.110,QUIC,4,0,2008,0, 192.168.1.111,172.217.7.14,0,0,0,0,0, 192.168.1.111,172.217.11.10,0,0,0,0,0, 192.168.1.111,172.217.10.78,0,0,0,0,0, 192.168.1.111,172.217.11.3,0,0,0,0,0, 192.168.1.111,173.194.184.136,0,0,0,0,0, 192.168.1.111,172.217.12.206,0,0,0,0,0, 192.168.1.111,173.194.184.76,0,0,0,0,0, 192.168.1.111,172.217.9.238,0,0,0,0,0, 192.168.1.111,172.217.11.51,0,0,0,0,0, 192.168.1.111,172.217.11.46,0,0,0,0,0, 192.168.1.111,172.217.10.226,QUIC,1,0,343,0, 192.168.1.111,172.217.17.67,0,0,0,0,0, 192.168.1.111,172.217.20.99,0,0,0,0,0, 192.168.1.111,172.217.9.237,0,0,0,0,0, 192.168.1.111,172.217.9.227,0,0,0,0,0, 192.168.1.111,172.217.11.14,0,0,0,0,0, 192.168.1.111,172.217.19.195,0,0,0,0,0, 192.168.1.111,216.58.209.131,0,0,0,0,0, 192.168.1.111,172.217.11.38,0,0,0,0,0, 192.168.1.111,0.0.0.0,0,2,0,536,0,0,0,1,0,1526485313505,1526485309174,0.0332199904632568,1639.261,0,0,1,0,0,0,0,0,0,5.304780009536743,0.0032563453897823,true
1800.0999999994583,0,0,0,0, 192.168.1.111,74.125.155.199,0,0,0,0,0, 192.168.1.111,173.194.184.230,0,0,0,0,0, 192.168.1.111,23.208.94.102,0,0,0,0,0, 192.168.1.111,172.217.11.35,0,0,0,0,0, 192.168.1.111,172.217.11.22,0,0,0,0,0, 192.168.1.111,172.217.10.110,0,0,0,0,0, 192.168.1.111,172.217.7.14,0,0,0,0,0, 192.168.1.111,172.217.11.10,0,0,0,0,0, 192.168.1.111,172.217.10.78,0,0,0,0,0, 192.168.1.111,172.217.11.3,0,0,0,0,0, 192.168.1.111,173.194.184.136,0,0,0,0,0, 192.168.1.111,172.217.12.206,0,0,0,0,0, 192.168.1.111,173.194.184.76,0,0,0,0,0, 192.168.1.111,172.217.9.238,0,0,0,0,0, 192.168.1.111,172.217.11.51,0,0,0,0,0, 192.168.1.111,172.217.11.46,0,0,0,0,0, 192.168.1.111,172.217.10.226,0,0,0,0,0, 192.168.1.111,172.217.17.67,0,0,0,0,0, 192.168.1.111,172.217.20.99,0,0,0,0,0, 192.168.1.111,172.217.9.237,0,0,0,0,0, 192.168.1.111,172.217.9.227,0,0,0,0,0, 192.168.1.111,172.217.11.14,0,0,0,0,0, 192.168.1.111,172.217.19.195,0,0,0,0,0, 192.168.1.111,216.58.209.131,0,0,0,0,0, 192.168.1.111,172.217.11.38,0,0,0,0,0, 192.168.1.111,0.0.0.0,0,0,0,0,0,0,0,0,0,0,1526485309174,0.0,1639.261,0,0,0,0,0,0,0,0,0,0.0,0.0,-1
1800.1999999994582,0,0,0,0, 192.168.1.111,74.125.155.199,0,0,0,0,0, 192.168.1.111,173.194.184.230,0,0,0,0,0, 192.168.1.111,23.208.94.102,0,0,0,0,0, 192.168.1.111,172.217.11.35,0,0,0,0,0, 192.168.1.111,172.217.11.22,0,0,0,0,0, 192.168.1.111,172.217.10.110,0,0,0,0,0, 192.168.1.111,172.217.7.14,0,0,0,0,0, 192.168.1.111,172.217.11.10,0,0,0,0,0, 192.168.1.111,172.217.10.78,0,0,0,0,0, 192.168.1.111,172.217.11.3,0,0,0,0,0, 192.168.1.111,173.194.184.136,0,0,0,0,0, 192.168.1.111,172.217.12.206,0,0,0,0,0, 192.168.1.111,173.194.184.76,0,0,0,0,0, 192.168.1.111,172.217.9.238,0,0,0,0,0, 192.168.1.111,172.217.11.51,0,0,0,0,0, 192.168.1.111,172.217.11.46,0,0,0,0,0, 192.168.1.111,172.217.10.226,0,0,0,0,0, 192.168.1.111,172.217.17.67,0,0,0,0,0, 192.168.1.111,172.217.20.99,0,0,0,0,0, 192.168.1.111,172.217.9.237,0,0,0,0,0, 192.168.1.111,172.217.9.227,0,0,0,0,0, 192.168.1.111,172.217.11.14,0,0,0,0,0, 192.168.1.111,172.217.19.195,0,0,0,0,0, 192.168.1.111,216.58.209.131,0,0,0,0,0, 192.168.1.111,172.217.11.38,0,0,0,0,0, 192.168.1.111,0.0.0.0,0,0,0,0,0,0,0,0,0,0,1526485309174,0.0,1639.261,0,0,0,0,0,0,0,0,0,0.0,0.0,-1
1800.299999999458,0,0,0,0, 192.168.1.111,74.125.155.199,0,0,0,0,0, 192.168.1.111,173.194.184.230,0,0,0,0,0, 192.168.1.111,23.208.94.102,0,0,0,0,0, 192.168.1.111,172.217.11.35,0,0,0,0,0, 192.168.1.111,172.217.11.22,0,0,0,0,0, 192.168.1.111,172.217.10.110,0,0,0,0,0, 192.168.1.111,172.217.7.14,0,0,0,0,0, 192.168.1.111,172.217.11.10,0,0,0,0,0, 192.168.1.111,172.217.10.78,0,0,0,0,0, 192.168.1.111,172.217.11.3,0,0,0,0,0, 192.168.1.111,173.194.184.136,0,0,0,0,0, 192.168.1.111,172.217.12.206,0,0,0,0,0, 192.168.1.111,173.194.184.76,0,0,0,0,0, 192.168.1.111,172.217.9.238,0,0,0,0,0, 192.168.1.111,172.217.11.51,0,0,0,0,0, 192.168.1.111,172.217.11.46,0,0,0,0,0, 192.168.1.111,172.217.10.226,0,0,0,0,0, 192.168.1.111,172.217.17.67,0,0,0,0,0, 192.168.1.111,172.217.20.99,0,0,0,0,0, 192.168.1.111,172.217.9.237,0,0,0,0,0, 192.168.1.111,172.217.9.227,0,0,0,0,0, 192.168.1.111,172.217.11.14,0,0,0,0,0, 192.168.1.111,172.217.19.195,0,0,0,0,0, 192.168.1.111,216.58.209.131,0,0,0,0,0, 192.168.1.111,172.217.11.38,0,0,0,0,0, 192.168.1.111,0.0.0.0,0,0,0,0,0,0,0,0,0,0,1526485309174,0.0,1639.261,0,0,0,0,0,0,0,0,0,0.0,0.0,-1
1800.399999999458,0,0,0,0, 192.168.1.111,74.125.155.199,0,0,0,0,0, 192.168.1.111,173.194.184.230,0,0,0,0,0, 192.168.1.111,23.208.94.102,0,0,0,0,0, 192.168.1.111,172.217.11.35,0,0,0,0,0, 192.168.1.111,172.217.11.22,0,0,0,0,0, 192.168.1.111,172.217.10.110,0,0,0,0,0, 192.168.1.111,172.217.7.14,0,0,0,0,0, 192.168.1.111,172.217.11.10,0,0,0,0,0, 192.168.1.111,172.217.10.78,0,0,0,0,0, 192.168.1.111,172.217.11.3,0,0,0,0,0, 192.168.1.111,173.194.184.136,0,0,0,0,0, 192.168.1.111,172.217.12.206,0,0,0,0,0, 192.168.1.111,173.194.184.76,0,0,0,0,0, 192.168.1.111,172.217.9.238,0,0,0,0,0, 192.168.1.111,172.217.11.51,0,0,0,0,0, 192.168.1.111,172.217.11.46,0,0,0,0,0, 192.168.1.111,172.217.10.226,0,0,0,0,0, 192.168.1.111,172.217.17.67,0,0,0,0,0, 192.168.1.111,172.217.20.99,0,0,0,0,0, 192.168.1.111,172.217.9.237,0,0,0,0,0, 192.168.1.111,172.217.9.227,0,0,0,0,0, 192.168.1.111,172.217.11.14,0,0,0,0,0, 192.168.1.111,172.217.19.195,0,0,0,0,0, 192.168.1.111,216.58.209.131,0,0,0,0,0, 192.168.1.111,172.217.11.38,0,0,0,0,0, 192.168.1.111,0.0.0.0,0,0,0,0,0,0,0,0,0,0,1526485309174,0.0,1639.261,0,0,0,0,0,0,0,0,0,0.0,0.0,-1
1800.499999999458,0,0,0,0, 192.168.1.111,74.125.155.199,0,0,0,0,0, 192.168.1.111,173.194.184.230,0,0,0,0,0, 192.168.1.111,23.208.94.102,0,0,0,0,0, 192.168.1.111,172.217.11.35,0,0,0,0,0, 192.168.1.111,172.217.11.22,0,0,0,0,0, 192.168.1.111,172.217.10.110,0,0,0,0,0, 192.168.1.111,172.217.7.14,0,0,0,0,0, 192.168.1.111,172.217.11.10,0,0,0,0,0, 192.168.1.111,172.217.10.78,0,0,0,0,0, 192.168.1.111,172.217.11.3,0,0,0,0,0, 192.168.1.111,173.194.184.136,0,0,0,0,0, 192.168.1.111,172.217.12.206,0,0,0,0,0, 192.168.1.111,173.194.184.76,0,0,0,0,0, 192.168.1.111,172.217.9.238,0,0,0,0,0, 192.168.1.111,172.217.11.51,0,0,0,0,0, 192.168.1.111,172.217.11.46,0,0,0,0,0, 192.168.1.111,172.217.10.226,0,0,0,0,0, 192.168.1.111,172.217.17.67,0,0,0,0,0, 192.168.1.111,172.217.20.99,0,0,0,0,0, 192.168.1.111,172.217.9.237,0,0,0,0,0, 192.168.1.111,172.217.9.227,0,0,0,0,0, 192.168.1.111,172.217.11.14,0,0,0,0,0, 192.168.1.111,172.217.19.195,0,0,0,0,0, 192.168.1.111,216.58.209.131,0,0,0,0,0, 192.168.1.111,172.217.11.38,0,0,0,0,0, 192.168.1.111,0.0.0.0,0,0,0,0,0,0,0,0,0,0,1526485309174,0.0,1639.261,0,0,0,0,0,0,0,0,0,0.0,0.0,-1
1800.599999999458,0,0,0,0, 192.168.1.111,74.125.155.199,0,0,0,0,0, 192.168.1.111,173.194.184.230,0,0,0,0,0, 192.168.1.111,23.208.94.102,0,0,0,0,0, 192.168.1.111,172.217.11.35,0,0,0,0,0, 192.168.1.111,172.217.11.22,0,0,0,0,0, 192.168.1.111,172.217.10.110,0,0,0,0,0, 192.168.1.111,172.217.7.14,0,0,0,0,0, 192.168.1.111,172.217.11.10,0,0,0,0,0, 192.168.1.111,172.217.10.78,0,0,0,0,0, 192.168.1.111,172.217.11.3,0,0,0,0,0, 192.168.1.111,173.194.184.136,0,0,0,0,0, 192.168.1.111,172.217.12.206,0,0,0,0,0, 192.168.1.111,173.194.184.76,0,0,0,0,0, 192.168.1.111,172.217.9.238,0,0,0,0,0, 192.168.1.111,172.217.11.51,0,0,0,0,0, 192.168.1.111,172.217.11.46,0,0,0,0,0, 192.168.1.111,172.217.10.226,0,0,0,0,0, 192.168.1.111,172.217.17.67,0,0,0,0,0, 192.168.1.111,172.217.20.99,0,0,0,0,0, 192.168.1.111,172.217.9.237,0,0,0,0,0, 192.168.1.111,172.217.9.227,0,0,0,0,0, 192.168.1.111,172.217.11.14,0,0,0,0,0, 192.168.1.111,172.217.19.195,0,0,0,0,0, 192.168.1.111,216.58.209.131,0,0,0,0,0, 192.168.1.111,172.217.11.38,0,0,0,0,0, 192.168.1.111,0.0.0.0,0,0,0,0,0,0,0,0,0,0,1526485309174,0.0,1639.261,0,0,0,0,0,0,0,0,0,0.0,0.0,-1
1800.6999999994578,0,0,0,0, 192.168.1.111,74.125.155.199,0,0,0,0,0, 192.168.1.111,173.194.184.230,0,0,0,0,0, 192.168.1.111,23.208.94.102,0,0,0,0,0, 192.168.1.111,172.217.11.35,0,0,0,0,0, 192.168.1.111,172.217.11.22,0,0,0,0,0, 192.168.1.111,172.217.10.110,0,0,0,0,0, 192.168.1.111,172.217.7.14,0,0,0,0,0, 192.168.1.111,172.217.11.10,0,0,0,0,0, 192.168.1.111,172.217.10.78,0,0,0,0,0, 192.168.1.111,172.217.11.3,0,0,0,0,0, 192.168.1.111,173.194.184.136,0,0,0,0,0, 192.168.1.111,172.217.12.206,0,0,0,0,0, 192.168.1.111,173.194.184.76,0,0,0,0,0, 192.168.1.111,172.217.9.238,0,0,0,0,0, 192.168.1.111,172.217.11.51,0,0,0,0,0, 192.168.1.111,172.217.11.46,0,0,0,0,0, 192.168.1.111,172.217.10.226,0,0,0,0,0, 192.168.1.111,172.217.17.67,0,0,0,0,0, 192.168.1.111,172.217.20.99,0,0,0,0,0, 192.168.1.111,172.217.9.237,0,0,0,0,0, 192.168.1.111,172.217.9.227,0,0,0,0,0, 192.168.1.111,172.217.11.14,0,0,0,0,0, 192.168.1.111,172.217.19.195,0,0,0,0,0, 192.168.1.111,216.58.209.131,0,0,0,0,0, 192.168.1.111,172.217.11.38,0,0,0,0,0, 192.168.1.111,0.0.0.0,0,0,0,0,0,0,0,0,0,0,1526485309174,0.0,1639.261,0,0,0,0,0,0,0,0,0,0.0,0.0,-1
1800.7999999994577,0,0,0,0, 192.168.1.111,74.125.155.199,0,0,0,0,0, 192.168.1.111,173.194.184.230,0,0,0,0,0, 192.168.1.111,23.208.94.102,0,0,0,0,0, 192.168.1.111,172.217.11.35,0,0,0,0,0, 192.168.1.111,172.217.11.22,0,0,0,0,0, 192.168.1.111,172.217.10.110,0,0,0,0,0, 192.168.1.111,172.217.7.14,0,0,0,0,0, 192.168.1.111,172.217.11.10,0,0,0,0,0, 192.168.1.111,172.217.10.78,0,0,0,0,0, 192.168.1.111,172.217.11.3,0,0,0,0,0, 192.168.1.111,173.194.184.136,0,0,0,0,0, 192.168.1.111,172.217.12.206,0,0,0,0,0, 192.168.1.111,173.194.184.76,0,0,0,0,0, 192.168.1.111,172.217.9.238,0,0,0,0,0, 192.168.1.111,172.217.11.51,0,0,0,0,0, 192.168.1.111,172.217.11.46,0,0,0,0,0, 192.168.1.111,172.217.10.226,0,0,0,0,0, 192.168.1.111,172.217.17.67,0,0,0,0,0, 192.168.1.111,172.217.20.99,0,0,0,0,0, 192.168.1.111,172.217.9.237,0,0,0,0,0, 192.168.1.111,172.217.9.227,0,0,0,0,0, 192.168.1.111,172.217.11.14,0,0,0,0,0, 192.168.1.111,172.217.19.195,0,0,0,0,0, 192.168.1.111,216.58.209.131,0,0,0,0,0, 192.168.1.111,172.217.11.38,0,0,0,0,0, 192.168.1.111,0.0.0.0,0,0,0,0,0,0,0,0,0,0,1526485309174,0.0,1639.261,0,0,0,0,0,0,0,0,0,0.0,0.0,-1
1800.8999999994576,0,0,0,0, 192.168.1.111,74.125.155.199,0,0,0,0,0, 192.168.1.111,173.194.184.230,0,0,0,0,0, 192.168.1.111,23.208.94.102,0,0,0,0,0, 192.168.1.111,172.217.11.35,0,0,0,0,0, 192.168.1.111,172.217.11.22,0,0,0,0,0, 192.168.1.111,172.217.10.110,0,0,0,0,0, 192.168.1.111,172.217.7.14,0,0,0,0,0, 192.168.1.111,172.217.11.10,0,0,0,0,0, 192.168.1.111,172.217.10.78,0,0,0,0,0, 192.168.1.111,172.217.11.3,0,0,0,0,0, 192.168.1.111,173.194.184.136,0,0,0,0,0, 192.168.1.111,172.217.12.206,0,0,0,0,0, 192.168.1.111,173.194.184.76,0,0,0,0,0, 192.168.1.111,172.217.9.238,0,0,0,0,0, 192.168.1.111,172.217.11.51,0,0,0,0,0, 192.168.1.111,172.217.11.46,0,0,0,0,0, 192.168.1.111,172.217.10.226,0,0,0,0,0, 192.168.1.111,172.217.17.67,0,0,0,0,0, 192.168.1.111,172.217.20.99,0,0,0,0,0, 192.168.1.111,172.217.9.237,0,0,0,0,0, 192.168.1.111,172.217.9.227,0,0,0,0,0, 192.168.1.111,172.217.11.14,0,0,0,0,0, 192.168.1.111,172.217.19.195,0,0,0,0,0, 192.168.1.111,216.58.209.131,0,0,0,0,0, 192.168.1.111,172.217.11.38,0,0,0,0,0, 192.168.1.111,0.0.0.0,0,0,0,0,0,0,0,0,0,0,1526485309174,0.0,1639.261,0,0,0,0,0,0,0,0,0,0.0,0.0,-1
0.0,1,0,1392,0, 192.168.1.111,172.217.135.9,0,0,0,0,0, 192.168.1.111,172.217.12.131,0,0,0,0,0, 192.168.1.111,172.217.11.46,QUIC,1,0,1392,0, 192.168.1.111,172.217.12.142,0,0,0,0,0, 192.168.1.111,172.217.10.14,0,0,0,0,0, 192.168.1.111,172.217.12.147,0,0,0,0,0, 192.168.1.111,172.217.10.110,0,0,0,0,0, 192.168.1.111,172.217.12.141,0,0,0,0,0, 192.168.1.111,172.217.12.138,0,0,0,0,0, 192.168.1.111,104.237.191.1,0,0,0,0,0, 192.168.1.111,172.217.10.98,0,0,0,0,0, 192.168.1.111,172.217.12.134,0,0,0,0,0, 192.168.1.111,172.217.13.68,0,0,0,0,0, 192.168.1.111,0,0,0,0,0,0, 192.168.1.111,0,0,0,0,0,0, 192.168.1.111,0,0,0,0,0,0, 192.168.1.111,0,0,0,0,0,0, 192.168.1.111,0,0,0,0,0,0, 192.168.1.111,0,0,0,0,0,0, 192.168.1.111,0,0,0,0,0,0, 192.168.1.111,0,0,0,0,0,0, 192.168.1.111,0,0,0,0,0,0, 192.168.1.111,0,0,0,0,0,0, 192.168.1.111,0,0,0,0,0,0, 192.168.1.111,0,0,0,0,0,0, 192.168.1.111,0.0.0.0,0,0,0,0,0,0,0,0,0,0,1526926417259,0.0,31732.921,0,0,0,0,0,0,0,0,0,0.0,0.0,-1
0.1,10,11,3421,7401, 192.168.1.111,172.217.135.9,0,0,0,0,0, 192.168.1.111,172.217.12.131,0,0,0,0,0, 192.168.1.111,172.217.11.46,QUIC,2,3,161,1537, 192.168.1.111,172.217.12.142,QUIC,4,4,1630,2932, 192.168.1.111,172.217.10.14,0,0,0,0,0, 192.168.1.111,172.217.12.147,0,0,0,0,0, 192.168.1.111,172.217.10.110,0,0,0,0,0, 192.168.1.111,172.217.12.141,0,0,0,0,0, 192.168.1.111,172.217.12.138,QUIC,4,4,1630,2932, 192.168.1.111,104.237.191.1,0,0,0,0,0, 192.168.1.111,172.217.10.98,0,0,0,0,0, 192.168.1.111,172.217.12.134,0,0,0,0,0, 192.168.1.111,172.217.13.68,0,0,0,0,0, 192.168.1.111,0,0,0,0,0,0, 192.168.1.111,0,0,0,0,0,0, 192.168.1.111,0,0,0,0,0,0, 192.168.1.111,0,0,0,0,0,0, 192.168.1.111,0,0,0,0,0,0, 192.168.1.111,0,0,0,0,0,0, 192.168.1.111,0,0,0,0,0,0, 192.168.1.111,0,0,0,0,0,0, 192.168.1.111,0,0,0,0,0,0, 192.168.1.111,0,0,0,0,0,0, 192.168.1.111,0,0,0,0,0,0, 192.168.1.111,0,0,0,0,0,0, 192.168.1.111,0.0.0.0,0,0,0,0,0,0,0,0,0,0,1526926417259,0.0,31732.921,0,0,0,0,0,0,0,0,0,0.0,0.0,-1
0.2,0,0,0,0, 192.168.1.111,172.217.135.9,0,0,0,0,0, 192.168.1.111,172.217.12.131,0,0,0,0,0, 192.168.1.111,172.217.11.46,0,0,0,0,0, 192.168.1.111,172.217.12.142,0,0,0,0,0, 192.168.1.111,172.217.10.14,0,0,0,0,0, 192.168.1.111,172.217.12.147,0,0,0,0,0, 192.168.1.111,172.217.10.110,0,0,0,0,0, 192.168.1.111,172.217.12.141,0,0,0,0,0, 192.168.1.111,172.217.12.138,0,0,0,0,0, 192.168.1.111,104.237.191.1,0,0,0,0,0, 192.168.1.111,172.217.10.98,0,0,0,0,0, 192.168.1.111,172.217.12.134,0,0,0,0,0, 192.168.1.111,172.217.13.68,0,0,0,0,0, 192.168.1.111,0,0,0,0,0,0, 192.168.1.111,0,0,0,0,0,0, 192.168.1.111,0,0,0,0,0,0, 192.168.1.111,0,0,0,0,0,0, 192.168.1.111,0,0,0,0,0,0, 192.168.1.111,0,0,0,0,0,0, 192.168.1.111,0,0,0,0,0,0, 192.168.1.111,0,0,0,0,0,0, 192.168.1.111,0,0,0,0,0,0, 192.168.1.111,0,0,0,0,0,0, 192.168.1.111,0,0,0,0,0,0, 192.168.1.111,0,0,0,0,0,0, 192.168.1.111,0.0.0.0,0,0,0,0,0,0,0,0,0,0,1526926417259,0.0,31732.921,0,0,0,0,0,0,0,0,0,0.0,0.0,-1
0.3,0,0,0,0, 192.168.1.111,172.217.135.9,0,0,0,0,0, 192.168.1.111,172.217.12.131,0,0,0,0,0, 192.168.1.111,172.217.11.46,0,0,0,0,0, 192.168.1.111,172.217.12.142,0,0,0,0,0, 192.168.1.111,172.217.10.14,0,0,0,0,0, 192.168.1.111,172.217.12.147,0,0,0,0,0, 192.168.1.111,172.217.10.110,0,0,0,0,0, 192.168.1.111,172.217.12.141,0,0,0,0,0, 192.168.1.111,172.217.12.138,0,0,0,0,0, 192.168.1.111,104.237.191.1,0,0,0,0,0, 192.168.1.111,172.217.10.98,0,0,0,0,0, 192.168.1.111,172.217.12.134,0,0,0,0,0, 192.168.1.111,172.217.13.68,0,0,0,0,0, 192.168.1.111,0,0,0,0,0,0, 192.168.1.111,0,0,0,0,0,0, 192.168.1.111,0,0,0,0,0,0, 192.168.1.111,0,0,0,0,0,0, 192.168.1.111,0,0,0,0,0,0, 192.168.1.111,0,0,0,0,0,0, 192.168.1.111,0,0,0,0,0,0, 192.168.1.111,0,0,0,0,0,0, 192.168.1.111,0,0,0,0,0,0, 192.168.1.111,0,0,0,0,0,0, 192.168.1.111,0,0,0,0,0,0, 192.168.1.111,0,0,0,0,0,0, 192.168.1.111,0.0.0.0,0,0,0,0,0,0,0,0,0,0,1526926417259,0.0,31732.921,0,0,0,0,0,0,0,0,0,0.0,0.0,-1
0.4,1,0,217,0, 192.168.1.111,172.217.135.9,0,0,0,0,0, 192.168.1.111,172.217.12.131,0,0,0,0,0, 192.168.1.111,172.217.11.46,0,0,0,0,0, 192.168.1.111,172.217.12.142,0,0,0,0,0, 192.168.1.111,172.217.10.14,0,0,0,0,0, 192.168.1.111,172.217.12.147,0,0,0,0,0, 192.168.1.111,172.217.10.110,0,0,0,0,0, 192.168.1.111,172.217.12.141,0,0,0,0,0, 192.168.1.111,172.217.12.138,0,0,0,0,0, 192.168.1.111,104.237.191.1,0,0,0,0,0, 192.168.1.111,172.217.10.98,0,0,0,0,0, 192.168.1.111,172.217.12.134,0,0,0,0,0, 192.168.1.111,172.217.13.68,0,0,0,0,0, 192.168.1.111,0,0,0,0,0,0, 192.168.1.111,0,0,0,0,0,0, 192.168.1.111,0,0,0,0,0,0, 192.168.1.111,0,0,0,0,0,0, 192.168.1.111,0,0,0,0,0,0, 192.168.1.111,0,0,0,0,0,0, 192.168.1.111,0,0,0,0,0,0, 192.168.1.111,0,0,0,0,0,0, 192.168.1.111,0,0,0,0,0,0, 192.168.1.111,0,0,0,0,0,0, 192.168.1.111,0,0,0,0,0,0, 192.168.1.111,0,0,0,0,0,0, 192.168.1.111,0.0.0.0,0,1,0,217,0,0,0,0,0,0,1526926417259,0.0,31732.921,0,0,0,0,0,0,0,0,0,0.0,0.0,-1
0.5,5,3,3788,4046, 192.168.1.111,172.217.135.9,0,0,0,0,0, 192.168.1.111,172.217.12.131,QUIC,3,2,2864,2784, 192.168.1.111,172.217.11.46,QUIC,1,1,845,1262, 192.168.1.111,172.217.12.142,0,0,0,0,0, 192.168.1.111,172.217.10.14,0,0,0,0,0, 192.168.1.111,172.217.12.147,0,0,0,0,0, 192.168.1.111,172.217.10.110,0,0,0,0,0, 192.168.1.111,172.217.12.141,0,0,0,0,0, 192.168.1.111,172.217.12.138,0,0,0,0,0, 192.168.1.111,104.237.191.1,0,0,0,0,0, 192.168.1.111,172.217.10.98,0,0,0,0,0, 192.168.1.111,172.217.12.134,0,0,0,0,0, 192.168.1.111,172.217.13.68,0,0,0,0,0, 192.168.1.111,0,0,0,0,0,0, 192.168.1.111,0,0,0,0,0,0, 192.168.1.111,0,0,0,0,0,0, 192.168.1.111,0,0,0,0,0,0, 192.168.1.111,0,0,0,0,0,0, 192.168.1.111,0,0,0,0,0,0, 192.168.1.111,0,0,0,0,0,0, 192.168.1.111,0,0,0,0,0,0, 192.168.1.111,0,0,0,0,0,0, 192.168.1.111,0,0,0,0,0,0, 192.168.1.111,0,0,0,0,0,0, 192.168.1.111,0,0,0,0,0,0, 192.168.1.111,0.0.0.0,0,1,0,79,0,0,0,0,0,0,1526926417259,0.0,31732.921,0,0,0,0,0,0,0,0,0,0.0,0.0,-1
0.6,20,17,7262,9888, 192.168.1.111,172.217.135.9,0,0,0,0,0, 192.168.1.111,172.217.12.131,QUIC,3,3,235,1537, 192.168.1.111,172.217.11.46,QUIC,1,0,80,0, 192.168.1.111,172.217.12.142,0,0,0,0,0, 192.168.1.111,172.217.10.14,0,0,0,0,0, 192.168.1.111,172.217.12.147,0,0,0,0,0, 192.168.1.111,172.217.10.110,0,0,0,0,0, 192.168.1.111,172.217.12.141,TCP,16,13,6947,8256, 192.168.1.111,172.217.12.138,0,0,0,0,0, 192.168.1.111,104.237.191.1,0,0,0,0,0, 192.168.1.111,172.217.10.98,0,0,0,0,0, 192.168.1.111,172.217.12.134,0,0,0,0,0, 192.168.1.111,172.217.13.68,0,0,0,0,0, 192.168.1.111,0,0,0,0,0,0, 192.168.1.111,0,0,0,0,0,0, 192.168.1.111,0,0,0,0,0,0, 192.168.1.111,0,0,0,0,0,0, 192.168.1.111,0,0,0,0,0,0, 192.168.1.111,0,0,0,0,0,0, 192.168.1.111,0,0,0,0,0,0, 192.168.1.111,0,0,0,0,0,0, 192.168.1.111,0,0,0,0,0,0, 192.168.1.111,0,0,0,0,0,0, 192.168.1.111,0,0,0,0,0,0, 192.168.1.111,0,0,0,0,0,0, 192.168.1.111,0.0.0.0,0,0,1,0,95,0,0,0,0,0,1526926417259,0.0,31732.921,0,0,0,0,0,0,0,0,0,0.0,0.0,-1
0.7,1,2,83,1317, 192.168.1.111,172.217.135.9,0,0,0,0,0, 192.168.1.111,172.217.12.131,0,0,0,0,0, 192.168.1.111,172.217.11.46,0,0,0,0,0, 192.168.1.111,172.217.12.142,0,0,0,0,0, 192.168.1.111,172.217.10.14,0,0,0,0,0, 192.168.1.111,172.217.12.147,0,0,0,0,0, 192.168.1.111,172.217.10.110,0,0,0,0,0, 192.168.1.111,172.217.12.141,QUIC,1,2,83,1317, 192.168.1.111,172.217.12.138,0,0,0,0,0, 192.168.1.111,104.237.191.1,0,0,0,0,0, 192.168.1.111,172.217.10.98,0,0,0,0,0, 192.168.1.111,172.217.12.134,0,0,0,0,0, 192.168.1.111,172.217.13.68,0,0,0,0,0, 192.168.1.111,0,0,0,0,0,0, 192.168.1.111,0,0,0,0,0,0, 192.168.1.111,0,0,0,0,0,0, 192.168.1.111,0,0,0,0,0,0, 192.168.1.111,0,0,0,0,0,0, 192.168.1.111,0,0,0,0,0,0, 192.168.1.111,0,0,0,0,0,0, 192.168.1.111,0,0,0,0,0,0, 192.168.1.111,0,0,0,0,0,0, 192.168.1.111,0,0,0,0,0,0, 192.168.1.111,0,0,0,0,0,0, 192.168.1.111,0,0,0,0,0,0, 192.168.1.111,0.0.0.0,0,0,0,0,0,0,0,0,0,0,1526926417259,0.0,31732.921,0,0,0,0,0,0,0,0,0,0.0,0.0,-1
0.7999999999999999,0,0,0,0, 192.168.1.111,172.217.135.9,0,0,0,0,0, 192.168.1.111,172.217.12.131,0,0,0,0,0, 192.168.1.111,172.217.11.46,0,0,0,0,0, 192.168.1.111,172.217.12.142,0,0,0,0,0, 192.168.1.111,172.217.10.14,0,0,0,0,0, 192.168.1.111,172.217.12.147,0,0,0,0,0, 192.168.1.111,172.217.10.110,0,0,0,0,0, 192.168.1.111,172.217.12.141,0,0,0,0,0, 192.168.1.111,172.217.12.138,0,0,0,0,0, 192.168.1.111,104.237.191.1,0,0,0,0,0, 192.168.1.111,172.217.10.98,0,0,0,0,0, 192.168.1.111,172.217.12.134,0,0,0,0,0, 192.168.1.111,172.217.13.68,0,0,0,0,0, 192.168.1.111,0,0,0,0,0,0, 192.168.1.111,0,0,0,0,0,0, 192.168.1.111,0,0,0,0,0,0, 192.168.1.111,0,0,0,0,0,0, 192.168.1.111,0,0,0,0,0,0, 192.168.1.111,0,0,0,0,0,0, 192.168.1.111,0,0,0,0,0,0, 192.168.1.111,0,0,0,0,0,0, 192.168.1.111,0,0,0,0,0,0, 192.168.1.111,0,0,0,0,0,0, 192.168.1.111,0,0,0,0,0,0, 192.168.1.111,0,0,0,0,0,0, 192.168.1.111,0.0.0.0,0,0,0,0,0,0,0,0,0,0,1526926417259,0.0,31732.921,0,0,0,0,0,0,0,0,0,0.0,0.0,-1
0.8999999999999999,0,0,0,0, 192.168.1.111,172.217.135.9,0,0,0,0,0, 192.168.1.111,172.217.12.131,0,0,0,0,0, 192.168.1.111,172.217.11.46,0,0,0,0,0, 192.168.1.111,172.217.12.142,0,0,0,0,0, 192.168.1.111,172.217.10.14,0,0,0,0,0, 192.168.1.111,172.217.12.147,0,0,0,0,0, 192.168.1.111,172.217.10.110,0,0,0,0,0, 192.168.1.111,172.217.12.141,0,0,0,0,0, 192.168.1.111,172.217.12.138,0,0,0,0,0, 192.168.1.111,104.237.191.1,0,0,0,0,0, 192.168.1.111,172.217.10.98,0,0,0,0,0, 192.168.1.111,172.217.12.134,0,0,0,0,0, 192.168.1.111,172.217.13.68,0,0,0,0,0, 192.168.1.111,0,0,0,0,0,0, 192.168.1.111,0,0,0,0,0,0, 192.168.1.111,0,0,0,0,0,0, 192.168.1.111,0,0,0,0,0,0, 192.168.1.111,0,0,0,0,0,0, 192.168.1.111,0,0,0,0,0,0, 192.168.1.111,0,0,0,0,0,0, 192.168.1.111,0,0,0,0,0,0, 192.168.1.111,0,0,0,0,0,0, 192.168.1.111,0,0,0,0,0,0, 192.168.1.111,0,0,0,0,0,0, 192.168.1.111,0,0,0,0,0,0, 192.168.1.111,0.0.0.0,0,0,0,0,0,0,0,0,0,0,1526926417259,0.0,31732.921,0,0,0,0,0,0,0,0,0,0.0,0.0,-1
1.0,0,0,0,0, 192.168.1.111,172.217.135.9,0,0,0,0,0, 192.168.1.111,172.217.12.131,0,0,0,0,0, 192.168.1.111,172.217.11.46,0,0,0,0,0, 192.168.1.111,172.217.12.142,0,0,0,0,0, 192.168.1.111,172.217.10.14,0,0,0,0,0, 192.168.1.111,172.217.12.147,0,0,0,0,0, 192.168.1.111,172.217.10.110,0,0,0,0,0, 192.168.1.111,172.217.12.141,0,0,0,0,0, 192.168.1.111,172.217.12.138,0,0,0,0,0, 192.168.1.111,104.237.191.1,0,0,0,0,0, 192.168.1.111,172.217.10.98,0,0,0,0,0, 192.168.1.111,172.217.12.134,0,0,0,0,0, 192.168.1.111,172.217.13.68,0,0,0,0,0, 192.168.1.111,0,0,0,0,0,0, 192.168.1.111,0,0,0,0,0,0, 192.168.1.111,0,0,0,0,0,0, 192.168.1.111,0,0,0,0,0,0, 192.168.1.111,0,0,0,0,0,0, 192.168.1.111,0,0,0,0,0,0, 192.168.1.111,0,0,0,0,0,0, 192.168.1.111,0,0,0,0,0,0, 192.168.1.111,0,0,0,0,0,0, 192.168.1.111,0,0,0,0,0,0, 192.168.1.111,0,0,0,0,0,0, 192.168.1.111,0,0,0,0,0,0, 192.168.1.111,0.0.0.0,0,0,0,0,0,0,0,0,0,0,1526926417259,0.0,31732.921,0,0,0,0,0,0,0,0,0,0.0,0.0,-1
1.1,23,21,12513,17548, 192.168.1.111,172.217.135.9,0,0,0,0,0, 192.168.1.111,172.217.12.131,QUIC,4,5,2945,4321, 192.168.1.111,172.217.11.46,QUIC,1,1,239,72, 192.168.1.111,172.217.12.142,0,0,0,0,0, 192.168.1.111,172.217.10.14,0,0,0,0,0, 192.168.1.111,172.217.12.147,0,0,0,0,0, 192.168.1.111,172.217.10.110,0,0,0,0,0, 192.168.1.111,172.217.12.141,0,0,0,0,0, 192.168.1.111,172.217.12.138,0,0,0,0,0, 192.168.1.111,104.237.191.1,0,0,0,0,0, 192.168.1.111,172.217.10.98,QUIC,5,4,3025,4249, 192.168.1.111,172.217.12.134,QUIC,5,4,3022,4249, 192.168.1.111,172.217.13.68,QUIC,5,4,3025,4249, 192.168.1.111,0,0,0,0,0,0, 192.168.1.111,0,0,0,0,0,0, 192.168.1.111,0,0,0,0,0,0, 192.168.1.111,0,0,0,0,0,0, 192.168.1.111,0,0,0,0,0,0, 192.168.1.111,0,0,0,0,0,0, 192.168.1.111,0,0,0,0,0,0, 192.168.1.111,0,0,0,0,0,0, 192.168.1.111,0,0,0,0,0,0, 192.168.1.111,0,0,0,0,0,0, 192.168.1.111,0,0,0,0,0,0, 192.168.1.111,0,0,0,0,0,0, 192.168.1.111,0.0.0.0,0,3,3,257,408,0,0,0,0,0,1526926417259,0.0,31732.921,0,0,0,0,0,0,0,0,0,0.0,0.0,-1
1.2,2,5,163,3000, 192.168.1.111,172.217.135.9,0,0,0,0,0, 192.168.1.111,172.217.12.131,0,0,0,0,0, 192.168.1.111,172.217.11.46,QUIC,1,2,83,2784, 192.168.1.111,172.217.12.142,0,0,0,0,0, 192.168.1.111,172.217.10.14,0,0,0,0,0, 192.168.1.111,172.217.12.147,0,0,0,0,0, 192.168.1.111,172.217.10.110,0,0,0,0,0, 192.168.1.111,172.217.12.141,0,0,0,0,0, 192.168.1.111,172.217.12.138,0,0,0,0,0, 192.168.1.111,104.237.191.1,0,0,0,0,0, 192.168.1.111,172.217.10.98,QUIC,0,1,0,72, 192.168.1.111,172.217.12.134,QUIC,1,1,80,72, 192.168.1.111,172.217.13.68,QUIC,0,1,0,72, 192.168.1.111,0,0,0,0,0,0, 192.168.1.111,0,0,0,0,0,0, 192.168.1.111,0,0,0,0,0,0, 192.168.1.111,0,0,0,0,0,0, 192.168.1.111,0,0,0,0,0,0, 192.168.1.111,0,0,0,0,0,0, 192.168.1.111,0,0,0,0,0,0, 192.168.1.111,0,0,0,0,0,0, 192.168.1.111,0,0,0,0,0,0, 192.168.1.111,0,0,0,0,0,0, 192.168.1.111,0,0,0,0,0,0, 192.168.1.111,0,0,0,0,0,0, 192.168.1.111,0.0.0.0,0,0,0,0,0,0,0,0,0,0,1526926417259,0.0,31732.921,0,0,0,0,0,0,0,0,0,0.0,0.0,-1
1.3,7,14,560,15008, 192.168.1.111,172.217.135.9,0,0,0,0,0, 192.168.1.111,172.217.12.131,0,0,0,0,0, 192.168.1.111,172.217.11.46,QUIC,7,14,560,15008, 192.168.1.111,172.217.12.142,0,0,0,0,0, 192.168.1.111,172.217.10.14,0,0,0,0,0, 192.168.1.111,172.217.12.147,0,0,0,0,0, 192.168.1.111,172.217.10.110,0,0,0,0,0, 192.168.1.111,172.217.12.141,0,0,0,0,0, 192.168.1.111,172.217.12.138,0,0,0,0,0, 192.168.1.111,104.237.191.1,0,0,0,0,0, 192.168.1.111,172.217.10.98,0,0,0,0,0, 192.168.1.111,172.217.12.134,0,0,0,0,0, 192.168.1.111,172.217.13.68,0,0,0,0,0, 192.168.1.111,0,0,0,0,0,0, 192.168.1.111,0,0,0,0,0,0, 192.168.1.111,0,0,0,0,0,0, 192.168.1.111,0,0,0,0,0,0, 192.168.1.111,0,0,0,0,0,0, 192.168.1.111,0,0,0,0,0,0, 192.168.1.111,0,0,0,0,0,0, 192.168.1.111,0,0,0,0,0,0, 192.168.1.111,0,0,0,0,0,0, 192.168.1.111,0,0,0,0,0,0, 192.168.1.111,0,0,0,0,0,0, 192.168.1.111,0,0,0,0,0,0, 192.168.1.111,0.0.0.0,0,0,0,0,0,0,0,0,0,0,1526926417259,0.0,31732.921,0,0,0,0,0,0,0,0,0,0.0,0.0,-1
1.4,0,0,0,0, 192.168.1.111,172.217.135.9,0,0,0,0,0, 192.168.1.111,172.217.12.131,0,0,0,0,0, 192.168.1.111,172.217.11.46,0,0,0,0,0, 192.168.1.111,172.217.12.142,0,0,0,0,0, 192.168.1.111,172.217.10.14,0,0,0,0,0, 192.168.1.111,172.217.12.147,0,0,0,0,0, 192.168.1.111,172.217.10.110,0,0,0,0,0, 192.168.1.111,172.217.12.141,0,0,0,0,0, 192.168.1.111,172.217.12.138,0,0,0,0,0, 192.168.1.111,104.237.191.1,0,0,0,0,0, 192.168.1.111,172.217.10.98,0,0,0,0,0, 192.168.1.111,172.217.12.134,0,0,0,0,0, 192.168.1.111,172.217.13.68,0,0,0,0,0, 192.168.1.111,0,0,0,0,0,0, 192.168.1.111,0,0,0,0,0,0, 192.168.1.111,0,0,0,0,0,0, 192.168.1.111,0,0,0,0,0,0, 192.168.1.111,0,0,0,0,0,0, 192.168.1.111,0,0,0,0,0,0, 192.168.1.111,0,0,0,0,0,0, 192.168.1.111,0,0,0,0,0,0, 192.168.1.111,0,0,0,0,0,0, 192.168.1.111,0,0,0,0,0,0, 192.168.1.111,0,0,0,0,0,0, 192.168.1.111,0,0,0,0,0,0, 192.168.1.111,0.0.0.0,0,0,0,0,0,0,0,0,0,0,1526926417259,0.0,31732.921,0,0,0,0,0,0,0,0,0,0.0,0.0,-1
1.5000000000000002,1,1,82,102, 192.168.1.111,172.217.135.9,0,0,0,0,0, 192.168.1.111,172.217.12.131,0,0,0,0,0, 192.168.1.111,172.217.11.46,0,0,0,0,0, 192.168.1.111,172.217.12.142,0,0,0,0,0, 192.168.1.111,172.217.10.14,0,0,0,0,0, 192.168.1.111,172.217.12.147,0,0,0,0,0, 192.168.1.111,172.217.10.110,0,0,0,0,0, 192.168.1.111,172.217.12.141,0,0,0,0,0, 192.168.1.111,172.217.12.138,0,0,0,0,0, 192.168.1.111,104.237.191.1,0,0,0,0,0, 192.168.1.111,172.217.10.98,0,0,0,0,0, 192.168.1.111,172.217.12.134,0,0,0,0,0, 192.168.1.111,172.217.13.68,0,0,0,0,0, 192.168.1.111,0,0,0,0,0,0, 192.168.1.111,0,0,0,0,0,0, 192.168.1.111,0,0,0,0,0,0, 192.168.1.111,0,0,0,0,0,0, 192.168.1.111,0,0,0,0,0,0, 192.168.1.111,0,0,0,0,0,0, 192.168.1.111,0,0,0,0,0,0, 192.168.1.111,0,0,0,0,0,0, 192.168.1.111,0,0,0,0,0,0, 192.168.1.111,0,0,0,0,0,0, 192.168.1.111,0,0,0,0,0,0, 192.168.1.111,0,0,0,0,0,0, 192.168.1.111,0.0.0.0,0,1,0,82,0,0,0,0,0,0,1526926417259,0.0,31732.921,0,0,0,0,0,0,0,0,0,0.0,0.0,-1
1.6000000000000003,0,0,0,0, 192.168.1.111,172.217.135.9,0,0,0,0,0, 192.168.1.111,172.217.12.131,0,0,0,0,0, 192.168.1.111,172.217.11.46,0,0,0,0,0, 192.168.1.111,172.217.12.142,0,0,0,0,0, 192.168.1.111,172.217.10.14,0,0,0,0,0, 192.168.1.111,172.217.12.147,0,0,0,0,0, 192.168.1.111,172.217.10.110,0,0,0,0,0, 192.168.1.111,172.217.12.141,0,0,0,0,0, 192.168.1.111,172.217.12.138,0,0,0,0,0, 192.168.1.111,104.237.191.1,0,0,0,0,0, 192.168.1.111,172.217.10.98,0,0,0,0,0, 192.168.1.111,172.217.12.134,0,0,0,0,0, 192.168.1.111,172.217.13.68,0,0,0,0,0, 192.168.1.111,0,0,0,0,0,0, 192.168.1.111,0,0,0,0,0,0, 192.168.1.111,0,0,0,0,0,0, 192.168.1.111,0,0,0,0,0,0, 192.168.1.111,0,0,0,0,0,0, 192.168.1.111,0,0,0,0,0,0, 192.168.1.111,0,0,0,0,0,0, 192.168.1.111,0,0,0,0,0,0, 192.168.1.111,0,0,0,0,0,0, 192.168.1.111,0,0,0,0,0,0, 192.168.1.111,0,0,0,0,0,0, 192.168.1.111,0,0,0,0,0,0, 192.168.1.111,0.0.0.0,0,0,0,0,0,0,0,0,0,0,1526926417259,0.0,31732.921,0,0,0,0,0,0,0,0,0,0.0,0.0,-1
1.7000000000000004,0,0,0,0, 192.168.1.111,172.217.135.9,0,0,0,0,0, 192.168.1.111,172.217.12.131,0,0,0,0,0, 192.168.1.111,172.217.11.46,0,0,0,0,0, 192.168.1.111,172.217.12.142,0,0,0,0,0, 192.168.1.111,172.217.10.14,0,0,0,0,0, 192.168.1.111,172.217.12.147,0,0,0,0,0, 192.168.1.111,172.217.10.110,0,0,0,0,0, 192.168.1.111,172.217.12.141,0,0,0,0,0, 192.168.1.111,172.217.12.138,0,0,0,0,0, 192.168.1.111,104.237.191.1,0,0,0,0,0, 192.168.1.111,172.217.10.98,0,0,0,0,0, 192.168.1.111,172.217.12.134,0,0,0,0,0, 192.168.1.111,172.217.13.68,0,0,0,0,0, 192.168.1.111,0,0,0,0,0,0, 192.168.1.111,0,0,0,0,0,0, 192.168.1.111,0,0,0,0,0,0, 192.168.1.111,0,0,0,0,0,0, 192.168.1.111,0,0,0,0,0,0, 192.168.1.111,0,0,0,0,0,0, 192.168.1.111,0,0,0,0,0,0, 192.168.1.111,0,0,0,0,0,0, 192.168.1.111,0,0,0,0,0,0, 192.168.1.111,0,0,0,0,0,0, 192.168.1.111,0,0,0,0,0,0, 192.168.1.111,0,0,0,0,0,0, 192.168.1.111,0.0.0.0,0,0,0,0,0,0,0,0,0,0,1526926417259,0.0,31732.921,0,0,0,0,0,0,0,0,0,0.0,0.0,-1
1.8000000000000005,0,0,0,0, 192.168.1.111,172.217.135.9,0,0,0,0,0, 192.168.1.111,172.217.12.131,0,0,0,0,0, 192.168.1.111,172.217.11.46,0,0,0,0,0, 192.168.1.111,172.217.12.142,0,0,0,0,0, 192.168.1.111,172.217.10.14,0,0,0,0,0, 192.168.1.111,172.217.12.147,0,0,0,0,0, 192.168.1.111,172.217.10.110,0,0,0,0,0, 192.168.1.111,172.217.12.141,0,0,0,0,0, 192.168.1.111,172.217.12.138,0,0,0,0,0, 192.168.1.111,104.237.191.1,0,0,0,0,0, 192.168.1.111,172.217.10.98,0,0,0,0,0, 192.168.1.111,172.217.12.134,0,0,0,0,0, 192.168.1.111,172.217.13.68,0,0,0,0,0, 192.168.1.111,0,0,0,0,0,0, 192.168.1.111,0,0,0,0,0,0, 192.168.1.111,0,0,0,0,0,0, 192.168.1.111,0,0,0,0,0,0, 192.168.1.111,0,0,0,0,0,0, 192.168.1.111,0,0,0,0,0,0, 192.168.1.111,0,0,0,0,0,0, 192.168.1.111,0,0,0,0,0,0, 192.168.1.111,0,0,0,0,0,0, 192.168.1.111,0,0,0,0,0,0, 192.168.1.111,0,0,0,0,0,0, 192.168.1.111,0,0,0,0,0,0, 192.168.1.111,0.0.0.0,0,0,0,0,0,0,0,0,0,0,1526926417259,0.0,31732.921,0,0,0,0,0,0,0,0,0,0.0,0.0,-1
1.9000000000000008,0,0,0,0, 192.168.1.111,172.217.135.9,0,0,0,0,0, 192.168.1.111,172.217.12.131,0,0,0,0,0, 192.168.1.111,172.217.11.46,0,0,0,0,0, 192.168.1.111,172.217.12.142,0,0,0,0,0, 192.168.1.111,172.217.10.14,0,0,0,0,0, 192.168.1.111,172.217.12.147,0,0,0,0,0, 192.168.1.111,172.217.10.110,0,0,0,0,0, 192.168.1.111,172.217.12.141,0,0,0,0,0, 192.168.1.111,172.217.12.138,0,0,0,0,0, 192.168.1.111,104.237.191.1,0,0,0,0,0, 192.168.1.111,172.217.10.98,0,0,0,0,0, 192.168.1.111,172.217.12.134,0,0,0,0,0, 192.168.1.111,172.217.13.68,0,0,0,0,0, 192.168.1.111,0,0,0,0,0,0, 192.168.1.111,0,0,0,0,0,0, 192.168.1.111,0,0,0,0,0,0, 192.168.1.111,0,0,0,0,0,0, 192.168.1.111,0,0,0,0,0,0, 192.168.1.111,0,0,0,0,0,0, 192.168.1.111,0,0,0,0,0,0, 192.168.1.111,0,0,0,0,0,0, 192.168.1.111,0,0,0,0,0,0, 192.168.1.111,0,0,0,0,0,0, 192.168.1.111,0,0,0,0,0,0, 192.168.1.111,0,0,0,0,0,0, 192.168.1.111,0.0.0.0,0,0,0,0,0,0,0,0,0,0,1526926417259,0.0,31732.921,0,0,0,0,0,0,0,0,0,0.0,0.0,-1
2.0000000000000004,0,0,0,0, 192.168.1.111,172.217.135.9,0,0,0,0,0, 192.168.1.111,172.217.12.131,0,0,0,0,0, 192.168.1.111,172.217.11.46,0,0,0,0,0, 192.168.1.111,172.217.12.142,0,0,0,0,0, 192.168.1.111,172.217.10.14,0,0,0,0,0, 192.168.1.111,172.217.12.147,0,0,0,0,0, 192.168.1.111,172.217.10.110,0,0,0,0,0, 192.168.1.111,172.217.12.141,0,0,0,0,0, 192.168.1.111,172.217.12.138,0,0,0,0,0, 192.168.1.111,104.237.191.1,0,0,0,0,0, 192.168.1.111,172.217.10.98,0,0,0,0,0, 192.168.1.111,172.217.12.134,0,0,0,0,0, 192.168.1.111,172.217.13.68,0,0,0,0,0, 192.168.1.111,0,0,0,0,0,0, 192.168.1.111,0,0,0,0,0,0, 192.168.1.111,0,0,0,0,0,0, 192.168.1.111,0,0,0,0,0,0, 192.168.1.111,0,0,0,0,0,0, 192.168.1.111,0,0,0,0,0,0, 192.168.1.111,0,0,0,0,0,0, 192.168.1.111,0,0,0,0,0,0, 192.168.1.111,0,0,0,0,0,0, 192.168.1.111,0,0,0,0,0,0, 192.168.1.111,0,0,0,0,0,0, 192.168.1.111,0,0,0,0,0,0, 192.168.1.111,0.0.0.0,0,0,0,0,0,0,0,0,0,0,1526926417259,0.0,31732.921,0,0,0,0,0,0,0,0,0,0.0,0.0,-1
2.1000000000000005,0,0,0,0, 192.168.1.111,172.217.135.9,0,0,0,0,0, 192.168.1.111,172.217.12.131,0,0,0,0,0, 192.168.1.111,172.217.11.46,0,0,0,0,0, 192.168.1.111,172.217.12.142,0,0,0,0,0, 192.168.1.111,172.217.10.14,0,0,0,0,0, 192.168.1.111,172.217.12.147,0,0,0,0,0, 192.168.1.111,172.217.10.110,0,0,0,0,0, 192.168.1.111,172.217.12.141,0,0,0,0,0, 192.168.1.111,172.217.12.138,0,0,0,0,0, 192.168.1.111,104.237.191.1,0,0,0,0,0, 192.168.1.111,172.217.10.98,0,0,0,0,0, 192.168.1.111,172.217.12.134,0,0,0,0,0, 192.168.1.111,172.217.13.68,0,0,0,0,0, 192.168.1.111,0,0,0,0,0,0, 192.168.1.111,0,0,0,0,0,0, 192.168.1.111,0,0,0,0,0,0, 192.168.1.111,0,0,0,0,0,0, 192.168.1.111,0,0,0,0,0,0, 192.168.1.111,0,0,0,0,0,0, 192.168.1.111,0,0,0,0,0,0, 192.168.1.111,0,0,0,0,0,0, 192.168.1.111,0,0,0,0,0,0, 192.168.1.111,0,0,0,0,0,0, 192.168.1.111,0,0,0,0,0,0, 192.168.1.111,0,0,0,0,0,0, 192.168.1.111,0.0.0.0,0,0,0,0,0,0,0,0,0,0,1526926417259,0.0,31732.921,0,0,0,0,0,0,0,0,0,0.0,0.0,-1
2.2000000000000006,0,0,0,0, 192.168.1.111,172.217.135.9,0,0,0,0,0, 192.168.1.111,172.217.12.131,0,0,0,0,0, 192.168.1.111,172.217.11.46,0,0,0,0,0, 192.168.1.111,172.217.12.142,0,0,0,0,0, 192.168.1.111,172.217.10.14,0,0,0,0,0, 192.168.1.111,172.217.12.147,0,0,0,0,0, 192.168.1.111,172.217.10.110,0,0,0,0,0, 192.168.1.111,172.217.12.141,0,0,0,0,0, 192.168.1.111,172.217.12.138,0,0,0,0,0, 192.168.1.111,104.237.191.1,0,0,0,0,0, 192.168.1.111,172.217.10.98,0,0,0,0,0, 192.168.1.111,172.217.12.134,0,0,0,0,0, 192.168.1.111,172.217.13.68,0,0,0,0,0, 192.168.1.111,0,0,0,0,0,0, 192.168.1.111,0,0,0,0,0,0, 192.168.1.111,0,0,0,0,0,0, 192.168.1.111,0,0,0,0,0,0, 192.168.1.111,0,0,0,0,0,0, 192.168.1.111,0,0,0,0,0,0, 192.168.1.111,0,0,0,0,0,0, 192.168.1.111,0,0,0,0,0,0, 192.168.1.111,0,0,0,0,0,0, 192.168.1.111,0,0,0,0,0,0, 192.168.1.111,0,0,0,0,0,0, 192.168.1.111,0,0,0,0,0,0, 192.168.1.111,0.0.0.0,0,0,0,0,0,0,0,0,0,0,1526926417259,0.0,31732.921,0,0,0,0,0,0,0,0,0,0.0,0.0,-1
2.3000000000000007,1,0,709,0, 192.168.1.111,172.217.135.9,0,0,0,0,0, 192.168.1.111,172.217.12.131,0,0,0,0,0, 192.168.1.111,172.217.11.46,0,0,0,0,0, 192.168.1.111,172.217.12.142,0,0,0,0,0, 192.168.1.111,172.217.10.14,0,0,0,0,0, 192.168.1.111,172.217.12.147,0,0,0,0,0, 192.168.1.111,172.217.10.110,0,0,0,0,0, 192.168.1.111,172.217.12.141,0,0,0,0,0, 192.168.1.111,172.217.12.138,0,0,0,0,0, 192.168.1.111,104.237.191.1,0,0,0,0,0, 192.168.1.111,172.217.10.98,0,0,0,0,0, 192.168.1.111,172.217.12.134,0,0,0,0,0, 192.168.1.111,172.217.13.68,QUIC,1,0,709,0, 192.168.1.111,0,0,0,0,0,0, 192.168.1.111,0,0,0,0,0,0, 192.168.1.111,0,0,0,0,0,0, 192.168.1.111,0,0,0,0,0,0, 192.168.1.111,0,0,0,0,0,0, 192.168.1.111,0,0,0,0,0,0, 192.168.1.111,0,0,0,0,0,0, 192.168.1.111,0,0,0,0,0,0, 192.168.1.111,0,0,0,0,0,0, 192.168.1.111,0,0,0,0,0,0, 192.168.1.111,0,0,0,0,0,0, 192.168.1.111,0,0,0,0,0,0, 192.168.1.111,0.0.0.0,0,0,0,0,0,0,0,0,0,0,1526926417259,0.0,31732.921,0,0,0,0,0,0,0,0,0,0.0,0.0,-1
2.400000000000001,3,4,238,902, 192.168.1.111,172.217.135.9,0,0,0,0,0, 192.168.1.111,172.217.12.131,0,0,0,0,0, 192.168.1.111,172.217.11.46,0,0,0,0,0, 192.168.1.111,172.217.12.142,0,0,0,0,0, 192.168.1.111,172.217.10.14,0,0,0,0,0, 192.168.1.111,172.217.12.147,0,0,0,0,0, 192.168.1.111,172.217.10.110,0,0,0,0,0, 192.168.1.111,172.217.12.141,0,0,0,0,0, 192.168.1.111,172.217.12.138,0,0,0,0,0, 192.168.1.111,104.237.191.1,0,0,0,0,0, 192.168.1.111,172.217.10.98,0,0,0,0,0, 192.168.1.111,172.217.12.134,0,0,0,0,0, 192.168.1.111,172.217.13.68,QUIC,2,3,160,804, 192.168.1.111,0,0,0,0,0,0, 192.168.1.111,0,0,0,0,0,0, 192.168.1.111,0,0,0,0,0,0, 192.168.1.111,0,0,0,0,0,0, 192.168.1.111,0,0,0,0,0,0, 192.168.1.111,0,0,0,0,0,0, 192.168.1.111,0,0,0,0,0,0, 192.168.1.111,0,0,0,0,0,0, 192.168.1.111,0,0,0,0,0,0, 192.168.1.111,0,0,0,0,0,0, 192.168.1.111,0,0,0,0,0,0, 192.168.1.111,0,0,0,0,0,0, 192.168.1.111,0.0.0.0,0,1,0,78,0,0,0,0,0,0,1526926417259,0.0,31732.921,0,0,0,0,0,0,0,0,0,0.0,0.0,-1
2.500000000000001,0,1,0,60, 192.168.1.111,172.217.135.9,0,0,0,0,0, 192.168.1.111,172.217.12.131,0,0,0,0,0, 192.168.1.111,172.217.11.46,0,0,0,0,0, 192.168.1.111,172.217.12.142,0,0,0,0,0, 192.168.1.111,172.217.10.14,0,0,0,0,0, 192.168.1.111,172.217.12.147,0,0,0,0,0, 192.168.1.111,172.217.10.110,0,0,0,0,0, 192.168.1.111,172.217.12.141,0,0,0,0,0, 192.168.1.111,172.217.12.138,0,0,0,0,0, 192.168.1.111,104.237.191.1,0,0,0,0,0, 192.168.1.111,172.217.10.98,0,0,0,0,0, 192.168.1.111,172.217.12.134,0,0,0,0,0, 192.168.1.111,172.217.13.68,QUIC,0,1,0,60, 192.168.1.111,0,0,0,0,0,0, 192.168.1.111,0,0,0,0,0,0, 192.168.1.111,0,0,0,0,0,0, 192.168.1.111,0,0,0,0,0,0, 192.168.1.111,0,0,0,0,0,0, 192.168.1.111,0,0,0,0,0,0, 192.168.1.111,0,0,0,0,0,0, 192.168.1.111,0,0,0,0,0,0, 192.168.1.111,0,0,0,0,0,0, 192.168.1.111,0,0,0,0,0,0, 192.168.1.111,0,0,0,0,0,0, 192.168.1.111,0,0,0,0,0,0, 192.168.1.111,0.0.0.0,0,0,0,0,0,0,0,0,0,0,1526926417259,0.0,31732.921,0,0,0,0,0,0,0,0,0,0.0,0.0,-1
2.600000000000001,4,3,1258,327, 192.168.1.111,172.217.135.9,0,0,0,0,0, 192.168.1.111,172.217.12.131,0,0,0,0,0, 192.168.1.111,172.217.11.46,0,0,0,0,0, 192.168.1.111,172.217.12.142,0,0,0,0,0, 192.168.1.111,172.217.10.14,0,0,0,0,0, 192.168.1.111,172.217.12.147,0,0,0,0,0, 192.168.1.111,172.217.10.110,0,0,0,0,0, 192.168.1.111,172.217.12.141,0,0,0,0,0, 192.168.1.111,172.217.12.138,0,0,0,0,0, 192.168.1.111,104.237.191.1,0,0,0,0,0, 192.168.1.111,172.217.10.98,QUIC,1,0,550,0, 192.168.1.111,172.217.12.134,QUIC,2,1,631,243, 192.168.1.111,172.217.13.68,QUIC,1,0,77,0, 192.168.1.111,0,0,0,0,0,0, 192.168.1.111,0,0,0,0,0,0, 192.168.1.111,0,0,0,0,0,0, 192.168.1.111,0,0,0,0,0,0, 192.168.1.111,0,0,0,0,0,0, 192.168.1.111,0,0,0,0,0,0, 192.168.1.111,0,0,0,0,0,0, 192.168.1.111,0,0,0,0,0,0, 192.168.1.111,0,0,0,0,0,0, 192.168.1.111,0,0,0,0,0,0, 192.168.1.111,0,0,0,0,0,0, 192.168.1.111,0,0,0,0,0,0, 192.168.1.111,0.0.0.0,0,0,0,0,0,0,0,0,0,0,1526926417259,0.0,31732.921,0,0,0,0,0,0,0,0,0,0.0,0.0,-1
2.700000000000001,2,0,1104,0, 192.168.1.111,172.217.135.9,0,0,0,0,0, 192.168.1.111,172.217.12.131,0,0,0,0,0, 192.168.1.111,172.217.11.46,0,0,0,0,0, 192.168.1.111,172.217.12.142,0,0,0,0,0, 192.168.1.111,172.217.10.14,0,0,0,0,0, 192.168.1.111,172.217.12.147,0,0,0,0,0, 192.168.1.111,172.217.10.110,0,0,0,0,0, 192.168.1.111,172.217.12.141,0,0,0,0,0, 192.168.1.111,172.217.12.138,0,0,0,0,0, 192.168.1.111,104.237.191.1,0,0,0,0,0, 192.168.1.111,172.217.10.98,QUIC,1,0,550,0, 192.168.1.111,172.217.12.134,QUIC,1,0,554,0, 192.168.1.111,172.217.13.68,0,0,0,0,0, 192.168.1.111,0,0,0,0,0,0, 192.168.1.111,0,0,0,0,0,0, 192.168.1.111,0,0,0,0,0,0, 192.168.1.111,0,0,0,0,0,0, 192.168.1.111,0,0,0,0,0,0, 192.168.1.111,0,0,0,0,0,0, 192.168.1.111,0,0,0,0,0,0, 192.168.1.111,0,0,0,0,0,0, 192.168.1.111,0,0,0,0,0,0, 192.168.1.111,0,0,0,0,0,0, 192.168.1.111,0,0,0,0,0,0, 192.168.1.111,0,0,0,0,0,0, 192.168.1.111,0.0.0.0,0,0,0,0,0,0,0,0,0,0,1526926417259,0.0,31732.921,0,0,0,0,0,0,0,0,0,0.0,0.0,-1
2.800000000000001,5,5,1344,3089, 192.168.1.111,172.217.135.9,0,0,0,0,0, 192.168.1.111,172.217.12.131,0,0,0,0,0, 192.168.1.111,172.217.11.46,0,0,0,0,0, 192.168.1.111,172.217.12.142,0,0,0,0,0, 192.168.1.111,172.217.10.14,0,0,0,0,0, 192.168.1.111,172.217.12.147,0,0,0,0,0, 192.168.1.111,172.217.10.110,0,0,0,0,0, 192.168.1.111,172.217.12.141,0,0,0,0,0, 192.168.1.111,172.217.12.138,0,0,0,0,0, 192.168.1.111,104.237.191.1,0,0,0,0,0, 192.168.1.111,172.217.10.98,QUIC,3,3,710,2774, 192.168.1.111,172.217.12.134,QUIC,2,2,634,315, 192.168.1.111,172.217.13.68,0,0,0,0,0, 192.168.1.111,0,0,0,0,0,0, 192.168.1.111,0,0,0,0,0,0, 192.168.1.111,0,0,0,0,0,0, 192.168.1.111,0,0,0,0,0,0, 192.168.1.111,0,0,0,0,0,0, 192.168.1.111,0,0,0,0,0,0, 192.168.1.111,0,0,0,0,0,0, 192.168.1.111,0,0,0,0,0,0, 192.168.1.111,0,0,0,0,0,0, 192.168.1.111,0,0,0,0,0,0, 192.168.1.111,0,0,0,0,0,0, 192.168.1.111,0,0,0,0,0,0, 192.168.1.111,0.0.0.0,0,0,0,0,0,0,0,0,0,0,1526926417259,0.0,31732.921,0,0,0,0,0,0,0,0,0,0.0,0.0,-1
2.900000000000001,0,0,0,0, 192.168.1.111,172.217.135.9,0,0,0,0,0, 192.168.1.111,172.217.12.131,0,0,0,0,0, 192.168.1.111,172.217.11.46,0,0,0,0,0, 192.168.1.111,172.217.12.142,0,0,0,0,0, 192.168.1.111,172.217.10.14,0,0,0,0,0, 192.168.1.111,172.217.12.147,0,0,0,0,0, 192.168.1.111,172.217.10.110,0,0,0,0,0, 192.168.1.111,172.217.12.141,0,0,0,0,0, 192.168.1.111,172.217.12.138,0,0,0,0,0, 192.168.1.111,104.237.191.1,0,0,0,0,0, 192.168.1.111,172.217.10.98,0,0,0,0,0, 192.168.1.111,172.217.12.134,0,0,0,0,0, 192.168.1.111,172.217.13.68,0,0,0,0,0, 192.168.1.111,0,0,0,0,0,0, 192.168.1.111,0,0,0,0,0,0, 192.168.1.111,0,0,0,0,0,0, 192.168.1.111,0,0,0,0,0,0, 192.168.1.111,0,0,0,0,0,0, 192.168.1.111,0,0,0,0,0,0, 192.168.1.111,0,0,0,0,0,0, 192.168.1.111,0,0,0,0,0,0, 192.168.1.111,0,0,0,0,0,0, 192.168.1.111,0,0,0,0,0,0, 192.168.1.111,0,0,0,0,0,0, 192.168.1.111,0,0,0,0,0,0, 192.168.1.111,0.0.0.0,0,0,0,0,0,0,0,0,0,0,1526926417259,0.0,31732.921,0,0,0,0,0,0,0,0,0,0.0,0.0,-1
3.0000000000000013,0,0,0,0, 192.168.1.111,172.217.135.9,0,0,0,0,0, 192.168.1.111,172.217.12.131,0,0,0,0,0, 192.168.1.111,172.217.11.46,0,0,0,0,0, 192.168.1.111,172.217.12.142,0,0,0,0,0, 192.168.1.111,172.217.10.14,0,0,0,0,0, 192.168.1.111,172.217.12.147,0,0,0,0,0, 192.168.1.111,172.217.10.110,0,0,0,0,0, 192.168.1.111,172.217.12.141,0,0,0,0,0, 192.168.1.111,172.217.12.138,0,0,0,0,0, 192.168.1.111,104.237.191.1,0,0,0,0,0, 192.168.1.111,172.217.10.98,0,0,0,0,0, 192.168.1.111,172.217.12.134,0,0,0,0,0, 192.168.1.111,172.217.13.68,0,0,0,0,0, 192.168.1.111,0,0,0,0,0,0, 192.168.1.111,0,0,0,0,0,0, 192.168.1.111,0,0,0,0,0,0, 192.168.1.111,0,0,0,0,0,0, 192.168.1.111,0,0,0,0,0,0, 192.168.1.111,0,0,0,0,0,0, 192.168.1.111,0,0,0,0,0,0, 192.168.1.111,0,0,0,0,0,0, 192.168.1.111,0,0,0,0,0,0, 192.168.1.111,0,0,0,0,0,0, 192.168.1.111,0,0,0,0,0,0, 192.168.1.111,0,0,0,0,0,0, 192.168.1.111,0.0.0.0,0,0,0,0,0,0,0,0,0,0,1526926417259,0.0,31732.921,0,0,0,0,0,0,0,0,0,0.0,0.0,-1
3.1000000000000014,2,2,890,147, 192.168.1.111,172.217.135.9,0,0,0,0,0, 192.168.1.111,172.217.12.131,0,0,0,0,0, 192.168.1.111,172.217.11.46,QUIC,2,0,890,0, 192.168.1.111,172.217.12.142,0,0,0,0,0, 192.168.1.111,172.217.10.14,0,0,0,0,0, 192.168.1.111,172.217.12.147,0,0,0,0,0, 192.168.1.111,172.217.10.110,0,0,0,0,0, 192.168.1.111,172.217.12.141,0,0,0,0,0, 192.168.1.111,172.217.12.138,0,0,0,0,0, 192.168.1.111,104.237.191.1,0,0,0,0,0, 192.168.1.111,172.217.10.98,QUIC,0,1,0,75, 192.168.1.111,172.217.12.134,QUIC,0,1,0,72, 192.168.1.111,172.217.13.68,0,0,0,0,0, 192.168.1.111,0,0,0,0,0,0, 192.168.1.111,0,0,0,0,0,0, 192.168.1.111,0,0,0,0,0,0, 192.168.1.111,0,0,0,0,0,0, 192.168.1.111,0,0,0,0,0,0, 192.168.1.111,0,0,0,0,0,0, 192.168.1.111,0,0,0,0,0,0, 192.168.1.111,0,0,0,0,0,0, 192.168.1.111,0,0,0,0,0,0, 192.168.1.111,0,0,0,0,0,0, 192.168.1.111,0,0,0,0,0,0, 192.168.1.111,0,0,0,0,0,0, 192.168.1.111,0.0.0.0,0,0,0,0,0,0,0,0,0,0,1526926417259,0.0,31732.921,0,0,0,0,0,0,0,0,0,0.0,0.0,-1
3.200000000000001,2,2,721,168, 192.168.1.111,172.217.135.9,0,0,0,0,0, 192.168.1.111,172.217.12.131,0,0,0,0,0, 192.168.1.111,172.217.11.46,QUIC,2,2,721,168, 192.168.1.111,172.217.12.142,0,0,0,0,0, 192.168.1.111,172.217.10.14,0,0,0,0,0, 192.168.1.111,172.217.12.147,0,0,0,0,0, 192.168.1.111,172.217.10.110,0,0,0,0,0, 192.168.1.111,172.217.12.141,0,0,0,0,0, 192.168.1.111,172.217.12.138,0,0,0,0,0, 192.168.1.111,104.237.191.1,0,0,0,0,0, 192.168.1.111,172.217.10.98,0,0,0,0,0, 192.168.1.111,172.217.12.134,0,0,0,0,0, 192.168.1.111,172.217.13.68,0,0,0,0,0, 192.168.1.111,0,0,0,0,0,0, 192.168.1.111,0,0,0,0,0,0, 192.168.1.111,0,0,0,0,0,0, 192.168.1.111,0,0,0,0,0,0, 192.168.1.111,0,0,0,0,0,0, 192.168.1.111,0,0,0,0,0,0, 192.168.1.111,0,0,0,0,0,0, 192.168.1.111,0,0,0,0,0,0, 192.168.1.111,0,0,0,0,0,0, 192.168.1.111,0,0,0,0,0,0, 192.168.1.111,0,0,0,0,0,0, 192.168.1.111,0,0,0,0,0,0, 192.168.1.111,0.0.0.0,0,0,0,0,0,0,0,0,0,0,1526926417259,0.0,31732.921,0,0,0,0,0,0,0,0,0,0.0,0.0,-1
3.3000000000000016,0,1,0,191, 192.168.1.111,172.217.135.9,0,0,0,0,0, 192.168.1.111,172.217.12.131,0,0,0,0,0, 192.168.1.111,172.217.11.46,QUIC,0,1,0,191, 192.168.1.111,172.217.12.142,0,0,0,0,0, 192.168.1.111,172.217.10.14,0,0,0,0,0, 192.168.1.111,172.217.12.147,0,0,0,0,0, 192.168.1.111,172.217.10.110,0,0,0,0,0, 192.168.1.111,172.217.12.141,0,0,0,0,0, 192.168.1.111,172.217.12.138,0,0,0,0,0, 192.168.1.111,104.237.191.1,0,0,0,0,0, 192.168.1.111,172.217.10.98,0,0,0,0,0, 192.168.1.111,172.217.12.134,0,0,0,0,0, 192.168.1.111,172.217.13.68,0,0,0,0,0, 192.168.1.111,0,0,0,0,0,0, 192.168.1.111,0,0,0,0,0,0, 192.168.1.111,0,0,0,0,0,0, 192.168.1.111,0,0,0,0,0,0, 192.168.1.111,0,0,0,0,0,0, 192.168.1.111,0,0,0,0,0,0, 192.168.1.111,0,0,0,0,0,0, 192.168.1.111,0,0,0,0,0,0, 192.168.1.111,0,0,0,0,0,0, 192.168.1.111,0,0,0,0,0,0, 192.168.1.111,0,0,0,0,0,0, 192.168.1.111,0,0,0,0,0,0, 192.168.1.111,0.0.0.0,0,0,0,0,0,0,0,0,0,0,1526926417259,0.0,31732.921,0,0,0,0,0,0,0,0,0,0.0,0.0,-1
3.4000000000000017,2,1,161,98, 192.168.1.111,172.217.135.9,0,0,0,0,0, 192.168.1.111,172.217.12.131,0,0,0,0,0, 192.168.1.111,172.217.11.46,QUIC,1,0,83,0, 192.168.1.111,172.217.12.142,0,0,0,0,0, 192.168.1.111,172.217.10.14,0,0,0,0,0, 192.168.1.111,172.217.12.147,0,0,0,0,0, 192.168.1.111,172.217.10.110,0,0,0,0,0, 192.168.1.111,172.217.12.141,0,0,0,0,0, 192.168.1.111,172.217.12.138,0,0,0,0,0, 192.168.1.111,104.237.191.1,0,0,0,0,0, 192.168.1.111,172.217.10.98,0,0,0,0,0, 192.168.1.111,172.217.12.134,0,0,0,0,0, 192.168.1.111,172.217.13.68,0,0,0,0,0, 192.168.1.111,0,0,0,0,0,0, 192.168.1.111,0,0,0,0,0,0, 192.168.1.111,0,0,0,0,0,0, 192.168.1.111,0,0,0,0,0,0, 192.168.1.111,0,0,0,0,0,0, 192.168.1.111,0,0,0,0,0,0, 192.168.1.111,0,0,0,0,0,0, 192.168.1.111,0,0,0,0,0,0, 192.168.1.111,0,0,0,0,0,0, 192.168.1.111,0,0,0,0,0,0, 192.168.1.111,0,0,0,0,0,0, 192.168.1.111,0,0,0,0,0,0, 192.168.1.111,0.0.0.0,0,1,0,78,0,0,0,0,0,0,1526926417259,0.0,31732.921,0,0,0,0,0,0,0,0,0,0.0,0.0,-1
5.399999999999997,4,5,1343,1676, 192.168.1.111,172.217.135.9,QUIC,1,2,81,1436, 192.168.1.111,172.217.12.131,0,0,0,0,0, 192.168.1.111,172.217.11.46,QUIC,3,3,1262,240, 192.168.1.111,172.217.12.142,0,0,0,0,0, 192.168.1.111,172.217.10.14,0,0,0,0,0, 192.168.1.111,172.217.12.147,0,0,0,0,0, 192.168.1.111,172.217.10.110,0,0,0,0,0, 192.168.1.111,172.217.12.141,0,0,0,0,0, 192.168.1.111,172.217.12.138,0,0,0,0,0, 192.168.1.111,104.237.191.1,0,0,0,0,0, 192.168.1.111,172.217.10.98,0,0,0,0,0, 192.168.1.111,172.217.12.134,0,0,0,0,0, 192.168.1.111,172.217.13.68,0,0,0,0,0, 192.168.1.111,0,0,0,0,0,0, 192.168.1.111,0,0,0,0,0,0, 192.168.1.111,0,0,0,0,0,0, 192.168.1.111,0,0,0,0,0,0, 192.168.1.111,0,0,0,0,0,0, 192.168.1.111,0,0,0,0,0,0, 192.168.1.111,0,0,0,0,0,0, 192.168.1.111,0,0,0,0,0,0, 192.168.1.111,0,0,0,0,0,0, 192.168.1.111,0,0,0,0,0,0, 192.168.1.111,0,0,0,0,0,0, 192.168.1.111,0,0,0,0,0,0, 192.168.1.111,0.0.0.0,0,0,0,0,0,1,0,1,0,1526926421813,1526926417259,9242.0,31732.921,0,1,0,0,0,0,0,0,0,0.6659999999992579,0.2912642677930594,true
1800.0999999994583,0,0,0,0, 192.168.1.111,172.217.135.9,0,0,0,0,0, 192.168.1.111,172.217.12.131,0,0,0,0,0, 192.168.1.111,172.217.11.46,0,0,0,0,0, 192.168.1.111,172.217.12.142,0,0,0,0,0, 192.168.1.111,172.217.10.14,0,0,0,0,0, 192.168.1.111,172.217.12.147,0,0,0,0,0, 192.168.1.111,172.217.10.110,0,0,0,0,0, 192.168.1.111,172.217.12.141,0,0,0,0,0, 192.168.1.111,172.217.12.138,0,0,0,0,0, 192.168.1.111,104.237.191.1,0,0,0,0,0, 192.168.1.111,172.217.10.98,0,0,0,0,0, 192.168.1.111,172.217.12.134,0,0,0,0,0, 192.168.1.111,172.217.13.68,0,0,0,0,0, 192.168.1.111,0,0,0,0,0,0, 192.168.1.111,0,0,0,0,0,0, 192.168.1.111,0,0,0,0,0,0, 192.168.1.111,0,0,0,0,0,0, 192.168.1.111,0,0,0,0,0,0, 192.168.1.111,0,0,0,0,0,0, 192.168.1.111,0,0,0,0,0,0, 192.168.1.111,0,0,0,0,0,0, 192.168.1.111,0,0,0,0,0,0, 192.168.1.111,0,0,0,0,0,0, 192.168.1.111,0,0,0,0,0,0, 192.168.1.111,0,0,0,0,0,0, 192.168.1.111,0.0.0.0,0,0,0,0,0,0,0,0,0,0,1526926417259,0.0,31732.921,0,0,0,0,0,0,0,0,0,0.0,0.0,-1
1800.1999999994582,0,0,0,0, 192.168.1.111,172.217.135.9,0,0,0,0,0, 192.168.1.111,172.217.12.131,0,0,0,0,0, 192.168.1.111,172.217.11.46,0,0,0,0,0, 192.168.1.111,172.217.12.142,0,0,0,0,0, 192.168.1.111,172.217.10.14,0,0,0,0,0, 192.168.1.111,172.217.12.147,0,0,0,0,0, 192.168.1.111,172.217.10.110,0,0,0,0,0, 192.168.1.111,172.217.12.141,0,0,0,0,0, 192.168.1.111,172.217.12.138,0,0,0,0,0, 192.168.1.111,104.237.191.1,0,0,0,0,0, 192.168.1.111,172.217.10.98,0,0,0,0,0, 192.168.1.111,172.217.12.134,0,0,0,0,0, 192.168.1.111,172.217.13.68,0,0,0,0,0, 192.168.1.111,0,0,0,0,0,0, 192.168.1.111,0,0,0,0,0,0, 192.168.1.111,0,0,0,0,0,0, 192.168.1.111,0,0,0,0,0,0, 192.168.1.111,0,0,0,0,0,0, 192.168.1.111,0,0,0,0,0,0, 192.168.1.111,0,0,0,0,0,0, 192.168.1.111,0,0,0,0,0,0, 192.168.1.111,0,0,0,0,0,0, 192.168.1.111,0,0,0,0,0,0, 192.168.1.111,0,0,0,0,0,0, 192.168.1.111,0,0,0,0,0,0, 192.168.1.111,0.0.0.0,0,0,0,0,0,0,0,0,0,0,1526926417259,0.0,31732.921,0,0,0,0,0,0,0,0,0,0.0,0.0,-1
1800.299999999458,0,0,0,0, 192.168.1.111,172.217.135.9,0,0,0,0,0, 192.168.1.111,172.217.12.131,0,0,0,0,0, 192.168.1.111,172.217.11.46,0,0,0,0,0, 192.168.1.111,172.217.12.142,0,0,0,0,0, 192.168.1.111,172.217.10.14,0,0,0,0,0, 192.168.1.111,172.217.12.147,0,0,0,0,0, 192.168.1.111,172.217.10.110,0,0,0,0,0, 192.168.1.111,172.217.12.141,0,0,0,0,0, 192.168.1.111,172.217.12.138,0,0,0,0,0, 192.168.1.111,104.237.191.1,0,0,0,0,0, 192.168.1.111,172.217.10.98,0,0,0,0,0, 192.168.1.111,172.217.12.134,0,0,0,0,0, 192.168.1.111,172.217.13.68,0,0,0,0,0, 192.168.1.111,0,0,0,0,0,0, 192.168.1.111,0,0,0,0,0,0, 192.168.1.111,0,0,0,0,0,0, 192.168.1.111,0,0,0,0,0,0, 192.168.1.111,0,0,0,0,0,0, 192.168.1.111,0,0,0,0,0,0, 192.168.1.111,0,0,0,0,0,0, 192.168.1.111,0,0,0,0,0,0, 192.168.1.111,0,0,0,0,0,0, 192.168.1.111,0,0,0,0,0,0, 192.168.1.111,0,0,0,0,0,0, 192.168.1.111,0,0,0,0,0,0, 192.168.1.111,0.0.0.0,0,0,0,0,0,0,0,0,0,0,1526926417259,0.0,31732.921,0,0,0,0,0,0,0,0,0,0.0,0.0,-1
1800.399999999458,0,0,0,0, 192.168.1.111,172.217.135.9,0,0,0,0,0, 192.168.1.111,172.217.12.131,0,0,0,0,0, 192.168.1.111,172.217.11.46,0,0,0,0,0, 192.168.1.111,172.217.12.142,0,0,0,0,0, 192.168.1.111,172.217.10.14,0,0,0,0,0, 192.168.1.111,172.217.12.147,0,0,0,0,0, 192.168.1.111,172.217.10.110,0,0,0,0,0, 192.168.1.111,172.217.12.141,0,0,0,0,0, 192.168.1.111,172.217.12.138,0,0,0,0,0, 192.168.1.111,104.237.191.1,0,0,0,0,0, 192.168.1.111,172.217.10.98,0,0,0,0,0, 192.168.1.111,172.217.12.134,0,0,0,0,0, 192.168.1.111,172.217.13.68,0,0,0,0,0, 192.168.1.111,0,0,0,0,0,0, 192.168.1.111,0,0,0,0,0,0, 192.168.1.111,0,0,0,0,0,0, 192.168.1.111,0,0,0,0,0,0, 192.168.1.111,0,0,0,0,0,0, 192.168.1.111,0,0,0,0,0,0, 192.168.1.111,0,0,0,0,0,0, 192.168.1.111,0,0,0,0,0,0, 192.168.1.111,0,0,0,0,0,0, 192.168.1.111,0,0,0,0,0,0, 192.168.1.111,0,0,0,0,0,0, 192.168.1.111,0,0,0,0,0,0, 192.168.1.111,0.0.0.0,0,0,0,0,0,0,0,0,0,0,1526926417259,0.0,31732.921,0,0,0,0,0,0,0,0,0,0.0,0.0,-1
1800.499999999458,0,0,0,0, 192.168.1.111,172.217.135.9,0,0,0,0,0, 192.168.1.111,172.217.12.131,0,0,0,0,0, 192.168.1.111,172.217.11.46,0,0,0,0,0, 192.168.1.111,172.217.12.142,0,0,0,0,0, 192.168.1.111,172.217.10.14,0,0,0,0,0, 192.168.1.111,172.217.12.147,0,0,0,0,0, 192.168.1.111,172.217.10.110,0,0,0,0,0, 192.168.1.111,172.217.12.141,0,0,0,0,0, 192.168.1.111,172.217.12.138,0,0,0,0,0, 192.168.1.111,104.237.191.1,0,0,0,0,0, 192.168.1.111,172.217.10.98,0,0,0,0,0, 192.168.1.111,172.217.12.134,0,0,0,0,0, 192.168.1.111,172.217.13.68,0,0,0,0,0, 192.168.1.111,0,0,0,0,0,0, 192.168.1.111,0,0,0,0,0,0, 192.168.1.111,0,0,0,0,0,0, 192.168.1.111,0,0,0,0,0,0, 192.168.1.111,0,0,0,0,0,0, 192.168.1.111,0,0,0,0,0,0, 192.168.1.111,0,0,0,0,0,0, 192.168.1.111,0,0,0,0,0,0, 192.168.1.111,0,0,0,0,0,0, 192.168.1.111,0,0,0,0,0,0, 192.168.1.111,0,0,0,0,0,0, 192.168.1.111,0,0,0,0,0,0, 192.168.1.111,0.0.0.0,0,0,0,0,0,0,0,0,0,0,1526926417259,0.0,31732.921,0,0,0,0,0,0,0,0,0,0.0,0.0,-1
1800.599999999458,0,0,0,0, 192.168.1.111,172.217.135.9,0,0,0,0,0, 192.168.1.111,172.217.12.131,0,0,0,0,0, 192.168.1.111,172.217.11.46,0,0,0,0,0, 192.168.1.111,172.217.12.142,0,0,0,0,0, 192.168.1.111,172.217.10.14,0,0,0,0,0, 192.168.1.111,172.217.12.147,0,0,0,0,0, 192.168.1.111,172.217.10.110,0,0,0,0,0, 192.168.1.111,172.217.12.141,0,0,0,0,0, 192.168.1.111,172.217.12.138,0,0,0,0,0, 192.168.1.111,104.237.191.1,0,0,0,0,0, 192.168.1.111,172.217.10.98,0,0,0,0,0, 192.168.1.111,172.217.12.134,0,0,0,0,0, 192.168.1.111,172.217.13.68,0,0,0,0,0, 192.168.1.111,0,0,0,0,0,0, 192.168.1.111,0,0,0,0,0,0, 192.168.1.111,0,0,0,0,0,0, 192.168.1.111,0,0,0,0,0,0, 192.168.1.111,0,0,0,0,0,0, 192.168.1.111,0,0,0,0,0,0, 192.168.1.111,0,0,0,0,0,0, 192.168.1.111,0,0,0,0,0,0, 192.168.1.111,0,0,0,0,0,0, 192.168.1.111,0,0,0,0,0,0, 192.168.1.111,0,0,0,0,0,0, 192.168.1.111,0,0,0,0,0,0, 192.168.1.111,0.0.0.0,0,0,0,0,0,0,0,0,0,0,1526926417259,0.0,31732.921,0,0,0,0,0,0,0,0,0,0.0,0.0,-1
1800.6999999994578,0,0,0,0, 192.168.1.111,172.217.135.9,0,0,0,0,0, 192.168.1.111,172.217.12.131,0,0,0,0,0, 192.168.1.111,172.217.11.46,0,0,0,0,0, 192.168.1.111,172.217.12.142,0,0,0,0,0, 192.168.1.111,172.217.10.14,0,0,0,0,0, 192.168.1.111,172.217.12.147,0,0,0,0,0, 192.168.1.111,172.217.10.110,0,0,0,0,0, 192.168.1.111,172.217.12.141,0,0,0,0,0, 192.168.1.111,172.217.12.138,0,0,0,0,0, 192.168.1.111,104.237.191.1,0,0,0,0,0, 192.168.1.111,172.217.10.98,0,0,0,0,0, 192.168.1.111,172.217.12.134,0,0,0,0,0, 192.168.1.111,172.217.13.68,0,0,0,0,0, 192.168.1.111,0,0,0,0,0,0, 192.168.1.111,0,0,0,0,0,0, 192.168.1.111,0,0,0,0,0,0, 192.168.1.111,0,0,0,0,0,0, 192.168.1.111,0,0,0,0,0,0, 192.168.1.111,0,0,0,0,0,0, 192.168.1.111,0,0,0,0,0,0, 192.168.1.111,0,0,0,0,0,0, 192.168.1.111,0,0,0,0,0,0, 192.168.1.111,0,0,0,0,0,0, 192.168.1.111,0,0,0,0,0,0, 192.168.1.111,0,0,0,0,0,0, 192.168.1.111,0.0.0.0,0,0,0,0,0,0,0,0,0,0,1526926417259,0.0,31732.921,0,0,0,0,0,0,0,0,0,0.0,0.0,-1
1800.7999999994577,0,0,0,0, 192.168.1.111,172.217.135.9,0,0,0,0,0, 192.168.1.111,172.217.12.131,0,0,0,0,0, 192.168.1.111,172.217.11.46,0,0,0,0,0, 192.168.1.111,172.217.12.142,0,0,0,0,0, 192.168.1.111,172.217.10.14,0,0,0,0,0, 192.168.1.111,172.217.12.147,0,0,0,0,0, 192.168.1.111,172.217.10.110,0,0,0,0,0, 192.168.1.111,172.217.12.141,0,0,0,0,0, 192.168.1.111,172.217.12.138,0,0,0,0,0, 192.168.1.111,104.237.191.1,0,0,0,0,0, 192.168.1.111,172.217.10.98,0,0,0,0,0, 192.168.1.111,172.217.12.134,0,0,0,0,0, 192.168.1.111,172.217.13.68,0,0,0,0,0, 192.168.1.111,0,0,0,0,0,0, 192.168.1.111,0,0,0,0,0,0, 192.168.1.111,0,0,0,0,0,0, 192.168.1.111,0,0,0,0,0,0, 192.168.1.111,0,0,0,0,0,0, 192.168.1.111,0,0,0,0,0,0, 192.168.1.111,0,0,0,0,0,0, 192.168.1.111,0,0,0,0,0,0, 192.168.1.111,0,0,0,0,0,0, 192.168.1.111,0,0,0,0,0,0, 192.168.1.111,0,0,0,0,0,0, 192.168.1.111,0,0,0,0,0,0, 192.168.1.111,0.0.0.0,0,0,0,0,0,0,0,0,0,0,1526926417259,0.0,31732.921,0,0,0,0,0,0,0,0,0,0.0,0.0,-1
1800.8999999994576,0,0,0,0, 192.168.1.111,172.217.135.9,0,0,0,0,0, 192.168.1.111,172.217.12.131,0,0,0,0,0, 192.168.1.111,172.217.11.46,0,0,0,0,0, 192.168.1.111,172.217.12.142,0,0,0,0,0, 192.168.1.111,172.217.10.14,0,0,0,0,0, 192.168.1.111,172.217.12.147,0,0,0,0,0, 192.168.1.111,172.217.10.110,0,0,0,0,0, 192.168.1.111,172.217.12.141,0,0,0,0,0, 192.168.1.111,172.217.12.138,0,0,0,0,0, 192.168.1.111,104.237.191.1,0,0,0,0,0, 192.168.1.111,172.217.10.98,0,0,0,0,0, 192.168.1.111,172.217.12.134,0,0,0,0,0, 192.168.1.111,172.217.13.68,0,0,0,0,0, 192.168.1.111,0,0,0,0,0,0, 192.168.1.111,0,0,0,0,0,0, 192.168.1.111,0,0,0,0,0,0, 192.168.1.111,0,0,0,0,0,0, 192.168.1.111,0,0,0,0,0,0, 192.168.1.111,0,0,0,0,0,0, 192.168.1.111,0,0,0,0,0,0, 192.168.1.111,0,0,0,0,0,0, 192.168.1.111,0,0,0,0,0,0, 192.168.1.111,0,0,0,0,0,0, 192.168.1.111,0,0,0,0,0,0, 192.168.1.111,0,0,0,0,0,0, 192.168.1.111,0.0.0.0,0,0,0,0,0,0,0,0,0,0,1526926417259,0.0,31732.921,0,0,0,0,0,0,0,0,0,0.0,0.0,-1
0.0,1,0,1392,0, 192.168.1.111,173.194.184.230,0,0,0,0,0, 192.168.1.111,74.125.155.199,0,0,0,0,0, 192.168.1.111,172.217.12.206,0,0,0,0,0, 192.168.1.111,172.217.12.138,0,0,0,0,0, 192.168.1.111,172.217.12.131,0,0,0,0,0, 192.168.1.111,172.217.7.14,0,0,0,0,0, 192.168.1.111,172.217.12.214,0,0,0,0,0, 192.168.1.111,172.217.13.68,QUIC,1,0,1392,0, 192.168.1.111,172.217.12.142,0,0,0,0,0, 192.168.1.111,216.58.219.206,0,0,0,0,0, 192.168.1.111,23.65.191.179,0,0,0,0,0, 192.168.1.111,74.125.155.232,0,0,0,0,0, 192.168.1.111,173.194.7.55,0,0,0,0,0, 192.168.1.111,23.66.1.128,0,0,0,0,0, 192.168.1.111,216.58.219.194,0,0,0,0,0, 192.168.1.111,172.217.12.134,0,0,0,0,0, 192.168.1.111,172.217.135.39,0,0,0,0,0, 192.168.1.111,23.208.103.148,0,0,0,0,0, 192.168.1.111,172.217.11.3,0,0,0,0,0, 192.168.1.111,72.21.91.29,0,0,0,0,0, 192.168.1.111,23.52.155.27,0,0,0,0,0, 192.168.1.111,23.66.3.192,0,0,0,0,0, 192.168.1.111,23.208.92.34,0,0,0,0,0, 192.168.1.111,23.66.2.45,0,0,0,0,0, 192.168.1.111,172.217.12.147,0,0,0,0,0, 192.168.1.111,0.0.0.0,0,0,0,0,0,0,0,0,0,0,1526920852616,0.0,1639.261,0,0,0,0,0,0,0,0,0,0.0,0.0,-1
0.1,15,8,7463,888, 192.168.1.111,173.194.184.230,0,0,0,0,0, 192.168.1.111,74.125.155.199,0,0,0,0,0, 192.168.1.111,172.217.12.206,0,0,0,0,0, 192.168.1.111,172.217.12.138,0,0,0,0,0, 192.168.1.111,172.217.12.131,QUIC,1,0,1392,0, 192.168.1.111,172.217.7.14,0,0,0,0,0, 192.168.1.111,172.217.12.214,0,0,0,0,0, 192.168.1.111,172.217.13.68,TCP,4,2,1310,154, 192.168.1.111,172.217.12.142,0,0,0,0,0, 192.168.1.111,216.58.219.206,0,0,0,0,0, 192.168.1.111,23.65.191.179,0,0,0,0,0, 192.168.1.111,74.125.155.232,0,0,0,0,0, 192.168.1.111,173.194.7.55,0,0,0,0,0, 192.168.1.111,23.66.1.128,0,0,0,0,0, 192.168.1.111,216.58.219.194,QUIC,1,0,1392,0, 192.168.1.111,172.217.12.134,QUIC,1,0,1392,0, 192.168.1.111,172.217.135.39,QUIC,1,0,1392,0, 192.168.1.111,23.208.103.148,0,0,0,0,0, 192.168.1.111,172.217.11.3,0,0,0,0,0, 192.168.1.111,72.21.91.29,0,0,0,0,0, 192.168.1.111,23.52.155.27,0,0,0,0,0, 192.168.1.111,23.66.3.192,0,0,0,0,0, 192.168.1.111,23.208.92.34,0,0,0,0,0, 192.168.1.111,23.66.2.45,0,0,0,0,0, 192.168.1.111,172.217.12.147,0,0,0,0,0, 192.168.1.111,0.0.0.0,0,7,5,585,636,0,0,0,0,0,1526920852616,0.0,1639.261,0,0,0,0,0,0,0,0,0,0.0,0.0,-1
0.2,7,1,8591,1392, 192.168.1.111,173.194.184.230,0,0,0,0,0, 192.168.1.111,74.125.155.199,0,0,0,0,0, 192.168.1.111,172.217.12.206,QUIC,1,0,239,0, 192.168.1.111,172.217.12.138,0,0,0,0,0, 192.168.1.111,172.217.12.131,QUIC,2,0,2784,0, 192.168.1.111,172.217.7.14,0,0,0,0,0, 192.168.1.111,172.217.12.214,0,0,0,0,0, 192.168.1.111,172.217.13.68,QUIC,0,1,0,1392, 192.168.1.111,172.217.12.142,0,0,0,0,0, 192.168.1.111,216.58.219.206,0,0,0,0,0, 192.168.1.111,23.65.191.179,0,0,0,0,0, 192.168.1.111,74.125.155.232,0,0,0,0,0, 192.168.1.111,173.194.7.55,0,0,0,0,0, 192.168.1.111,23.66.1.128,0,0,0,0,0, 192.168.1.111,216.58.219.194,QUIC,2,0,2784,0, 192.168.1.111,172.217.12.134,QUIC,1,0,1392,0, 192.168.1.111,172.217.135.39,QUIC,1,0,1392,0, 192.168.1.111,23.208.103.148,0,0,0,0,0, 192.168.1.111,172.217.11.3,0,0,0,0,0, 192.168.1.111,72.21.91.29,0,0,0,0,0, 192.168.1.111,23.52.155.27,0,0,0,0,0, 192.168.1.111,23.66.3.192,0,0,0,0,0, 192.168.1.111,23.208.92.34,0,0,0,0,0, 192.168.1.111,23.66.2.45,0,0,0,0,0, 192.168.1.111,172.217.12.147,0,0,0,0,0, 192.168.1.111,0.0.0.0,0,0,0,0,0,0,0,0,0,0,1526920852616,0.0,1639.261,0,0,0,0,0,0,0,0,0,0.0,0.0,-1
0.3,4,1,2765,1392, 192.168.1.111,173.194.184.230,0,0,0,0,0, 192.168.1.111,74.125.155.199,0,0,0,0,0, 192.168.1.111,172.217.12.206,0,0,0,0,0, 192.168.1.111,172.217.12.138,0,0,0,0,0, 192.168.1.111,172.217.12.131,0,0,0,0,0, 192.168.1.111,172.217.7.14,0,0,0,0,0, 192.168.1.111,172.217.12.214,0,0,0,0,0, 192.168.1.111,172.217.13.68,QUIC,4,1,2765,1392, 192.168.1.111,172.217.12.142,0,0,0,0,0, 192.168.1.111,216.58.219.206,0,0,0,0,0, 192.168.1.111,23.65.191.179,0,0,0,0,0, 192.168.1.111,74.125.155.232,0,0,0,0,0, 192.168.1.111,173.194.7.55,0,0,0,0,0, 192.168.1.111,23.66.1.128,0,0,0,0,0, 192.168.1.111,216.58.219.194,0,0,0,0,0, 192.168.1.111,172.217.12.134,0,0,0,0,0, 192.168.1.111,172.217.135.39,0,0,0,0,0, 192.168.1.111,23.208.103.148,0,0,0,0,0, 192.168.1.111,172.217.11.3,0,0,0,0,0, 192.168.1.111,72.21.91.29,0,0,0,0,0, 192.168.1.111,23.52.155.27,0,0,0,0,0, 192.168.1.111,23.66.3.192,0,0,0,0,0, 192.168.1.111,23.208.92.34,0,0,0,0,0, 192.168.1.111,23.66.2.45,0,0,0,0,0, 192.168.1.111,172.217.12.147,0,0,0,0,0, 192.168.1.111,0.0.0.0,0,0,0,0,0,0,0,0,0,0,1526920852616,0.0,1639.261,0,0,0,0,0,0,0,0,0,0.0,0.0,-1
0.4,6,0,7199,0, 192.168.1.111,173.194.184.230,0,0,0,0,0, 192.168.1.111,74.125.155.199,0,0,0,0,0, 192.168.1.111,172.217.12.206,QUIC,1,0,239,0, 192.168.1.111,172.217.12.138,0,0,0,0,0, 192.168.1.111,172.217.12.131,QUIC,1,0,1392,0, 192.168.1.111,172.217.7.14,0,0,0,0,0, 192.168.1.111,172.217.12.214,0,0,0,0,0, 192.168.1.111,172.217.13.68,QUIC,1,0,1392,0, 192.168.1.111,172.217.12.142,0,0,0,0,0, 192.168.1.111,216.58.219.206,0,0,0,0,0, 192.168.1.111,23.65.191.179,0,0,0,0,0, 192.168.1.111,74.125.155.232,0,0,0,0,0, 192.168.1.111,173.194.7.55,0,0,0,0,0, 192.168.1.111,23.66.1.128,0,0,0,0,0, 192.168.1.111,216.58.219.194,QUIC,1,0,1392,0, 192.168.1.111,172.217.12.134,QUIC,1,0,1392,0, 192.168.1.111,172.217.135.39,QUIC,1,0,1392,0, 192.168.1.111,23.208.103.148,0,0,0,0,0, 192.168.1.111,172.217.11.3,0,0,0,0,0, 192.168.1.111,72.21.91.29,0,0,0,0,0, 192.168.1.111,23.52.155.27,0,0,0,0,0, 192.168.1.111,23.66.3.192,0,0,0,0,0, 192.168.1.111,23.208.92.34,0,0,0,0,0, 192.168.1.111,23.66.2.45,0,0,0,0,0, 192.168.1.111,172.217.12.147,0,0,0,0,0, 192.168.1.111,0.0.0.0,0,0,0,0,0,0,0,0,0,0,1526920852616,0.0,1639.261,0,0,0,0,0,0,0,0,0,0.0,0.0,-1
0.5,2,0,1631,0, 192.168.1.111,173.194.184.230,0,0,0,0,0, 192.168.1.111,74.125.155.199,0,0,0,0,0, 192.168.1.111,172.217.12.206,QUIC,1,0,239,0, 192.168.1.111,172.217.12.138,0,0,0,0,0, 192.168.1.111,172.217.12.131,0,0,0,0,0, 192.168.1.111,172.217.7.14,0,0,0,0,0, 192.168.1.111,172.217.12.214,0,0,0,0,0, 192.168.1.111,172.217.13.68,QUIC,1,0,1392,0, 192.168.1.111,172.217.12.142,0,0,0,0,0, 192.168.1.111,216.58.219.206,0,0,0,0,0, 192.168.1.111,23.65.191.179,0,0,0,0,0, 192.168.1.111,74.125.155.232,0,0,0,0,0, 192.168.1.111,173.194.7.55,0,0,0,0,0, 192.168.1.111,23.66.1.128,0,0,0,0,0, 192.168.1.111,216.58.219.194,0,0,0,0,0, 192.168.1.111,172.217.12.134,0,0,0,0,0, 192.168.1.111,172.217.135.39,0,0,0,0,0, 192.168.1.111,23.208.103.148,0,0,0,0,0, 192.168.1.111,172.217.11.3,0,0,0,0,0, 192.168.1.111,72.21.91.29,0,0,0,0,0, 192.168.1.111,23.52.155.27,0,0,0,0,0, 192.168.1.111,23.66.3.192,0,0,0,0,0, 192.168.1.111,23.208.92.34,0,0,0,0,0, 192.168.1.111,23.66.2.45,0,0,0,0,0, 192.168.1.111,172.217.12.147,0,0,0,0,0, 192.168.1.111,0.0.0.0,0,0,0,0,0,0,0,0,0,0,1526920852616,0.0,1639.261,0,0,0,0,0,0,0,0,0,0.0,0.0,-1
0.6,11,15,6825,18297, 192.168.1.111,173.194.184.230,0,0,0,0,0, 192.168.1.111,74.125.155.199,0,0,0,0,0, 192.168.1.111,172.217.12.206,0,0,0,0,0, 192.168.1.111,172.217.12.138,0,0,0,0,0, 192.168.1.111,172.217.12.131,QUIC,1,2,1392,2784, 192.168.1.111,172.217.7.14,0,0,0,0,0, 192.168.1.111,172.217.12.214,0,0,0,0,0, 192.168.1.111,172.217.13.68,QUIC,4,5,1017,5692, 192.168.1.111,172.217.12.142,0,0,0,0,0, 192.168.1.111,216.58.219.206,0,0,0,0,0, 192.168.1.111,23.65.191.179,0,0,0,0,0, 192.168.1.111,74.125.155.232,0,0,0,0,0, 192.168.1.111,173.194.7.55,0,0,0,0,0, 192.168.1.111,23.66.1.128,0,0,0,0,0, 192.168.1.111,216.58.219.194,QUIC,2,2,1472,2784, 192.168.1.111,172.217.12.134,QUIC,2,2,1472,2784, 192.168.1.111,172.217.135.39,QUIC,2,4,1472,4253, 192.168.1.111,23.208.103.148,0,0,0,0,0, 192.168.1.111,172.217.11.3,0,0,0,0,0, 192.168.1.111,72.21.91.29,0,0,0,0,0, 192.168.1.111,23.52.155.27,0,0,0,0,0, 192.168.1.111,23.66.3.192,0,0,0,0,0, 192.168.1.111,23.208.92.34,0,0,0,0,0, 192.168.1.111,23.66.2.45,0,0,0,0,0, 192.168.1.111,172.217.12.147,0,0,0,0,0, 192.168.1.111,0.0.0.0,0,0,0,0,0,0,0,0,0,0,1526920852616,0.0,1639.261,0,0,0,0,0,0,0,0,0,0.0,0.0,-1
0.7,2,0,1680,0, 192.168.1.111,173.194.184.230,0,0,0,0,0, 192.168.1.111,74.125.155.199,0,0,0,0,0, 192.168.1.111,172.217.12.206,0,0,0,0,0, 192.168.1.111,172.217.12.138,0,0,0,0,0, 192.168.1.111,172.217.12.131,0,0,0,0,0, 192.168.1.111,172.217.7.14,0,0,0,0,0, 192.168.1.111,172.217.12.214,0,0,0,0,0, 192.168.1.111,172.217.13.68,QUIC,2,0,1680,0, 192.168.1.111,172.217.12.142,0,0,0,0,0, 192.168.1.111,216.58.219.206,0,0,0,0,0, 192.168.1.111,23.65.191.179,0,0,0,0,0, 192.168.1.111,74.125.155.232,0,0,0,0,0, 192.168.1.111,173.194.7.55,0,0,0,0,0, 192.168.1.111,23.66.1.128,0,0,0,0,0, 192.168.1.111,216.58.219.194,0,0,0,0,0, 192.168.1.111,172.217.12.134,0,0,0,0,0, 192.168.1.111,172.217.135.39,0,0,0,0,0, 192.168.1.111,23.208.103.148,0,0,0,0,0, 192.168.1.111,172.217.11.3,0,0,0,0,0, 192.168.1.111,72.21.91.29,0,0,0,0,0, 192.168.1.111,23.52.155.27,0,0,0,0,0, 192.168.1.111,23.66.3.192,0,0,0,0,0, 192.168.1.111,23.208.92.34,0,0,0,0,0, 192.168.1.111,23.66.2.45,0,0,0,0,0, 192.168.1.111,172.217.12.147,0,0,0,0,0, 192.168.1.111,0.0.0.0,0,0,0,0,0,0,0,0,0,0,1526920852616,0.0,1639.261,0,0,0,0,0,0,0,0,0,0.0,0.0,-1
0.7999999999999999,0,0,0,0, 192.168.1.111,173.194.184.230,0,0,0,0,0, 192.168.1.111,74.125.155.199,0,0,0,0,0, 192.168.1.111,172.217.12.206,0,0,0,0,0, 192.168.1.111,172.217.12.138,0,0,0,0,0, 192.168.1.111,172.217.12.131,0,0,0,0,0, 192.168.1.111,172.217.7.14,0,0,0,0,0, 192.168.1.111,172.217.12.214,0,0,0,0,0, 192.168.1.111,172.217.13.68,0,0,0,0,0, 192.168.1.111,172.217.12.142,0,0,0,0,0, 192.168.1.111,216.58.219.206,0,0,0,0,0, 192.168.1.111,23.65.191.179,0,0,0,0,0, 192.168.1.111,74.125.155.232,0,0,0,0,0, 192.168.1.111,173.194.7.55,0,0,0,0,0, 192.168.1.111,23.66.1.128,0,0,0,0,0, 192.168.1.111,216.58.219.194,0,0,0,0,0, 192.168.1.111,172.217.12.134,0,0,0,0,0, 192.168.1.111,172.217.135.39,0,0,0,0,0, 192.168.1.111,23.208.103.148,0,0,0,0,0, 192.168.1.111,172.217.11.3,0,0,0,0,0, 192.168.1.111,72.21.91.29,0,0,0,0,0, 192.168.1.111,23.52.155.27,0,0,0,0,0, 192.168.1.111,23.66.3.192,0,0,0,0,0, 192.168.1.111,23.208.92.34,0,0,0,0,0, 192.168.1.111,23.66.2.45,0,0,0,0,0, 192.168.1.111,172.217.12.147,0,0,0,0,0, 192.168.1.111,0.0.0.0,0,0,0,0,0,0,0,0,0,0,1526920852616,0.0,1639.261,0,0,0,0,0,0,0,0,0,0.0,0.0,-1
0.8999999999999999,2,0,527,0, 192.168.1.111,173.194.184.230,0,0,0,0,0, 192.168.1.111,74.125.155.199,0,0,0,0,0, 192.168.1.111,172.217.12.206,QUIC,1,0,239,0, 192.168.1.111,172.217.12.138,0,0,0,0,0, 192.168.1.111,172.217.12.131,0,0,0,0,0, 192.168.1.111,172.217.7.14,0,0,0,0,0, 192.168.1.111,172.217.12.214,0,0,0,0,0, 192.168.1.111,172.217.13.68,TCP,1,0,288,0, 192.168.1.111,172.217.12.142,0,0,0,0,0, 192.168.1.111,216.58.219.206,0,0,0,0,0, 192.168.1.111,23.65.191.179,0,0,0,0,0, 192.168.1.111,74.125.155.232,0,0,0,0,0, 192.168.1.111,173.194.7.55,0,0,0,0,0, 192.168.1.111,23.66.1.128,0,0,0,0,0, 192.168.1.111,216.58.219.194,0,0,0,0,0, 192.168.1.111,172.217.12.134,0,0,0,0,0, 192.168.1.111,172.217.135.39,0,0,0,0,0, 192.168.1.111,23.208.103.148,0,0,0,0,0, 192.168.1.111,172.217.11.3,0,0,0,0,0, 192.168.1.111,72.21.91.29,0,0,0,0,0, 192.168.1.111,23.52.155.27,0,0,0,0,0, 192.168.1.111,23.66.3.192,0,0,0,0,0, 192.168.1.111,23.208.92.34,0,0,0,0,0, 192.168.1.111,23.66.2.45,0,0,0,0,0, 192.168.1.111,172.217.12.147,0,0,0,0,0, 192.168.1.111,0.0.0.0,0,0,0,0,0,0,0,0,0,0,1526920852616,0.0,1639.261,0,0,0,0,0,0,0,0,0,0.0,0.0,-1
1.0,0,0,0,0, 192.168.1.111,173.194.184.230,0,0,0,0,0, 192.168.1.111,74.125.155.199,0,0,0,0,0, 192.168.1.111,172.217.12.206,0,0,0,0,0, 192.168.1.111,172.217.12.138,0,0,0,0,0, 192.168.1.111,172.217.12.131,0,0,0,0,0, 192.168.1.111,172.217.7.14,0,0,0,0,0, 192.168.1.111,172.217.12.214,0,0,0,0,0, 192.168.1.111,172.217.13.68,0,0,0,0,0, 192.168.1.111,172.217.12.142,0,0,0,0,0, 192.168.1.111,216.58.219.206,0,0,0,0,0, 192.168.1.111,23.65.191.179,0,0,0,0,0, 192.168.1.111,74.125.155.232,0,0,0,0,0, 192.168.1.111,173.194.7.55,0,0,0,0,0, 192.168.1.111,23.66.1.128,0,0,0,0,0, 192.168.1.111,216.58.219.194,0,0,0,0,0, 192.168.1.111,172.217.12.134,0,0,0,0,0, 192.168.1.111,172.217.135.39,0,0,0,0,0, 192.168.1.111,23.208.103.148,0,0,0,0,0, 192.168.1.111,172.217.11.3,0,0,0,0,0, 192.168.1.111,72.21.91.29,0,0,0,0,0, 192.168.1.111,23.52.155.27,0,0,0,0,0, 192.168.1.111,23.66.3.192,0,0,0,0,0, 192.168.1.111,23.208.92.34,0,0,0,0,0, 192.168.1.111,23.66.2.45,0,0,0,0,0, 192.168.1.111,172.217.12.147,0,0,0,0,0, 192.168.1.111,0.0.0.0,0,0,0,0,0,0,0,0,0,0,1526920852616,0.0,1639.261,0,0,0,0,0,0,0,0,0,0.0,0.0,-1
1.1,3,1,458,98, 192.168.1.111,173.194.184.230,0,0,0,0,0, 192.168.1.111,74.125.155.199,0,0,0,0,0, 192.168.1.111,172.217.12.206,0,0,0,0,0, 192.168.1.111,172.217.12.138,0,0,0,0,0, 192.168.1.111,172.217.12.131,0,0,0,0,0, 192.168.1.111,172.217.7.14,0,0,0,0,0, 192.168.1.111,172.217.12.214,0,0,0,0,0, 192.168.1.111,172.217.13.68,TCP,1,0,288,0, 192.168.1.111,172.217.12.142,0,0,0,0,0, 192.168.1.111,216.58.219.206,0,0,0,0,0, 192.168.1.111,23.65.191.179,0,0,0,0,0, 192.168.1.111,74.125.155.232,0,0,0,0,0, 192.168.1.111,173.194.7.55,0,0,0,0,0, 192.168.1.111,23.66.1.128,0,0,0,0,0, 192.168.1.111,216.58.219.194,0,0,0,0,0, 192.168.1.111,172.217.12.134,0,0,0,0,0, 192.168.1.111,172.217.135.39,0,0,0,0,0, 192.168.1.111,23.208.103.148,0,0,0,0,0, 192.168.1.111,172.217.11.3,0,0,0,0,0, 192.168.1.111,72.21.91.29,0,0,0,0,0, 192.168.1.111,23.52.155.27,0,0,0,0,0, 192.168.1.111,23.66.3.192,0,0,0,0,0, 192.168.1.111,23.208.92.34,0,0,0,0,0, 192.168.1.111,23.66.2.45,0,0,0,0,0, 192.168.1.111,172.217.12.147,0,0,0,0,0, 192.168.1.111,0.0.0.0,0,2,0,170,0,0,0,0,0,0,1526920852616,0.0,1639.261,0,0,0,0,0,0,0,0,0,0.0,0.0,-1
1.2,1,0,1392,0, 192.168.1.111,173.194.184.230,0,0,0,0,0, 192.168.1.111,74.125.155.199,0,0,0,0,0, 192.168.1.111,172.217.12.206,0,0,0,0,0, 192.168.1.111,172.217.12.138,0,0,0,0,0, 192.168.1.111,172.217.12.131,0,0,0,0,0, 192.168.1.111,172.217.7.14,0,0,0,0,0, 192.168.1.111,172.217.12.214,0,0,0,0,0, 192.168.1.111,172.217.13.68,QUIC,1,0,1392,0, 192.168.1.111,172.217.12.142,0,0,0,0,0, 192.168.1.111,216.58.219.206,0,0,0,0,0, 192.168.1.111,23.65.191.179,0,0,0,0,0, 192.168.1.111,74.125.155.232,0,0,0,0,0, 192.168.1.111,173.194.7.55,0,0,0,0,0, 192.168.1.111,23.66.1.128,0,0,0,0,0, 192.168.1.111,216.58.219.194,0,0,0,0,0, 192.168.1.111,172.217.12.134,0,0,0,0,0, 192.168.1.111,172.217.135.39,0,0,0,0,0, 192.168.1.111,23.208.103.148,0,0,0,0,0, 192.168.1.111,172.217.11.3,0,0,0,0,0, 192.168.1.111,72.21.91.29,0,0,0,0,0, 192.168.1.111,23.52.155.27,0,0,0,0,0, 192.168.1.111,23.66.3.192,0,0,0,0,0, 192.168.1.111,23.208.92.34,0,0,0,0,0, 192.168.1.111,23.66.2.45,0,0,0,0,0, 192.168.1.111,172.217.12.147,0,0,0,0,0, 192.168.1.111,0.0.0.0,0,0,0,0,0,0,0,0,0,0,1526920852616,0.0,1639.261,0,0,0,0,0,0,0,0,0,0.0,0.0,-1
1.3,0,0,0,0, 192.168.1.111,173.194.184.230,0,0,0,0,0, 192.168.1.111,74.125.155.199,0,0,0,0,0, 192.168.1.111,172.217.12.206,0,0,0,0,0, 192.168.1.111,172.217.12.138,0,0,0,0,0, 192.168.1.111,172.217.12.131,0,0,0,0,0, 192.168.1.111,172.217.7.14,0,0,0,0,0, 192.168.1.111,172.217.12.214,0,0,0,0,0, 192.168.1.111,172.217.13.68,0,0,0,0,0, 192.168.1.111,172.217.12.142,0,0,0,0,0, 192.168.1.111,216.58.219.206,0,0,0,0,0, 192.168.1.111,23.65.191.179,0,0,0,0,0, 192.168.1.111,74.125.155.232,0,0,0,0,0, 192.168.1.111,173.194.7.55,0,0,0,0,0, 192.168.1.111,23.66.1.128,0,0,0,0,0, 192.168.1.111,216.58.219.194,0,0,0,0,0, 192.168.1.111,172.217.12.134,0,0,0,0,0, 192.168.1.111,172.217.135.39,0,0,0,0,0, 192.168.1.111,23.208.103.148,0,0,0,0,0, 192.168.1.111,172.217.11.3,0,0,0,0,0, 192.168.1.111,72.21.91.29,0,0,0,0,0, 192.168.1.111,23.52.155.27,0,0,0,0,0, 192.168.1.111,23.66.3.192,0,0,0,0,0, 192.168.1.111,23.208.92.34,0,0,0,0,0, 192.168.1.111,23.66.2.45,0,0,0,0,0, 192.168.1.111,172.217.12.147,0,0,0,0,0, 192.168.1.111,0.0.0.0,0,0,0,0,0,0,0,0,0,0,1526920852616,0.0,1639.261,0,0,0,0,0,0,0,0,0,0.0,0.0,-1
1.4,5,0,5856,0, 192.168.1.111,173.194.184.230,0,0,0,0,0, 192.168.1.111,74.125.155.199,0,0,0,0,0, 192.168.1.111,172.217.12.206,0,0,0,0,0, 192.168.1.111,172.217.12.138,0,0,0,0,0, 192.168.1.111,172.217.12.131,QUIC,1,0,1392,0, 192.168.1.111,172.217.7.14,0,0,0,0,0, 192.168.1.111,172.217.12.214,0,0,0,0,0, 192.168.1.111,172.217.13.68,TCP,1,0,288,0, 192.168.1.111,172.217.12.142,0,0,0,0,0, 192.168.1.111,216.58.219.206,0,0,0,0,0, 192.168.1.111,23.65.191.179,0,0,0,0,0, 192.168.1.111,74.125.155.232,0,0,0,0,0, 192.168.1.111,173.194.7.55,0,0,0,0,0, 192.168.1.111,23.66.1.128,0,0,0,0,0, 192.168.1.111,216.58.219.194,QUIC,1,0,1392,0, 192.168.1.111,172.217.12.134,QUIC,1,0,1392,0, 192.168.1.111,172.217.135.39,QUIC,1,0,1392,0, 192.168.1.111,23.208.103.148,0,0,0,0,0, 192.168.1.111,172.217.11.3,0,0,0,0,0, 192.168.1.111,72.21.91.29,0,0,0,0,0, 192.168.1.111,23.52.155.27,0,0,0,0,0, 192.168.1.111,23.66.3.192,0,0,0,0,0, 192.168.1.111,23.208.92.34,0,0,0,0,0, 192.168.1.111,23.66.2.45,0,0,0,0,0, 192.168.1.111,172.217.12.147,0,0,0,0,0, 192.168.1.111,0.0.0.0,0,0,0,0,0,0,0,0,0,0,1526920852616,0.0,1639.261,0,0,0,0,0,0,0,0,0,0.0,0.0,-1
1.5000000000000002,0,0,0,0, 192.168.1.111,173.194.184.230,0,0,0,0,0, 192.168.1.111,74.125.155.199,0,0,0,0,0, 192.168.1.111,172.217.12.206,0,0,0,0,0, 192.168.1.111,172.217.12.138,0,0,0,0,0, 192.168.1.111,172.217.12.131,0,0,0,0,0, 192.168.1.111,172.217.7.14,0,0,0,0,0, 192.168.1.111,172.217.12.214,0,0,0,0,0, 192.168.1.111,172.217.13.68,0,0,0,0,0, 192.168.1.111,172.217.12.142,0,0,0,0,0, 192.168.1.111,216.58.219.206,0,0,0,0,0, 192.168.1.111,23.65.191.179,0,0,0,0,0, 192.168.1.111,74.125.155.232,0,0,0,0,0, 192.168.1.111,173.194.7.55,0,0,0,0,0, 192.168.1.111,23.66.1.128,0,0,0,0,0, 192.168.1.111,216.58.219.194,0,0,0,0,0, 192.168.1.111,172.217.12.134,0,0,0,0,0, 192.168.1.111,172.217.135.39,0,0,0,0,0, 192.168.1.111,23.208.103.148,0,0,0,0,0, 192.168.1.111,172.217.11.3,0,0,0,0,0, 192.168.1.111,72.21.91.29,0,0,0,0,0, 192.168.1.111,23.52.155.27,0,0,0,0,0, 192.168.1.111,23.66.3.192,0,0,0,0,0, 192.168.1.111,23.208.92.34,0,0,0,0,0, 192.168.1.111,23.66.2.45,0,0,0,0,0, 192.168.1.111,172.217.12.147,0,0,0,0,0, 192.168.1.111,0.0.0.0,0,0,0,0,0,0,0,0,0,0,1526920852616,0.0,1639.261,0,0,0,0,0,0,0,0,0,0.0,0.0,-1
1.6000000000000003,1,0,239,0, 192.168.1.111,173.194.184.230,0,0,0,0,0, 192.168.1.111,74.125.155.199,0,0,0,0,0, 192.168.1.111,172.217.12.206,QUIC,1,0,239,0, 192.168.1.111,172.217.12.138,0,0,0,0,0, 192.168.1.111,172.217.12.131,0,0,0,0,0, 192.168.1.111,172.217.7.14,0,0,0,0,0, 192.168.1.111,172.217.12.214,0,0,0,0,0, 192.168.1.111,172.217.13.68,0,0,0,0,0, 192.168.1.111,172.217.12.142,0,0,0,0,0, 192.168.1.111,216.58.219.206,0,0,0,0,0, 192.168.1.111,23.65.191.179,0,0,0,0,0, 192.168.1.111,74.125.155.232,0,0,0,0,0, 192.168.1.111,173.194.7.55,0,0,0,0,0, 192.168.1.111,23.66.1.128,0,0,0,0,0, 192.168.1.111,216.58.219.194,0,0,0,0,0, 192.168.1.111,172.217.12.134,0,0,0,0,0, 192.168.1.111,172.217.135.39,0,0,0,0,0, 192.168.1.111,23.208.103.148,0,0,0,0,0, 192.168.1.111,172.217.11.3,0,0,0,0,0, 192.168.1.111,72.21.91.29,0,0,0,0,0, 192.168.1.111,23.52.155.27,0,0,0,0,0, 192.168.1.111,23.66.3.192,0,0,0,0,0, 192.168.1.111,23.208.92.34,0,0,0,0,0, 192.168.1.111,23.66.2.45,0,0,0,0,0, 192.168.1.111,172.217.12.147,0,0,0,0,0, 192.168.1.111,0.0.0.0,0,0,0,0,0,0,0,0,0,0,1526920852616,0.0,1639.261,0,0,0,0,0,0,0,0,0,0.0,0.0,-1
1.7000000000000004,0,0,0,0, 192.168.1.111,173.194.184.230,0,0,0,0,0, 192.168.1.111,74.125.155.199,0,0,0,0,0, 192.168.1.111,172.217.12.206,0,0,0,0,0, 192.168.1.111,172.217.12.138,0,0,0,0,0, 192.168.1.111,172.217.12.131,0,0,0,0,0, 192.168.1.111,172.217.7.14,0,0,0,0,0, 192.168.1.111,172.217.12.214,0,0,0,0,0, 192.168.1.111,172.217.13.68,0,0,0,0,0, 192.168.1.111,172.217.12.142,0,0,0,0,0, 192.168.1.111,216.58.219.206,0,0,0,0,0, 192.168.1.111,23.65.191.179,0,0,0,0,0, 192.168.1.111,74.125.155.232,0,0,0,0,0, 192.168.1.111,173.194.7.55,0,0,0,0,0, 192.168.1.111,23.66.1.128,0,0,0,0,0, 192.168.1.111,216.58.219.194,0,0,0,0,0, 192.168.1.111,172.217.12.134,0,0,0,0,0, 192.168.1.111,172.217.135.39,0,0,0,0,0, 192.168.1.111,23.208.103.148,0,0,0,0,0, 192.168.1.111,172.217.11.3,0,0,0,0,0, 192.168.1.111,72.21.91.29,0,0,0,0,0, 192.168.1.111,23.52.155.27,0,0,0,0,0, 192.168.1.111,23.66.3.192,0,0,0,0,0, 192.168.1.111,23.208.92.34,0,0,0,0,0, 192.168.1.111,23.66.2.45,0,0,0,0,0, 192.168.1.111,172.217.12.147,0,0,0,0,0, 192.168.1.111,0.0.0.0,0,0,0,0,0,0,0,0,0,0,1526920852616,0.0,1639.261,0,0,0,0,0,0,0,0,0,0.0,0.0,-1
1.8000000000000005,0,0,0,0, 192.168.1.111,173.194.184.230,0,0,0,0,0, 192.168.1.111,74.125.155.199,0,0,0,0,0, 192.168.1.111,172.217.12.206,0,0,0,0,0, 192.168.1.111,172.217.12.138,0,0,0,0,0, 192.168.1.111,172.217.12.131,0,0,0,0,0, 192.168.1.111,172.217.7.14,0,0,0,0,0, 192.168.1.111,172.217.12.214,0,0,0,0,0, 192.168.1.111,172.217.13.68,0,0,0,0,0, 192.168.1.111,172.217.12.142,0,0,0,0,0, 192.168.1.111,216.58.219.206,0,0,0,0,0, 192.168.1.111,23.65.191.179,0,0,0,0,0, 192.168.1.111,74.125.155.232,0,0,0,0,0, 192.168.1.111,173.194.7.55,0,0,0,0,0, 192.168.1.111,23.66.1.128,0,0,0,0,0, 192.168.1.111,216.58.219.194,0,0,0,0,0, 192.168.1.111,172.217.12.134,0,0,0,0,0, 192.168.1.111,172.217.135.39,0,0,0,0,0, 192.168.1.111,23.208.103.148,0,0,0,0,0, 192.168.1.111,172.217.11.3,0,0,0,0,0, 192.168.1.111,72.21.91.29,0,0,0,0,0, 192.168.1.111,23.52.155.27,0,0,0,0,0, 192.168.1.111,23.66.3.192,0,0,0,0,0, 192.168.1.111,23.208.92.34,0,0,0,0,0, 192.168.1.111,23.66.2.45,0,0,0,0,0, 192.168.1.111,172.217.12.147,0,0,0,0,0, 192.168.1.111,0.0.0.0,0,0,0,0,0,0,0,0,0,0,1526920852616,0.0,1639.261,0,0,0,0,0,0,0,0,0,0.0,0.0,-1
1.9000000000000008,1,0,288,0, 192.168.1.111,173.194.184.230,0,0,0,0,0, 192.168.1.111,74.125.155.199,0,0,0,0,0, 192.168.1.111,172.217.12.206,0,0,0,0,0, 192.168.1.111,172.217.12.138,0,0,0,0,0, 192.168.1.111,172.217.12.131,0,0,0,0,0, 192.168.1.111,172.217.7.14,0,0,0,0,0, 192.168.1.111,172.217.12.214,0,0,0,0,0, 192.168.1.111,172.217.13.68,TCP,1,0,288,0, 192.168.1.111,172.217.12.142,0,0,0,0,0, 192.168.1.111,216.58.219.206,0,0,0,0,0, 192.168.1.111,23.65.191.179,0,0,0,0,0, 192.168.1.111,74.125.155.232,0,0,0,0,0, 192.168.1.111,173.194.7.55,0,0,0,0,0, 192.168.1.111,23.66.1.128,0,0,0,0,0, 192.168.1.111,216.58.219.194,0,0,0,0,0, 192.168.1.111,172.217.12.134,0,0,0,0,0, 192.168.1.111,172.217.135.39,0,0,0,0,0, 192.168.1.111,23.208.103.148,0,0,0,0,0, 192.168.1.111,172.217.11.3,0,0,0,0,0, 192.168.1.111,72.21.91.29,0,0,0,0,0, 192.168.1.111,23.52.155.27,0,0,0,0,0, 192.168.1.111,23.66.3.192,0,0,0,0,0, 192.168.1.111,23.208.92.34,0,0,0,0,0, 192.168.1.111,23.66.2.45,0,0,0,0,0, 192.168.1.111,172.217.12.147,0,0,0,0,0, 192.168.1.111,0.0.0.0,0,0,0,0,0,0,0,0,0,0,1526920852616,0.0,1639.261,0,0,0,0,0,0,0,0,0,0.0,0.0,-1
2.0000000000000004,1,0,1392,0, 192.168.1.111,173.194.184.230,0,0,0,0,0, 192.168.1.111,74.125.155.199,0,0,0,0,0, 192.168.1.111,172.217.12.206,0,0,0,0,0, 192.168.1.111,172.217.12.138,0,0,0,0,0, 192.168.1.111,172.217.12.131,0,0,0,0,0, 192.168.1.111,172.217.7.14,0,0,0,0,0, 192.168.1.111,172.217.12.214,0,0,0,0,0, 192.168.1.111,172.217.13.68,QUIC,1,0,1392,0, 192.168.1.111,172.217.12.142,0,0,0,0,0, 192.168.1.111,216.58.219.206,0,0,0,0,0, 192.168.1.111,23.65.191.179,0,0,0,0,0, 192.168.1.111,74.125.155.232,0,0,0,0,0, 192.168.1.111,173.194.7.55,0,0,0,0,0, 192.168.1.111,23.66.1.128,0,0,0,0,0, 192.168.1.111,216.58.219.194,0,0,0,0,0, 192.168.1.111,172.217.12.134,0,0,0,0,0, 192.168.1.111,172.217.135.39,0,0,0,0,0, 192.168.1.111,23.208.103.148,0,0,0,0,0, 192.168.1.111,172.217.11.3,0,0,0,0,0, 192.168.1.111,72.21.91.29,0,0,0,0,0, 192.168.1.111,23.52.155.27,0,0,0,0,0, 192.168.1.111,23.66.3.192,0,0,0,0,0, 192.168.1.111,23.208.92.34,0,0,0,0,0, 192.168.1.111,23.66.2.45,0,0,0,0,0, 192.168.1.111,172.217.12.147,0,0,0,0,0, 192.168.1.111,0.0.0.0,0,0,0,0,0,0,0,0,0,0,1526920852616,0.0,1639.261,0,0,0,0,0,0,0,0,0,0.0,0.0,-1
2.1000000000000005,0,0,0,0, 192.168.1.111,173.194.184.230,0,0,0,0,0, 192.168.1.111,74.125.155.199,0,0,0,0,0, 192.168.1.111,172.217.12.206,0,0,0,0,0, 192.168.1.111,172.217.12.138,0,0,0,0,0, 192.168.1.111,172.217.12.131,0,0,0,0,0, 192.168.1.111,172.217.7.14,0,0,0,0,0, 192.168.1.111,172.217.12.214,0,0,0,0,0, 192.168.1.111,172.217.13.68,0,0,0,0,0, 192.168.1.111,172.217.12.142,0,0,0,0,0, 192.168.1.111,216.58.219.206,0,0,0,0,0, 192.168.1.111,23.65.191.179,0,0,0,0,0, 192.168.1.111,74.125.155.232,0,0,0,0,0, 192.168.1.111,173.194.7.55,0,0,0,0,0, 192.168.1.111,23.66.1.128,0,0,0,0,0, 192.168.1.111,216.58.219.194,0,0,0,0,0, 192.168.1.111,172.217.12.134,0,0,0,0,0, 192.168.1.111,172.217.135.39,0,0,0,0,0, 192.168.1.111,23.208.103.148,0,0,0,0,0, 192.168.1.111,172.217.11.3,0,0,0,0,0, 192.168.1.111,72.21.91.29,0,0,0,0,0, 192.168.1.111,23.52.155.27,0,0,0,0,0, 192.168.1.111,23.66.3.192,0,0,0,0,0, 192.168.1.111,23.208.92.34,0,0,0,0,0, 192.168.1.111,23.66.2.45,0,0,0,0,0, 192.168.1.111,172.217.12.147,0,0,0,0,0, 192.168.1.111,0.0.0.0,0,0,0,0,0,0,0,0,0,0,1526920852616,0.0,1639.261,0,0,0,0,0,0,0,0,0,0.0,0.0,-1
2.2000000000000006,0,0,0,0, 192.168.1.111,173.194.184.230,0,0,0,0,0, 192.168.1.111,74.125.155.199,0,0,0,0,0, 192.168.1.111,172.217.12.206,0,0,0,0,0, 192.168.1.111,172.217.12.138,0,0,0,0,0, 192.168.1.111,172.217.12.131,0,0,0,0,0, 192.168.1.111,172.217.7.14,0,0,0,0,0, 192.168.1.111,172.217.12.214,0,0,0,0,0, 192.168.1.111,172.217.13.68,0,0,0,0,0, 192.168.1.111,172.217.12.142,0,0,0,0,0, 192.168.1.111,216.58.219.206,0,0,0,0,0, 192.168.1.111,23.65.191.179,0,0,0,0,0, 192.168.1.111,74.125.155.232,0,0,0,0,0, 192.168.1.111,173.194.7.55,0,0,0,0,0, 192.168.1.111,23.66.1.128,0,0,0,0,0, 192.168.1.111,216.58.219.194,0,0,0,0,0, 192.168.1.111,172.217.12.134,0,0,0,0,0, 192.168.1.111,172.217.135.39,0,0,0,0,0, 192.168.1.111,23.208.103.148,0,0,0,0,0, 192.168.1.111,172.217.11.3,0,0,0,0,0, 192.168.1.111,72.21.91.29,0,0,0,0,0, 192.168.1.111,23.52.155.27,0,0,0,0,0, 192.168.1.111,23.66.3.192,0,0,0,0,0, 192.168.1.111,23.208.92.34,0,0,0,0,0, 192.168.1.111,23.66.2.45,0,0,0,0,0, 192.168.1.111,172.217.12.147,0,0,0,0,0, 192.168.1.111,0.0.0.0,0,0,0,0,0,0,0,0,0,0,1526920852616,0.0,1639.261,0,0,0,0,0,0,0,0,0,0.0,0.0,-1
2.3000000000000007,0,0,0,0, 192.168.1.111,173.194.184.230,0,0,0,0,0, 192.168.1.111,74.125.155.199,0,0,0,0,0, 192.168.1.111,172.217.12.206,0,0,0,0,0, 192.168.1.111,172.217.12.138,0,0,0,0,0, 192.168.1.111,172.217.12.131,0,0,0,0,0, 192.168.1.111,172.217.7.14,0,0,0,0,0, 192.168.1.111,172.217.12.214,0,0,0,0,0, 192.168.1.111,172.217.13.68,0,0,0,0,0, 192.168.1.111,172.217.12.142,0,0,0,0,0, 192.168.1.111,216.58.219.206,0,0,0,0,0, 192.168.1.111,23.65.191.179,0,0,0,0,0, 192.168.1.111,74.125.155.232,0,0,0,0,0, 192.168.1.111,173.194.7.55,0,0,0,0,0, 192.168.1.111,23.66.1.128,0,0,0,0,0, 192.168.1.111,216.58.219.194,0,0,0,0,0, 192.168.1.111,172.217.12.134,0,0,0,0,0, 192.168.1.111,172.217.135.39,0,0,0,0,0, 192.168.1.111,23.208.103.148,0,0,0,0,0, 192.168.1.111,172.217.11.3,0,0,0,0,0, 192.168.1.111,72.21.91.29,0,0,0,0,0, 192.168.1.111,23.52.155.27,0,0,0,0,0, 192.168.1.111,23.66.3.192,0,0,0,0,0, 192.168.1.111,23.208.92.34,0,0,0,0,0, 192.168.1.111,23.66.2.45,0,0,0,0,0, 192.168.1.111,172.217.12.147,0,0,0,0,0, 192.168.1.111,0.0.0.0,0,0,0,0,0,0,0,0,0,0,1526920852616,0.0,1639.261,0,0,0,0,0,0,0,0,0,0.0,0.0,-1
2.400000000000001,0,0,0,0, 192.168.1.111,173.194.184.230,0,0,0,0,0, 192.168.1.111,74.125.155.199,0,0,0,0,0, 192.168.1.111,172.217.12.206,0,0,0,0,0, 192.168.1.111,172.217.12.138,0,0,0,0,0, 192.168.1.111,172.217.12.131,0,0,0,0,0, 192.168.1.111,172.217.7.14,0,0,0,0,0, 192.168.1.111,172.217.12.214,0,0,0,0,0, 192.168.1.111,172.217.13.68,0,0,0,0,0, 192.168.1.111,172.217.12.142,0,0,0,0,0, 192.168.1.111,216.58.219.206,0,0,0,0,0, 192.168.1.111,23.65.191.179,0,0,0,0,0, 192.168.1.111,74.125.155.232,0,0,0,0,0, 192.168.1.111,173.194.7.55,0,0,0,0,0, 192.168.1.111,23.66.1.128,0,0,0,0,0, 192.168.1.111,216.58.219.194,0,0,0,0,0, 192.168.1.111,172.217.12.134,0,0,0,0,0, 192.168.1.111,172.217.135.39,0,0,0,0,0, 192.168.1.111,23.208.103.148,0,0,0,0,0, 192.168.1.111,172.217.11.3,0,0,0,0,0, 192.168.1.111,72.21.91.29,0,0,0,0,0, 192.168.1.111,23.52.155.27,0,0,0,0,0, 192.168.1.111,23.66.3.192,0,0,0,0,0, 192.168.1.111,23.208.92.34,0,0,0,0,0, 192.168.1.111,23.66.2.45,0,0,0,0,0, 192.168.1.111,172.217.12.147,0,0,0,0,0, 192.168.1.111,0.0.0.0,0,0,0,0,0,0,0,0,0,0,1526920852616,0.0,1639.261,0,0,0,0,0,0,0,0,0,0.0,0.0,-1
2.500000000000001,0,0,0,0, 192.168.1.111,173.194.184.230,0,0,0,0,0, 192.168.1.111,74.125.155.199,0,0,0,0,0, 192.168.1.111,172.217.12.206,0,0,0,0,0, 192.168.1.111,172.217.12.138,0,0,0,0,0, 192.168.1.111,172.217.12.131,0,0,0,0,0, 192.168.1.111,172.217.7.14,0,0,0,0,0, 192.168.1.111,172.217.12.214,0,0,0,0,0, 192.168.1.111,172.217.13.68,0,0,0,0,0, 192.168.1.111,172.217.12.142,0,0,0,0,0, 192.168.1.111,216.58.219.206,0,0,0,0,0, 192.168.1.111,23.65.191.179,0,0,0,0,0, 192.168.1.111,74.125.155.232,0,0,0,0,0, 192.168.1.111,173.194.7.55,0,0,0,0,0, 192.168.1.111,23.66.1.128,0,0,0,0,0, 192.168.1.111,216.58.219.194,0,0,0,0,0, 192.168.1.111,172.217.12.134,0,0,0,0,0, 192.168.1.111,172.217.135.39,0,0,0,0,0, 192.168.1.111,23.208.103.148,0,0,0,0,0, 192.168.1.111,172.217.11.3,0,0,0,0,0, 192.168.1.111,72.21.91.29,0,0,0,0,0, 192.168.1.111,23.52.155.27,0,0,0,0,0, 192.168.1.111,23.66.3.192,0,0,0,0,0, 192.168.1.111,23.208.92.34,0,0,0,0,0, 192.168.1.111,23.66.2.45,0,0,0,0,0, 192.168.1.111,172.217.12.147,0,0,0,0,0, 192.168.1.111,0.0.0.0,0,0,0,0,0,0,0,0,0,0,1526920852616,0.0,1639.261,0,0,0,0,0,0,0,0,0,0.0,0.0,-1
2.600000000000001,1,0,288,0, 192.168.1.111,173.194.184.230,0,0,0,0,0, 192.168.1.111,74.125.155.199,0,0,0,0,0, 192.168.1.111,172.217.12.206,0,0,0,0,0, 192.168.1.111,172.217.12.138,0,0,0,0,0, 192.168.1.111,172.217.12.131,0,0,0,0,0, 192.168.1.111,172.217.7.14,0,0,0,0,0, 192.168.1.111,172.217.12.214,0,0,0,0,0, 192.168.1.111,172.217.13.68,TCP,1,0,288,0, 192.168.1.111,172.217.12.142,0,0,0,0,0, 192.168.1.111,216.58.219.206,0,0,0,0,0, 192.168.1.111,23.65.191.179,0,0,0,0,0, 192.168.1.111,74.125.155.232,0,0,0,0,0, 192.168.1.111,173.194.7.55,0,0,0,0,0, 192.168.1.111,23.66.1.128,0,0,0,0,0, 192.168.1.111,216.58.219.194,0,0,0,0,0, 192.168.1.111,172.217.12.134,0,0,0,0,0, 192.168.1.111,172.217.135.39,0,0,0,0,0, 192.168.1.111,23.208.103.148,0,0,0,0,0, 192.168.1.111,172.217.11.3,0,0,0,0,0, 192.168.1.111,72.21.91.29,0,0,0,0,0, 192.168.1.111,23.52.155.27,0,0,0,0,0, 192.168.1.111,23.66.3.192,0,0,0,0,0, 192.168.1.111,23.208.92.34,0,0,0,0,0, 192.168.1.111,23.66.2.45,0,0,0,0,0, 192.168.1.111,172.217.12.147,0,0,0,0,0, 192.168.1.111,0.0.0.0,0,0,0,0,0,0,0,0,0,0,1526920852616,0.0,1639.261,0,0,0,0,0,0,0,0,0,0.0,0.0,-1
2.700000000000001,3,0,258,0, 192.168.1.111,173.194.184.230,0,0,0,0,0, 192.168.1.111,74.125.155.199,0,0,0,0,0, 192.168.1.111,172.217.12.206,0,0,0,0,0, 192.168.1.111,172.217.12.138,0,0,0,0,0, 192.168.1.111,172.217.12.131,0,0,0,0,0, 192.168.1.111,172.217.7.14,0,0,0,0,0, 192.168.1.111,172.217.12.214,0,0,0,0,0, 192.168.1.111,172.217.13.68,0,0,0,0,0, 192.168.1.111,172.217.12.142,0,0,0,0,0, 192.168.1.111,216.58.219.206,0,0,0,0,0, 192.168.1.111,23.65.191.179,0,0,0,0,0, 192.168.1.111,74.125.155.232,0,0,0,0,0, 192.168.1.111,173.194.7.55,0,0,0,0,0, 192.168.1.111,23.66.1.128,0,0,0,0,0, 192.168.1.111,216.58.219.194,0,0,0,0,0, 192.168.1.111,172.217.12.134,0,0,0,0,0, 192.168.1.111,172.217.135.39,0,0,0,0,0, 192.168.1.111,23.208.103.148,0,0,0,0,0, 192.168.1.111,172.217.11.3,0,0,0,0,0, 192.168.1.111,72.21.91.29,0,0,0,0,0, 192.168.1.111,23.52.155.27,0,0,0,0,0, 192.168.1.111,23.66.3.192,0,0,0,0,0, 192.168.1.111,23.208.92.34,0,0,0,0,0, 192.168.1.111,23.66.2.45,0,0,0,0,0, 192.168.1.111,172.217.12.147,0,0,0,0,0, 192.168.1.111,0.0.0.0,0,3,0,258,0,0,0,0,0,0,1526920852616,0.0,1639.261,0,0,0,0,0,0,0,0,0,0.0,0.0,-1
2.800000000000001,0,0,0,0, 192.168.1.111,173.194.184.230,0,0,0,0,0, 192.168.1.111,74.125.155.199,0,0,0,0,0, 192.168.1.111,172.217.12.206,0,0,0,0,0, 192.168.1.111,172.217.12.138,0,0,0,0,0, 192.168.1.111,172.217.12.131,0,0,0,0,0, 192.168.1.111,172.217.7.14,0,0,0,0,0, 192.168.1.111,172.217.12.214,0,0,0,0,0, 192.168.1.111,172.217.13.68,0,0,0,0,0, 192.168.1.111,172.217.12.142,0,0,0,0,0, 192.168.1.111,216.58.219.206,0,0,0,0,0, 192.168.1.111,23.65.191.179,0,0,0,0,0, 192.168.1.111,74.125.155.232,0,0,0,0,0, 192.168.1.111,173.194.7.55,0,0,0,0,0, 192.168.1.111,23.66.1.128,0,0,0,0,0, 192.168.1.111,216.58.219.194,0,0,0,0,0, 192.168.1.111,172.217.12.134,0,0,0,0,0, 192.168.1.111,172.217.135.39,0,0,0,0,0, 192.168.1.111,23.208.103.148,0,0,0,0,0, 192.168.1.111,172.217.11.3,0,0,0,0,0, 192.168.1.111,72.21.91.29,0,0,0,0,0, 192.168.1.111,23.52.155.27,0,0,0,0,0, 192.168.1.111,23.66.3.192,0,0,0,0,0, 192.168.1.111,23.208.92.34,0,0,0,0,0, 192.168.1.111,23.66.2.45,0,0,0,0,0, 192.168.1.111,172.217.12.147,0,0,0,0,0, 192.168.1.111,0.0.0.0,0,0,0,0,0,0,0,0,0,0,1526920852616,0.0,1639.261,0,0,0,0,0,0,0,0,0,0.0,0.0,-1
2.900000000000001,0,0,0,0, 192.168.1.111,173.194.184.230,0,0,0,0,0, 192.168.1.111,74.125.155.199,0,0,0,0,0, 192.168.1.111,172.217.12.206,0,0,0,0,0, 192.168.1.111,172.217.12.138,0,0,0,0,0, 192.168.1.111,172.217.12.131,0,0,0,0,0, 192.168.1.111,172.217.7.14,0,0,0,0,0, 192.168.1.111,172.217.12.214,0,0,0,0,0, 192.168.1.111,172.217.13.68,0,0,0,0,0, 192.168.1.111,172.217.12.142,0,0,0,0,0, 192.168.1.111,216.58.219.206,0,0,0,0,0, 192.168.1.111,23.65.191.179,0,0,0,0,0, 192.168.1.111,74.125.155.232,0,0,0,0,0, 192.168.1.111,173.194.7.55,0,0,0,0,0, 192.168.1.111,23.66.1.128,0,0,0,0,0, 192.168.1.111,216.58.219.194,0,0,0,0,0, 192.168.1.111,172.217.12.134,0,0,0,0,0, 192.168.1.111,172.217.135.39,0,0,0,0,0, 192.168.1.111,23.208.103.148,0,0,0,0,0, 192.168.1.111,172.217.11.3,0,0,0,0,0, 192.168.1.111,72.21.91.29,0,0,0,0,0, 192.168.1.111,23.52.155.27,0,0,0,0,0, 192.168.1.111,23.66.3.192,0,0,0,0,0, 192.168.1.111,23.208.92.34,0,0,0,0,0, 192.168.1.111,23.66.2.45,0,0,0,0,0, 192.168.1.111,172.217.12.147,0,0,0,0,0, 192.168.1.111,0.0.0.0,0,0,0,0,0,0,0,0,0,0,1526920852616,0.0,1639.261,0,0,0,0,0,0,0,0,0,0.0,0.0,-1
3.0000000000000013,4,1,5568,256, 192.168.1.111,173.194.184.230,0,0,0,0,0, 192.168.1.111,74.125.155.199,0,0,0,0,0, 192.168.1.111,172.217.12.206,0,0,0,0,0, 192.168.1.111,172.217.12.138,0,0,0,0,0, 192.168.1.111,172.217.12.131,QUIC,1,0,1392,0, 192.168.1.111,172.217.7.14,0,0,0,0,0, 192.168.1.111,172.217.12.214,0,0,0,0,0, 192.168.1.111,172.217.13.68,0,0,0,0,0, 192.168.1.111,172.217.12.142,0,0,0,0,0, 192.168.1.111,216.58.219.206,0,0,0,0,0, 192.168.1.111,23.65.191.179,0,0,0,0,0, 192.168.1.111,74.125.155.232,0,0,0,0,0, 192.168.1.111,173.194.7.55,0,0,0,0,0, 192.168.1.111,23.66.1.128,0,0,0,0,0, 192.168.1.111,216.58.219.194,QUIC,1,0,1392,0, 192.168.1.111,172.217.12.134,QUIC,1,0,1392,0, 192.168.1.111,172.217.135.39,QUIC,1,0,1392,0, 192.168.1.111,23.208.103.148,0,0,0,0,0, 192.168.1.111,172.217.11.3,0,0,0,0,0, 192.168.1.111,72.21.91.29,0,0,0,0,0, 192.168.1.111,23.52.155.27,0,0,0,0,0, 192.168.1.111,23.66.3.192,0,0,0,0,0, 192.168.1.111,23.208.92.34,0,0,0,0,0, 192.168.1.111,23.66.2.45,0,0,0,0,0, 192.168.1.111,172.217.12.147,0,0,0,0,0, 192.168.1.111,0.0.0.0,0,0,1,0,256,0,0,0,0,0,1526920852616,0.0,1639.261,0,0,0,0,0,0,0,0,0,0.0,0.0,-1
3.1000000000000014,2,0,331,0, 192.168.1.111,173.194.184.230,0,0,0,0,0, 192.168.1.111,74.125.155.199,0,0,0,0,0, 192.168.1.111,172.217.12.206,QUIC,1,0,239,0, 192.168.1.111,172.217.12.138,0,0,0,0,0, 192.168.1.111,172.217.12.131,0,0,0,0,0, 192.168.1.111,172.217.7.14,0,0,0,0,0, 192.168.1.111,172.217.12.214,0,0,0,0,0, 192.168.1.111,172.217.13.68,0,0,0,0,0, 192.168.1.111,172.217.12.142,0,0,0,0,0, 192.168.1.111,216.58.219.206,0,0,0,0,0, 192.168.1.111,23.65.191.179,0,0,0,0,0, 192.168.1.111,74.125.155.232,0,0,0,0,0, 192.168.1.111,173.194.7.55,0,0,0,0,0, 192.168.1.111,23.66.1.128,0,0,0,0,0, 192.168.1.111,216.58.219.194,0,0,0,0,0, 192.168.1.111,172.217.12.134,0,0,0,0,0, 192.168.1.111,172.217.135.39,0,0,0,0,0, 192.168.1.111,23.208.103.148,0,0,0,0,0, 192.168.1.111,172.217.11.3,0,0,0,0,0, 192.168.1.111,72.21.91.29,0,0,0,0,0, 192.168.1.111,23.52.155.27,0,0,0,0,0, 192.168.1.111,23.66.3.192,0,0,0,0,0, 192.168.1.111,23.208.92.34,0,0,0,0,0, 192.168.1.111,23.66.2.45,0,0,0,0,0, 192.168.1.111,172.217.12.147,0,0,0,0,0, 192.168.1.111,0.0.0.0,0,1,0,92,0,0,0,0,0,0,1526920852616,0.0,1639.261,0,0,0,0,0,0,0,0,0,0.0,0.0,-1
3.200000000000001,0,0,0,0, 192.168.1.111,173.194.184.230,0,0,0,0,0, 192.168.1.111,74.125.155.199,0,0,0,0,0, 192.168.1.111,172.217.12.206,0,0,0,0,0, 192.168.1.111,172.217.12.138,0,0,0,0,0, 192.168.1.111,172.217.12.131,0,0,0,0,0, 192.168.1.111,172.217.7.14,0,0,0,0,0, 192.168.1.111,172.217.12.214,0,0,0,0,0, 192.168.1.111,172.217.13.68,0,0,0,0,0, 192.168.1.111,172.217.12.142,0,0,0,0,0, 192.168.1.111,216.58.219.206,0,0,0,0,0, 192.168.1.111,23.65.191.179,0,0,0,0,0, 192.168.1.111,74.125.155.232,0,0,0,0,0, 192.168.1.111,173.194.7.55,0,0,0,0,0, 192.168.1.111,23.66.1.128,0,0,0,0,0, 192.168.1.111,216.58.219.194,0,0,0,0,0, 192.168.1.111,172.217.12.134,0,0,0,0,0, 192.168.1.111,172.217.135.39,0,0,0,0,0, 192.168.1.111,23.208.103.148,0,0,0,0,0, 192.168.1.111,172.217.11.3,0,0,0,0,0, 192.168.1.111,72.21.91.29,0,0,0,0,0, 192.168.1.111,23.52.155.27,0,0,0,0,0, 192.168.1.111,23.66.3.192,0,0,0,0,0, 192.168.1.111,23.208.92.34,0,0,0,0,0, 192.168.1.111,23.66.2.45,0,0,0,0,0, 192.168.1.111,172.217.12.147,0,0,0,0,0, 192.168.1.111,0.0.0.0,0,0,0,0,0,0,0,0,0,0,1526920852616,0.0,1639.261,0,0,0,0,0,0,0,0,0,0.0,0.0,-1
3.3000000000000016,0,0,0,0, 192.168.1.111,173.194.184.230,0,0,0,0,0, 192.168.1.111,74.125.155.199,0,0,0,0,0, 192.168.1.111,172.217.12.206,0,0,0,0,0, 192.168.1.111,172.217.12.138,0,0,0,0,0, 192.168.1.111,172.217.12.131,0,0,0,0,0, 192.168.1.111,172.217.7.14,0,0,0,0,0, 192.168.1.111,172.217.12.214,0,0,0,0,0, 192.168.1.111,172.217.13.68,0,0,0,0,0, 192.168.1.111,172.217.12.142,0,0,0,0,0, 192.168.1.111,216.58.219.206,0,0,0,0,0, 192.168.1.111,23.65.191.179,0,0,0,0,0, 192.168.1.111,74.125.155.232,0,0,0,0,0, 192.168.1.111,173.194.7.55,0,0,0,0,0, 192.168.1.111,23.66.1.128,0,0,0,0,0, 192.168.1.111,216.58.219.194,0,0,0,0,0, 192.168.1.111,172.217.12.134,0,0,0,0,0, 192.168.1.111,172.217.135.39,0,0,0,0,0, 192.168.1.111,23.208.103.148,0,0,0,0,0, 192.168.1.111,172.217.11.3,0,0,0,0,0, 192.168.1.111,72.21.91.29,0,0,0,0,0, 192.168.1.111,23.52.155.27,0,0,0,0,0, 192.168.1.111,23.66.3.192,0,0,0,0,0, 192.168.1.111,23.208.92.34,0,0,0,0,0, 192.168.1.111,23.66.2.45,0,0,0,0,0, 192.168.1.111,172.217.12.147,0,0,0,0,0, 192.168.1.111,0.0.0.0,0,0,0,0,0,0,0,0,0,0,1526920852616,0.0,1639.261,0,0,0,0,0,0,0,0,0,0.0,0.0,-1
3.4000000000000017,0,0,0,0, 192.168.1.111,173.194.184.230,0,0,0,0,0, 192.168.1.111,74.125.155.199,0,0,0,0,0, 192.168.1.111,172.217.12.206,0,0,0,0,0, 192.168.1.111,172.217.12.138,0,0,0,0,0, 192.168.1.111,172.217.12.131,0,0,0,0,0, 192.168.1.111,172.217.7.14,0,0,0,0,0, 192.168.1.111,172.217.12.214,0,0,0,0,0, 192.168.1.111,172.217.13.68,0,0,0,0,0, 192.168.1.111,172.217.12.142,0,0,0,0,0, 192.168.1.111,216.58.219.206,0,0,0,0,0, 192.168.1.111,23.65.191.179,0,0,0,0,0, 192.168.1.111,74.125.155.232,0,0,0,0,0, 192.168.1.111,173.194.7.55,0,0,0,0,0, 192.168.1.111,23.66.1.128,0,0,0,0,0, 192.168.1.111,216.58.219.194,0,0,0,0,0, 192.168.1.111,172.217.12.134,0,0,0,0,0, 192.168.1.111,172.217.135.39,0,0,0,0,0, 192.168.1.111,23.208.103.148,0,0,0,0,0, 192.168.1.111,172.217.11.3,0,0,0,0,0, 192.168.1.111,72.21.91.29,0,0,0,0,0, 192.168.1.111,23.52.155.27,0,0,0,0,0, 192.168.1.111,23.66.3.192,0,0,0,0,0, 192.168.1.111,23.208.92.34,0,0,0,0,0, 192.168.1.111,23.66.2.45,0,0,0,0,0, 192.168.1.111,172.217.12.147,0,0,0,0,0, 192.168.1.111,0.0.0.0,0,0,0,0,0,0,0,0,0,0,1526920852616,0.0,1639.261,0,0,0,0,0,0,0,0,0,0.0,0.0,-1
3.5000000000000018,0,0,0,0, 192.168.1.111,173.194.184.230,0,0,0,0,0, 192.168.1.111,74.125.155.199,0,0,0,0,0, 192.168.1.111,172.217.12.206,0,0,0,0,0, 192.168.1.111,172.217.12.138,0,0,0,0,0, 192.168.1.111,172.217.12.131,0,0,0,0,0, 192.168.1.111,172.217.7.14,0,0,0,0,0, 192.168.1.111,172.217.12.214,0,0,0,0,0, 192.168.1.111,172.217.13.68,0,0,0,0,0, 192.168.1.111,172.217.12.142,0,0,0,0,0, 192.168.1.111,216.58.219.206,0,0,0,0,0, 192.168.1.111,23.65.191.179,0,0,0,0,0, 192.168.1.111,74.125.155.232,0,0,0,0,0, 192.168.1.111,173.194.7.55,0,0,0,0,0, 192.168.1.111,23.66.1.128,0,0,0,0,0, 192.168.1.111,216.58.219.194,0,0,0,0,0, 192.168.1.111,172.217.12.134,0,0,0,0,0, 192.168.1.111,172.217.135.39,0,0,0,0,0, 192.168.1.111,23.208.103.148,0,0,0,0,0, 192.168.1.111,172.217.11.3,0,0,0,0,0, 192.168.1.111,72.21.91.29,0,0,0,0,0, 192.168.1.111,23.52.155.27,0,0,0,0,0, 192.168.1.111,23.66.3.192,0,0,0,0,0, 192.168.1.111,23.208.92.34,0,0,0,0,0, 192.168.1.111,23.66.2.45,0,0,0,0,0, 192.168.1.111,172.217.12.147,0,0,0,0,0, 192.168.1.111,0.0.0.0,0,0,0,0,0,0,0,0,0,0,1526920852616,0.0,1639.261,0,0,0,0,0,0,0,0,0,0.0,0.0,-1
3.600000000000002,0,0,0,0, 192.168.1.111,173.194.184.230,0,0,0,0,0, 192.168.1.111,74.125.155.199,0,0,0,0,0, 192.168.1.111,172.217.12.206,0,0,0,0,0, 192.168.1.111,172.217.12.138,0,0,0,0,0, 192.168.1.111,172.217.12.131,0,0,0,0,0, 192.168.1.111,172.217.7.14,0,0,0,0,0, 192.168.1.111,172.217.12.214,0,0,0,0,0, 192.168.1.111,172.217.13.68,0,0,0,0,0, 192.168.1.111,172.217.12.142,0,0,0,0,0, 192.168.1.111,216.58.219.206,0,0,0,0,0, 192.168.1.111,23.65.191.179,0,0,0,0,0, 192.168.1.111,74.125.155.232,0,0,0,0,0, 192.168.1.111,173.194.7.55,0,0,0,0,0, 192.168.1.111,23.66.1.128,0,0,0,0,0, 192.168.1.111,216.58.219.194,0,0,0,0,0, 192.168.1.111,172.217.12.134,0,0,0,0,0, 192.168.1.111,172.217.135.39,0,0,0,0,0, 192.168.1.111,23.208.103.148,0,0,0,0,0, 192.168.1.111,172.217.11.3,0,0,0,0,0, 192.168.1.111,72.21.91.29,0,0,0,0,0, 192.168.1.111,23.52.155.27,0,0,0,0,0, 192.168.1.111,23.66.3.192,0,0,0,0,0, 192.168.1.111,23.208.92.34,0,0,0,0,0, 192.168.1.111,23.66.2.45,0,0,0,0,0, 192.168.1.111,172.217.12.147,0,0,0,0,0, 192.168.1.111,0.0.0.0,0,0,0,0,0,0,0,0,0,0,1526920852616,0.0,1639.261,0,0,0,0,0,0,0,0,0,0.0,0.0,-1
3.700000000000002,5,0,1938,0, 192.168.1.111,173.194.184.230,0,0,0,0,0, 192.168.1.111,74.125.155.199,0,0,0,0,0, 192.168.1.111,172.217.12.206,0,0,0,0,0, 192.168.1.111,172.217.12.138,0,0,0,0,0, 192.168.1.111,172.217.12.131,0,0,0,0,0, 192.168.1.111,172.217.7.14,0,0,0,0,0, 192.168.1.111,172.217.12.214,0,0,0,0,0, 192.168.1.111,172.217.13.68,QUIC,2,0,1680,0, 192.168.1.111,172.217.12.142,0,0,0,0,0, 192.168.1.111,216.58.219.206,0,0,0,0,0, 192.168.1.111,23.65.191.179,0,0,0,0,0, 192.168.1.111,74.125.155.232,0,0,0,0,0, 192.168.1.111,173.194.7.55,0,0,0,0,0, 192.168.1.111,23.66.1.128,0,0,0,0,0, 192.168.1.111,216.58.219.194,0,0,0,0,0, 192.168.1.111,172.217.12.134,0,0,0,0,0, 192.168.1.111,172.217.135.39,0,0,0,0,0, 192.168.1.111,23.208.103.148,0,0,0,0,0, 192.168.1.111,172.217.11.3,0,0,0,0,0, 192.168.1.111,72.21.91.29,0,0,0,0,0, 192.168.1.111,23.52.155.27,0,0,0,0,0, 192.168.1.111,23.66.3.192,0,0,0,0,0, 192.168.1.111,23.208.92.34,0,0,0,0,0, 192.168.1.111,23.66.2.45,0,0,0,0,0, 192.168.1.111,172.217.12.147,0,0,0,0,0, 192.168.1.111,0.0.0.0,0,3,0,258,0,0,0,0,0,0,1526920852616,0.0,1639.261,0,0,0,0,0,0,0,0,0,0.0,0.0,-1
3.800000000000002,0,0,0,0, 192.168.1.111,173.194.184.230,0,0,0,0,0, 192.168.1.111,74.125.155.199,0,0,0,0,0, 192.168.1.111,172.217.12.206,0,0,0,0,0, 192.168.1.111,172.217.12.138,0,0,0,0,0, 192.168.1.111,172.217.12.131,0,0,0,0,0, 192.168.1.111,172.217.7.14,0,0,0,0,0, 192.168.1.111,172.217.12.214,0,0,0,0,0, 192.168.1.111,172.217.13.68,0,0,0,0,0, 192.168.1.111,172.217.12.142,0,0,0,0,0, 192.168.1.111,216.58.219.206,0,0,0,0,0, 192.168.1.111,23.65.191.179,0,0,0,0,0, 192.168.1.111,74.125.155.232,0,0,0,0,0, 192.168.1.111,173.194.7.55,0,0,0,0,0, 192.168.1.111,23.66.1.128,0,0,0,0,0, 192.168.1.111,216.58.219.194,0,0,0,0,0, 192.168.1.111,172.217.12.134,0,0,0,0,0, 192.168.1.111,172.217.135.39,0,0,0,0,0, 192.168.1.111,23.208.103.148,0,0,0,0,0, 192.168.1.111,172.217.11.3,0,0,0,0,0, 192.168.1.111,72.21.91.29,0,0,0,0,0, 192.168.1.111,23.52.155.27,0,0,0,0,0, 192.168.1.111,23.66.3.192,0,0,0,0,0, 192.168.1.111,23.208.92.34,0,0,0,0,0, 192.168.1.111,23.66.2.45,0,0,0,0,0, 192.168.1.111,172.217.12.147,0,0,0,0,0, 192.168.1.111,0.0.0.0,0,0,0,0,0,0,0,0,0,0,1526920852616,0.0,1639.261,0,0,0,0,0,0,0,0,0,0.0,0.0,-1
3.900000000000002,0,0,0,0, 192.168.1.111,173.194.184.230,0,0,0,0,0, 192.168.1.111,74.125.155.199,0,0,0,0,0, 192.168.1.111,172.217.12.206,0,0,0,0,0, 192.168.1.111,172.217.12.138,0,0,0,0,0, 192.168.1.111,172.217.12.131,0,0,0,0,0, 192.168.1.111,172.217.7.14,0,0,0,0,0, 192.168.1.111,172.217.12.214,0,0,0,0,0, 192.168.1.111,172.217.13.68,0,0,0,0,0, 192.168.1.111,172.217.12.142,0,0,0,0,0, 192.168.1.111,216.58.219.206,0,0,0,0,0, 192.168.1.111,23.65.191.179,0,0,0,0,0, 192.168.1.111,74.125.155.232,0,0,0,0,0, 192.168.1.111,173.194.7.55,0,0,0,0,0, 192.168.1.111,23.66.1.128,0,0,0,0,0, 192.168.1.111,216.58.219.194,0,0,0,0,0, 192.168.1.111,172.217.12.134,0,0,0,0,0, 192.168.1.111,172.217.135.39,0,0,0,0,0, 192.168.1.111,23.208.103.148,0,0,0,0,0, 192.168.1.111,172.217.11.3,0,0,0,0,0, 192.168.1.111,72.21.91.29,0,0,0,0,0, 192.168.1.111,23.52.155.27,0,0,0,0,0, 192.168.1.111,23.66.3.192,0,0,0,0,0, 192.168.1.111,23.208.92.34,0,0,0,0,0, 192.168.1.111,23.66.2.45,0,0,0,0,0, 192.168.1.111,172.217.12.147,0,0,0,0,0, 192.168.1.111,0.0.0.0,0,0,0,0,0,0,0,0,0,0,1526920852616,0.0,1639.261,0,0,0,0,0,0,0,0,0,0.0,0.0,-1
4.000000000000002,0,0,0,0, 192.168.1.111,173.194.184.230,0,0,0,0,0, 192.168.1.111,74.125.155.199,0,0,0,0,0, 192.168.1.111,172.217.12.206,0,0,0,0,0, 192.168.1.111,172.217.12.138,0,0,0,0,0, 192.168.1.111,172.217.12.131,0,0,0,0,0, 192.168.1.111,172.217.7.14,0,0,0,0,0, 192.168.1.111,172.217.12.214,0,0,0,0,0, 192.168.1.111,172.217.13.68,0,0,0,0,0, 192.168.1.111,172.217.12.142,0,0,0,0,0, 192.168.1.111,216.58.219.206,0,0,0,0,0, 192.168.1.111,23.65.191.179,0,0,0,0,0, 192.168.1.111,74.125.155.232,0,0,0,0,0, 192.168.1.111,173.194.7.55,0,0,0,0,0, 192.168.1.111,23.66.1.128,0,0,0,0,0, 192.168.1.111,216.58.219.194,0,0,0,0,0, 192.168.1.111,172.217.12.134,0,0,0,0,0, 192.168.1.111,172.217.135.39,0,0,0,0,0, 192.168.1.111,23.208.103.148,0,0,0,0,0, 192.168.1.111,172.217.11.3,0,0,0,0,0, 192.168.1.111,72.21.91.29,0,0,0,0,0, 192.168.1.111,23.52.155.27,0,0,0,0,0, 192.168.1.111,23.66.3.192,0,0,0,0,0, 192.168.1.111,23.208.92.34,0,0,0,0,0, 192.168.1.111,23.66.2.45,0,0,0,0,0, 192.168.1.111,172.217.12.147,0,0,0,0,0, 192.168.1.111,0.0.0.0,0,0,0,0,0,0,0,0,0,0,1526920852616,0.0,1639.261,0,0,0,0,0,0,0,0,0,0.0,0.0,-1
4.100000000000001,2,1,170,98, 192.168.1.111,173.194.184.230,0,0,0,0,0, 192.168.1.111,74.125.155.199,0,0,0,0,0, 192.168.1.111,172.217.12.206,0,0,0,0,0, 192.168.1.111,172.217.12.138,0,0,0,0,0, 192.168.1.111,172.217.12.131,0,0,0,0,0, 192.168.1.111,172.217.7.14,0,0,0,0,0, 192.168.1.111,172.217.12.214,0,0,0,0,0, 192.168.1.111,172.217.13.68,0,0,0,0,0, 192.168.1.111,172.217.12.142,0,0,0,0,0, 192.168.1.111,216.58.219.206,0,0,0,0,0, 192.168.1.111,23.65.191.179,0,0,0,0,0, 192.168.1.111,74.125.155.232,0,0,0,0,0, 192.168.1.111,173.194.7.55,0,0,0,0,0, 192.168.1.111,23.66.1.128,0,0,0,0,0, 192.168.1.111,216.58.219.194,0,0,0,0,0, 192.168.1.111,172.217.12.134,0,0,0,0,0, 192.168.1.111,172.217.135.39,0,0,0,0,0, 192.168.1.111,23.208.103.148,0,0,0,0,0, 192.168.1.111,172.217.11.3,0,0,0,0,0, 192.168.1.111,72.21.91.29,0,0,0,0,0, 192.168.1.111,23.52.155.27,0,0,0,0,0, 192.168.1.111,23.66.3.192,0,0,0,0,0, 192.168.1.111,23.208.92.34,0,0,0,0,0, 192.168.1.111,23.66.2.45,0,0,0,0,0, 192.168.1.111,172.217.12.147,0,0,0,0,0, 192.168.1.111,0.0.0.0,0,2,0,170,0,0,0,0,0,0,1526920852616,0.0,1639.261,0,0,0,0,0,0,0,0,0,0.0,0.0,-1
4.200000000000001,0,0,0,0, 192.168.1.111,173.194.184.230,0,0,0,0,0, 192.168.1.111,74.125.155.199,0,0,0,0,0, 192.168.1.111,172.217.12.206,0,0,0,0,0, 192.168.1.111,172.217.12.138,0,0,0,0,0, 192.168.1.111,172.217.12.131,0,0,0,0,0, 192.168.1.111,172.217.7.14,0,0,0,0,0, 192.168.1.111,172.217.12.214,0,0,0,0,0, 192.168.1.111,172.217.13.68,0,0,0,0,0, 192.168.1.111,172.217.12.142,0,0,0,0,0, 192.168.1.111,216.58.219.206,0,0,0,0,0, 192.168.1.111,23.65.191.179,0,0,0,0,0, 192.168.1.111,74.125.155.232,0,0,0,0,0, 192.168.1.111,173.194.7.55,0,0,0,0,0, 192.168.1.111,23.66.1.128,0,0,0,0,0, 192.168.1.111,216.58.219.194,0,0,0,0,0, 192.168.1.111,172.217.12.134,0,0,0,0,0, 192.168.1.111,172.217.135.39,0,0,0,0,0, 192.168.1.111,23.208.103.148,0,0,0,0,0, 192.168.1.111,172.217.11.3,0,0,0,0,0, 192.168.1.111,72.21.91.29,0,0,0,0,0, 192.168.1.111,23.52.155.27,0,0,0,0,0, 192.168.1.111,23.66.3.192,0,0,0,0,0, 192.168.1.111,23.208.92.34,0,0,0,0,0, 192.168.1.111,23.66.2.45,0,0,0,0,0, 192.168.1.111,172.217.12.147,0,0,0,0,0, 192.168.1.111,0.0.0.0,0,0,0,0,0,0,0,0,0,0,1526920852616,0.0,1639.261,0,0,0,0,0,0,0,0,0,0.0,0.0,-1
4.300000000000001,0,0,0,0, 192.168.1.111,173.194.184.230,0,0,0,0,0, 192.168.1.111,74.125.155.199,0,0,0,0,0, 192.168.1.111,172.217.12.206,0,0,0,0,0, 192.168.1.111,172.217.12.138,0,0,0,0,0, 192.168.1.111,172.217.12.131,0,0,0,0,0, 192.168.1.111,172.217.7.14,0,0,0,0,0, 192.168.1.111,172.217.12.214,0,0,0,0,0, 192.168.1.111,172.217.13.68,0,0,0,0,0, 192.168.1.111,172.217.12.142,0,0,0,0,0, 192.168.1.111,216.58.219.206,0,0,0,0,0, 192.168.1.111,23.65.191.179,0,0,0,0,0, 192.168.1.111,74.125.155.232,0,0,0,0,0, 192.168.1.111,173.194.7.55,0,0,0,0,0, 192.168.1.111,23.66.1.128,0,0,0,0,0, 192.168.1.111,216.58.219.194,0,0,0,0,0, 192.168.1.111,172.217.12.134,0,0,0,0,0, 192.168.1.111,172.217.135.39,0,0,0,0,0, 192.168.1.111,23.208.103.148,0,0,0,0,0, 192.168.1.111,172.217.11.3,0,0,0,0,0, 192.168.1.111,72.21.91.29,0,0,0,0,0, 192.168.1.111,23.52.155.27,0,0,0,0,0, 192.168.1.111,23.66.3.192,0,0,0,0,0, 192.168.1.111,23.208.92.34,0,0,0,0,0, 192.168.1.111,23.66.2.45,0,0,0,0,0, 192.168.1.111,172.217.12.147,0,0,0,0,0, 192.168.1.111,0.0.0.0,0,0,0,0,0,0,0,0,0,0,1526920852616,0.0,1639.261,0,0,0,0,0,0,0,0,0,0.0,0.0,-1
4.4,0,0,0,0, 192.168.1.111,173.194.184.230,0,0,0,0,0, 192.168.1.111,74.125.155.199,0,0,0,0,0, 192.168.1.111,172.217.12.206,0,0,0,0,0, 192.168.1.111,172.217.12.138,0,0,0,0,0, 192.168.1.111,172.217.12.131,0,0,0,0,0, 192.168.1.111,172.217.7.14,0,0,0,0,0, 192.168.1.111,172.217.12.214,0,0,0,0,0, 192.168.1.111,172.217.13.68,0,0,0,0,0, 192.168.1.111,172.217.12.142,0,0,0,0,0, 192.168.1.111,216.58.219.206,0,0,0,0,0, 192.168.1.111,23.65.191.179,0,0,0,0,0, 192.168.1.111,74.125.155.232,0,0,0,0,0, 192.168.1.111,173.194.7.55,0,0,0,0,0, 192.168.1.111,23.66.1.128,0,0,0,0,0, 192.168.1.111,216.58.219.194,0,0,0,0,0, 192.168.1.111,172.217.12.134,0,0,0,0,0, 192.168.1.111,172.217.135.39,0,0,0,0,0, 192.168.1.111,23.208.103.148,0,0,0,0,0, 192.168.1.111,172.217.11.3,0,0,0,0,0, 192.168.1.111,72.21.91.29,0,0,0,0,0, 192.168.1.111,23.52.155.27,0,0,0,0,0, 192.168.1.111,23.66.3.192,0,0,0,0,0, 192.168.1.111,23.208.92.34,0,0,0,0,0, 192.168.1.111,23.66.2.45,0,0,0,0,0, 192.168.1.111,172.217.12.147,0,0,0,0,0, 192.168.1.111,0.0.0.0,0,0,0,0,0,0,0,0,0,0,1526920852616,0.0,1639.261,0,0,0,0,0,0,0,0,0,0.0,0.0,-1
4.5,0,0,0,0, 192.168.1.111,173.194.184.230,0,0,0,0,0, 192.168.1.111,74.125.155.199,0,0,0,0,0, 192.168.1.111,172.217.12.206,0,0,0,0,0, 192.168.1.111,172.217.12.138,0,0,0,0,0, 192.168.1.111,172.217.12.131,0,0,0,0,0, 192.168.1.111,172.217.7.14,0,0,0,0,0, 192.168.1.111,172.217.12.214,0,0,0,0,0, 192.168.1.111,172.217.13.68,0,0,0,0,0, 192.168.1.111,172.217.12.142,0,0,0,0,0, 192.168.1.111,216.58.219.206,0,0,0,0,0, 192.168.1.111,23.65.191.179,0,0,0,0,0, 192.168.1.111,74.125.155.232,0,0,0,0,0, 192.168.1.111,173.194.7.55,0,0,0,0,0, 192.168.1.111,23.66.1.128,0,0,0,0,0, 192.168.1.111,216.58.219.194,0,0,0,0,0, 192.168.1.111,172.217.12.134,0,0,0,0,0, 192.168.1.111,172.217.135.39,0,0,0,0,0, 192.168.1.111,23.208.103.148,0,0,0,0,0, 192.168.1.111,172.217.11.3,0,0,0,0,0, 192.168.1.111,72.21.91.29,0,0,0,0,0, 192.168.1.111,23.52.155.27,0,0,0,0,0, 192.168.1.111,23.66.3.192,0,0,0,0,0, 192.168.1.111,23.208.92.34,0,0,0,0,0, 192.168.1.111,23.66.2.45,0,0,0,0,0, 192.168.1.111,172.217.12.147,0,0,0,0,0, 192.168.1.111,0.0.0.0,0,0,0,0,0,0,0,0,0,0,1526920852616,0.0,1639.261,0,0,0,0,0,0,0,0,0,0.0,0.0,-1
4.6,4,0,456,0, 192.168.1.111,173.194.184.230,0,0,0,0,0, 192.168.1.111,74.125.155.199,0,0,0,0,0, 192.168.1.111,172.217.12.206,0,0,0,0,0, 192.168.1.111,172.217.12.138,0,0,0,0,0, 192.168.1.111,172.217.12.131,QUIC,1,0,114,0, 192.168.1.111,172.217.7.14,0,0,0,0,0, 192.168.1.111,172.217.12.214,0,0,0,0,0, 192.168.1.111,172.217.13.68,0,0,0,0,0, 192.168.1.111,172.217.12.142,0,0,0,0,0, 192.168.1.111,216.58.219.206,0,0,0,0,0, 192.168.1.111,23.65.191.179,0,0,0,0,0, 192.168.1.111,74.125.155.232,0,0,0,0,0, 192.168.1.111,173.194.7.55,0,0,0,0,0, 192.168.1.111,23.66.1.128,0,0,0,0,0, 192.168.1.111,216.58.219.194,QUIC,1,0,114,0, 192.168.1.111,172.217.12.134,QUIC,1,0,114,0, 192.168.1.111,172.217.135.39,QUIC,1,0,114,0, 192.168.1.111,23.208.103.148,0,0,0,0,0, 192.168.1.111,172.217.11.3,0,0,0,0,0, 192.168.1.111,72.21.91.29,0,0,0,0,0, 192.168.1.111,23.52.155.27,0,0,0,0,0, 192.168.1.111,23.66.3.192,0,0,0,0,0, 192.168.1.111,23.208.92.34,0,0,0,0,0, 192.168.1.111,23.66.2.45,0,0,0,0,0, 192.168.1.111,172.217.12.147,0,0,0,0,0, 192.168.1.111,0.0.0.0,0,0,0,0,0,0,0,0,0,0,1526920852616,0.0,1639.261,0,0,0,0,0,0,0,0,0,0.0,0.0,-1
4.699999999999999,2,0,1506,0, 192.168.1.111,173.194.184.230,0,0,0,0,0, 192.168.1.111,74.125.155.199,0,0,0,0,0, 192.168.1.111,172.217.12.206,0,0,0,0,0, 192.168.1.111,172.217.12.138,0,0,0,0,0, 192.168.1.111,172.217.12.131,0,0,0,0,0, 192.168.1.111,172.217.7.14,0,0,0,0,0, 192.168.1.111,172.217.12.214,0,0,0,0,0, 192.168.1.111,172.217.13.68,QUIC,2,0,1506,0, 192.168.1.111,172.217.12.142,0,0,0,0,0, 192.168.1.111,216.58.219.206,0,0,0,0,0, 192.168.1.111,23.65.191.179,0,0,0,0,0, 192.168.1.111,74.125.155.232,0,0,0,0,0, 192.168.1.111,173.194.7.55,0,0,0,0,0, 192.168.1.111,23.66.1.128,0,0,0,0,0, 192.168.1.111,216.58.219.194,0,0,0,0,0, 192.168.1.111,172.217.12.134,0,0,0,0,0, 192.168.1.111,172.217.135.39,0,0,0,0,0, 192.168.1.111,23.208.103.148,0,0,0,0,0, 192.168.1.111,172.217.11.3,0,0,0,0,0, 192.168.1.111,72.21.91.29,0,0,0,0,0, 192.168.1.111,23.52.155.27,0,0,0,0,0, 192.168.1.111,23.66.3.192,0,0,0,0,0, 192.168.1.111,23.208.92.34,0,0,0,0,0, 192.168.1.111,23.66.2.45,0,0,0,0,0, 192.168.1.111,172.217.12.147,0,0,0,0,0, 192.168.1.111,0.0.0.0,0,0,0,0,0,0,0,0,0,0,1526920852616,0.0,1639.261,0,0,0,0,0,0,0,0,0,0.0,0.0,-1
4.799999999999999,0,0,0,0, 192.168.1.111,173.194.184.230,0,0,0,0,0, 192.168.1.111,74.125.155.199,0,0,0,0,0, 192.168.1.111,172.217.12.206,0,0,0,0,0, 192.168.1.111,172.217.12.138,0,0,0,0,0, 192.168.1.111,172.217.12.131,0,0,0,0,0, 192.168.1.111,172.217.7.14,0,0,0,0,0, 192.168.1.111,172.217.12.214,0,0,0,0,0, 192.168.1.111,172.217.13.68,0,0,0,0,0, 192.168.1.111,172.217.12.142,0,0,0,0,0, 192.168.1.111,216.58.219.206,0,0,0,0,0, 192.168.1.111,23.65.191.179,0,0,0,0,0, 192.168.1.111,74.125.155.232,0,0,0,0,0, 192.168.1.111,173.194.7.55,0,0,0,0,0, 192.168.1.111,23.66.1.128,0,0,0,0,0, 192.168.1.111,216.58.219.194,0,0,0,0,0, 192.168.1.111,172.217.12.134,0,0,0,0,0, 192.168.1.111,172.217.135.39,0,0,0,0,0, 192.168.1.111,23.208.103.148,0,0,0,0,0, 192.168.1.111,172.217.11.3,0,0,0,0,0, 192.168.1.111,72.21.91.29,0,0,0,0,0, 192.168.1.111,23.52.155.27,0,0,0,0,0, 192.168.1.111,23.66.3.192,0,0,0,0,0, 192.168.1.111,23.208.92.34,0,0,0,0,0, 192.168.1.111,23.66.2.45,0,0,0,0,0, 192.168.1.111,172.217.12.147,0,0,0,0,0, 192.168.1.111,0.0.0.0,0,0,0,0,0,0,0,0,0,0,1526920852616,0.0,1639.261,0,0,0,0,0,0,0,0,0,0.0,0.0,-1
4.899999999999999,1,0,1392,0, 192.168.1.111,173.194.184.230,0,0,0,0,0, 192.168.1.111,74.125.155.199,0,0,0,0,0, 192.168.1.111,172.217.12.206,0,0,0,0,0, 192.168.1.111,172.217.12.138,0,0,0,0,0, 192.168.1.111,172.217.12.131,0,0,0,0,0, 192.168.1.111,172.217.7.14,0,0,0,0,0, 192.168.1.111,172.217.12.214,0,0,0,0,0, 192.168.1.111,172.217.13.68,QUIC,1,0,1392,0, 192.168.1.111,172.217.12.142,0,0,0,0,0, 192.168.1.111,216.58.219.206,0,0,0,0,0, 192.168.1.111,23.65.191.179,0,0,0,0,0, 192.168.1.111,74.125.155.232,0,0,0,0,0, 192.168.1.111,173.194.7.55,0,0,0,0,0, 192.168.1.111,23.66.1.128,0,0,0,0,0, 192.168.1.111,216.58.219.194,0,0,0,0,0, 192.168.1.111,172.217.12.134,0,0,0,0,0, 192.168.1.111,172.217.135.39,0,0,0,0,0, 192.168.1.111,23.208.103.148,0,0,0,0,0, 192.168.1.111,172.217.11.3,0,0,0,0,0, 192.168.1.111,72.21.91.29,0,0,0,0,0, 192.168.1.111,23.52.155.27,0,0,0,0,0, 192.168.1.111,23.66.3.192,0,0,0,0,0, 192.168.1.111,23.208.92.34,0,0,0,0,0, 192.168.1.111,23.66.2.45,0,0,0,0,0, 192.168.1.111,172.217.12.147,0,0,0,0,0, 192.168.1.111,0.0.0.0,0,0,0,0,0,0,0,0,0,0,1526920852616,0.0,1639.261,0,0,0,0,0,0,0,0,0,0.0,0.0,-1
4.999999999999998,2,0,884,0, 192.168.1.111,173.194.184.230,0,0,0,0,0, 192.168.1.111,74.125.155.199,0,0,0,0,0, 192.168.1.111,172.217.12.206,0,0,0,0,0, 192.168.1.111,172.217.12.138,0,0,0,0,0, 192.168.1.111,172.217.12.131,0,0,0,0,0, 192.168.1.111,172.217.7.14,0,0,0,0,0, 192.168.1.111,172.217.12.214,0,0,0,0,0, 192.168.1.111,172.217.13.68,TLSv1.2,2,0,884,0, 192.168.1.111,172.217.12.142,0,0,0,0,0, 192.168.1.111,216.58.219.206,0,0,0,0,0, 192.168.1.111,23.65.191.179,0,0,0,0,0, 192.168.1.111,74.125.155.232,0,0,0,0,0, 192.168.1.111,173.194.7.55,0,0,0,0,0, 192.168.1.111,23.66.1.128,0,0,0,0,0, 192.168.1.111,216.58.219.194,0,0,0,0,0, 192.168.1.111,172.217.12.134,0,0,0,0,0, 192.168.1.111,172.217.135.39,0,0,0,0,0, 192.168.1.111,23.208.103.148,0,0,0,0,0, 192.168.1.111,172.217.11.3,0,0,0,0,0, 192.168.1.111,72.21.91.29,0,0,0,0,0, 192.168.1.111,23.52.155.27,0,0,0,0,0, 192.168.1.111,23.66.3.192,0,0,0,0,0, 192.168.1.111,23.208.92.34,0,0,0,0,0, 192.168.1.111,23.66.2.45,0,0,0,0,0, 192.168.1.111,172.217.12.147,0,0,0,0,0, 192.168.1.111,0.0.0.0,0,0,0,0,0,0,0,0,0,0,1526920852616,0.0,1639.261,0,0,0,0,0,0,0,0,0,0.0,0.0,-1
5.099999999999998,0,0,0,0, 192.168.1.111,173.194.184.230,0,0,0,0,0, 192.168.1.111,74.125.155.199,0,0,0,0,0, 192.168.1.111,172.217.12.206,0,0,0,0,0, 192.168.1.111,172.217.12.138,0,0,0,0,0, 192.168.1.111,172.217.12.131,0,0,0,0,0, 192.168.1.111,172.217.7.14,0,0,0,0,0, 192.168.1.111,172.217.12.214,0,0,0,0,0, 192.168.1.111,172.217.13.68,0,0,0,0,0, 192.168.1.111,172.217.12.142,0,0,0,0,0, 192.168.1.111,216.58.219.206,0,0,0,0,0, 192.168.1.111,23.65.191.179,0,0,0,0,0, 192.168.1.111,74.125.155.232,0,0,0,0,0, 192.168.1.111,173.194.7.55,0,0,0,0,0, 192.168.1.111,23.66.1.128,0,0,0,0,0, 192.168.1.111,216.58.219.194,0,0,0,0,0, 192.168.1.111,172.217.12.134,0,0,0,0,0, 192.168.1.111,172.217.135.39,0,0,0,0,0, 192.168.1.111,23.208.103.148,0,0,0,0,0, 192.168.1.111,172.217.11.3,0,0,0,0,0, 192.168.1.111,72.21.91.29,0,0,0,0,0, 192.168.1.111,23.52.155.27,0,0,0,0,0, 192.168.1.111,23.66.3.192,0,0,0,0,0, 192.168.1.111,23.208.92.34,0,0,0,0,0, 192.168.1.111,23.66.2.45,0,0,0,0,0, 192.168.1.111,172.217.12.147,0,0,0,0,0, 192.168.1.111,0.0.0.0,0,0,0,0,0,0,0,0,0,0,1526920852616,0.0,1639.261,0,0,0,0,0,0,0,0,0,0.0,0.0,-1
5.1999999999999975,1,0,1392,0, 192.168.1.111,173.194.184.230,0,0,0,0,0, 192.168.1.111,74.125.155.199,0,0,0,0,0, 192.168.1.111,172.217.12.206,0,0,0,0,0, 192.168.1.111,172.217.12.138,0,0,0,0,0, 192.168.1.111,172.217.12.131,0,0,0,0,0, 192.168.1.111,172.217.7.14,0,0,0,0,0, 192.168.1.111,172.217.12.214,0,0,0,0,0, 192.168.1.111,172.217.13.68,QUIC,1,0,1392,0, 192.168.1.111,172.217.12.142,0,0,0,0,0, 192.168.1.111,216.58.219.206,0,0,0,0,0, 192.168.1.111,23.65.191.179,0,0,0,0,0, 192.168.1.111,74.125.155.232,0,0,0,0,0, 192.168.1.111,173.194.7.55,0,0,0,0,0, 192.168.1.111,23.66.1.128,0,0,0,0,0, 192.168.1.111,216.58.219.194,0,0,0,0,0, 192.168.1.111,172.217.12.134,0,0,0,0,0, 192.168.1.111,172.217.135.39,0,0,0,0,0, 192.168.1.111,23.208.103.148,0,0,0,0,0, 192.168.1.111,172.217.11.3,0,0,0,0,0, 192.168.1.111,72.21.91.29,0,0,0,0,0, 192.168.1.111,23.52.155.27,0,0,0,0,0, 192.168.1.111,23.66.3.192,0,0,0,0,0, 192.168.1.111,23.208.92.34,0,0,0,0,0, 192.168.1.111,23.66.2.45,0,0,0,0,0, 192.168.1.111,172.217.12.147,0,0,0,0,0, 192.168.1.111,0.0.0.0,0,0,0,0,0,0,0,0,0,0,1526920852616,0.0,1639.261,0,0,0,0,0,0,0,0,0,0.0,0.0,-1
5.299999999999997,0,0,0,0, 192.168.1.111,173.194.184.230,0,0,0,0,0, 192.168.1.111,74.125.155.199,0,0,0,0,0, 192.168.1.111,172.217.12.206,0,0,0,0,0, 192.168.1.111,172.217.12.138,0,0,0,0,0, 192.168.1.111,172.217.12.131,0,0,0,0,0, 192.168.1.111,172.217.7.14,0,0,0,0,0, 192.168.1.111,172.217.12.214,0,0,0,0,0, 192.168.1.111,172.217.13.68,0,0,0,0,0, 192.168.1.111,172.217.12.142,0,0,0,0,0, 192.168.1.111,216.58.219.206,0,0,0,0,0, 192.168.1.111,23.65.191.179,0,0,0,0,0, 192.168.1.111,74.125.155.232,0,0,0,0,0, 192.168.1.111,173.194.7.55,0,0,0,0,0, 192.168.1.111,23.66.1.128,0,0,0,0,0, 192.168.1.111,216.58.219.194,0,0,0,0,0, 192.168.1.111,172.217.12.134,0,0,0,0,0, 192.168.1.111,172.217.135.39,0,0,0,0,0, 192.168.1.111,23.208.103.148,0,0,0,0,0, 192.168.1.111,172.217.11.3,0,0,0,0,0, 192.168.1.111,72.21.91.29,0,0,0,0,0, 192.168.1.111,23.52.155.27,0,0,0,0,0, 192.168.1.111,23.66.3.192,0,0,0,0,0, 192.168.1.111,23.208.92.34,0,0,0,0,0, 192.168.1.111,23.66.2.45,0,0,0,0,0, 192.168.1.111,172.217.12.147,0,0,0,0,0, 192.168.1.111,0.0.0.0,0,0,0,0,0,0,0,0,0,0,1526920852616,0.0,1639.261,0,0,0,0,0,0,0,0,0,0.0,0.0,-1
5.399999999999997,2,0,156,0, 192.168.1.111,173.194.184.230,0,0,0,0,0, 192.168.1.111,74.125.155.199,0,0,0,0,0, 192.168.1.111,172.217.12.206,0,0,0,0,0, 192.168.1.111,172.217.12.138,0,0,0,0,0, 192.168.1.111,172.217.12.131,TCP,2,0,156,0, 192.168.1.111,172.217.7.14,0,0,0,0,0, 192.168.1.111,172.217.12.214,0,0,0,0,0, 192.168.1.111,172.217.13.68,0,0,0,0,0, 192.168.1.111,172.217.12.142,0,0,0,0,0, 192.168.1.111,216.58.219.206,0,0,0,0,0, 192.168.1.111,23.65.191.179,0,0,0,0,0, 192.168.1.111,74.125.155.232,0,0,0,0,0, 192.168.1.111,173.194.7.55,0,0,0,0,0, 192.168.1.111,23.66.1.128,0,0,0,0,0, 192.168.1.111,216.58.219.194,0,0,0,0,0, 192.168.1.111,172.217.12.134,0,0,0,0,0, 192.168.1.111,172.217.135.39,0,0,0,0,0, 192.168.1.111,23.208.103.148,0,0,0,0,0, 192.168.1.111,172.217.11.3,0,0,0,0,0, 192.168.1.111,72.21.91.29,0,0,0,0,0, 192.168.1.111,23.52.155.27,0,0,0,0,0, 192.168.1.111,23.66.3.192,0,0,0,0,0, 192.168.1.111,23.208.92.34,0,0,0,0,0, 192.168.1.111,23.66.2.45,0,0,0,0,0, 192.168.1.111,172.217.12.147,0,0,0,0,0, 192.168.1.111,0.0.0.0,0,0,0,0,0,0,0,0,0,0,1526920852616,0.0,1639.261,0,0,0,0,0,0,0,0,0,0.0,0.0,-1
5.4999999999999964,0,0,0,0, 192.168.1.111,173.194.184.230,0,0,0,0,0, 192.168.1.111,74.125.155.199,0,0,0,0,0, 192.168.1.111,172.217.12.206,0,0,0,0,0, 192.168.1.111,172.217.12.138,0,0,0,0,0, 192.168.1.111,172.217.12.131,0,0,0,0,0, 192.168.1.111,172.217.7.14,0,0,0,0,0, 192.168.1.111,172.217.12.214,0,0,0,0,0, 192.168.1.111,172.217.13.68,0,0,0,0,0, 192.168.1.111,172.217.12.142,0,0,0,0,0, 192.168.1.111,216.58.219.206,0,0,0,0,0, 192.168.1.111,23.65.191.179,0,0,0,0,0, 192.168.1.111,74.125.155.232,0,0,0,0,0, 192.168.1.111,173.194.7.55,0,0,0,0,0, 192.168.1.111,23.66.1.128,0,0,0,0,0, 192.168.1.111,216.58.219.194,0,0,0,0,0, 192.168.1.111,172.217.12.134,0,0,0,0,0, 192.168.1.111,172.217.135.39,0,0,0,0,0, 192.168.1.111,23.208.103.148,0,0,0,0,0, 192.168.1.111,172.217.11.3,0,0,0,0,0, 192.168.1.111,72.21.91.29,0,0,0,0,0, 192.168.1.111,23.52.155.27,0,0,0,0,0, 192.168.1.111,23.66.3.192,0,0,0,0,0, 192.168.1.111,23.208.92.34,0,0,0,0,0, 192.168.1.111,23.66.2.45,0,0,0,0,0, 192.168.1.111,172.217.12.147,0,0,0,0,0, 192.168.1.111,0.0.0.0,0,0,0,0,0,0,0,0,0,0,1526920852616,0.0,1639.261,0,0,0,0,0,0,0,0,0,0.0,0.0,-1
5.599999999999996,1,0,78,0, 192.168.1.111,173.194.184.230,0,0,0,0,0, 192.168.1.111,74.125.155.199,0,0,0,0,0, 192.168.1.111,172.217.12.206,0,0,0,0,0, 192.168.1.111,172.217.12.138,0,0,0,0,0, 192.168.1.111,172.217.12.131,TCP,1,0,78,0, 192.168.1.111,172.217.7.14,0,0,0,0,0, 192.168.1.111,172.217.12.214,0,0,0,0,0, 192.168.1.111,172.217.13.68,0,0,0,0,0, 192.168.1.111,172.217.12.142,0,0,0,0,0, 192.168.1.111,216.58.219.206,0,0,0,0,0, 192.168.1.111,23.65.191.179,0,0,0,0,0, 192.168.1.111,74.125.155.232,0,0,0,0,0, 192.168.1.111,173.194.7.55,0,0,0,0,0, 192.168.1.111,23.66.1.128,0,0,0,0,0, 192.168.1.111,216.58.219.194,0,0,0,0,0, 192.168.1.111,172.217.12.134,0,0,0,0,0, 192.168.1.111,172.217.135.39,0,0,0,0,0, 192.168.1.111,23.208.103.148,0,0,0,0,0, 192.168.1.111,172.217.11.3,0,0,0,0,0, 192.168.1.111,72.21.91.29,0,0,0,0,0, 192.168.1.111,23.52.155.27,0,0,0,0,0, 192.168.1.111,23.66.3.192,0,0,0,0,0, 192.168.1.111,23.208.92.34,0,0,0,0,0, 192.168.1.111,23.66.2.45,0,0,0,0,0, 192.168.1.111,172.217.12.147,0,0,0,0,0, 192.168.1.111,0.0.0.0,0,0,0,0,0,0,0,0,0,0,1526920852616,0.0,1639.261,0,0,0,0,0,0,0,0,0,0.0,0.0,-1
5.699999999999996,0,0,0,0, 192.168.1.111,173.194.184.230,0,0,0,0,0, 192.168.1.111,74.125.155.199,0,0,0,0,0, 192.168.1.111,172.217.12.206,0,0,0,0,0, 192.168.1.111,172.217.12.138,0,0,0,0,0, 192.168.1.111,172.217.12.131,0,0,0,0,0, 192.168.1.111,172.217.7.14,0,0,0,0,0, 192.168.1.111,172.217.12.214,0,0,0,0,0, 192.168.1.111,172.217.13.68,0,0,0,0,0, 192.168.1.111,172.217.12.142,0,0,0,0,0, 192.168.1.111,216.58.219.206,0,0,0,0,0, 192.168.1.111,23.65.191.179,0,0,0,0,0, 192.168.1.111,74.125.155.232,0,0,0,0,0, 192.168.1.111,173.194.7.55,0,0,0,0,0, 192.168.1.111,23.66.1.128,0,0,0,0,0, 192.168.1.111,216.58.219.194,0,0,0,0,0, 192.168.1.111,172.217.12.134,0,0,0,0,0, 192.168.1.111,172.217.135.39,0,0,0,0,0, 192.168.1.111,23.208.103.148,0,0,0,0,0, 192.168.1.111,172.217.11.3,0,0,0,0,0, 192.168.1.111,72.21.91.29,0,0,0,0,0, 192.168.1.111,23.52.155.27,0,0,0,0,0, 192.168.1.111,23.66.3.192,0,0,0,0,0, 192.168.1.111,23.208.92.34,0,0,0,0,0, 192.168.1.111,23.66.2.45,0,0,0,0,0, 192.168.1.111,172.217.12.147,0,0,0,0,0, 192.168.1.111,0.0.0.0,0,0,0,0,0,0,0,0,0,0,1526920852616,0.0,1639.261,0,0,0,0,0,0,0,0,0,0.0,0.0,-1
5.799999999999995,5,0,2690,0, 192.168.1.111,173.194.184.230,0,0,0,0,0, 192.168.1.111,74.125.155.199,0,0,0,0,0, 192.168.1.111,172.217.12.206,0,0,0,0,0, 192.168.1.111,172.217.12.138,0,0,0,0,0, 192.168.1.111,172.217.12.131,0,0,0,0,0, 192.168.1.111,172.217.7.14,0,0,0,0,0, 192.168.1.111,172.217.12.214,0,0,0,0,0, 192.168.1.111,172.217.13.68,TCP,2,0,2432,0, 192.168.1.111,172.217.12.142,0,0,0,0,0, 192.168.1.111,216.58.219.206,0,0,0,0,0, 192.168.1.111,23.65.191.179,0,0,0,0,0, 192.168.1.111,74.125.155.232,0,0,0,0,0, 192.168.1.111,173.194.7.55,0,0,0,0,0, 192.168.1.111,23.66.1.128,0,0,0,0,0, 192.168.1.111,216.58.219.194,0,0,0,0,0, 192.168.1.111,172.217.12.134,0,0,0,0,0, 192.168.1.111,172.217.135.39,0,0,0,0,0, 192.168.1.111,23.208.103.148,0,0,0,0,0, 192.168.1.111,172.217.11.3,0,0,0,0,0, 192.168.1.111,72.21.91.29,0,0,0,0,0, 192.168.1.111,23.52.155.27,0,0,0,0,0, 192.168.1.111,23.66.3.192,0,0,0,0,0, 192.168.1.111,23.208.92.34,0,0,0,0,0, 192.168.1.111,23.66.2.45,0,0,0,0,0, 192.168.1.111,172.217.12.147,0,0,0,0,0, 192.168.1.111,0.0.0.0,0,3,0,258,0,0,0,0,0,0,1526920852616,0.0,1639.261,0,0,0,0,0,0,0,0,0,0.0,0.0,-1
5.899999999999995,0,0,0,0, 192.168.1.111,173.194.184.230,0,0,0,0,0, 192.168.1.111,74.125.155.199,0,0,0,0,0, 192.168.1.111,172.217.12.206,0,0,0,0,0, 192.168.1.111,172.217.12.138,0,0,0,0,0, 192.168.1.111,172.217.12.131,0,0,0,0,0, 192.168.1.111,172.217.7.14,0,0,0,0,0, 192.168.1.111,172.217.12.214,0,0,0,0,0, 192.168.1.111,172.217.13.68,0,0,0,0,0, 192.168.1.111,172.217.12.142,0,0,0,0,0, 192.168.1.111,216.58.219.206,0,0,0,0,0, 192.168.1.111,23.65.191.179,0,0,0,0,0, 192.168.1.111,74.125.155.232,0,0,0,0,0, 192.168.1.111,173.194.7.55,0,0,0,0,0, 192.168.1.111,23.66.1.128,0,0,0,0,0, 192.168.1.111,216.58.219.194,0,0,0,0,0, 192.168.1.111,172.217.12.134,0,0,0,0,0, 192.168.1.111,172.217.135.39,0,0,0,0,0, 192.168.1.111,23.208.103.148,0,0,0,0,0, 192.168.1.111,172.217.11.3,0,0,0,0,0, 192.168.1.111,72.21.91.29,0,0,0,0,0, 192.168.1.111,23.52.155.27,0,0,0,0,0, 192.168.1.111,23.66.3.192,0,0,0,0,0, 192.168.1.111,23.208.92.34,0,0,0,0,0, 192.168.1.111,23.66.2.45,0,0,0,0,0, 192.168.1.111,172.217.12.147,0,0,0,0,0, 192.168.1.111,0.0.0.0,0,0,0,0,0,0,0,0,0,0,1526920852616,0.0,1639.261,0,0,0,0,0,0,0,0,0,0.0,0.0,-1
5.999999999999995,0,0,0,0, 192.168.1.111,173.194.184.230,0,0,0,0,0, 192.168.1.111,74.125.155.199,0,0,0,0,0, 192.168.1.111,172.217.12.206,0,0,0,0,0, 192.168.1.111,172.217.12.138,0,0,0,0,0, 192.168.1.111,172.217.12.131,0,0,0,0,0, 192.168.1.111,172.217.7.14,0,0,0,0,0, 192.168.1.111,172.217.12.214,0,0,0,0,0, 192.168.1.111,172.217.13.68,0,0,0,0,0, 192.168.1.111,172.217.12.142,0,0,0,0,0, 192.168.1.111,216.58.219.206,0,0,0,0,0, 192.168.1.111,23.65.191.179,0,0,0,0,0, 192.168.1.111,74.125.155.232,0,0,0,0,0, 192.168.1.111,173.194.7.55,0,0,0,0,0, 192.168.1.111,23.66.1.128,0,0,0,0,0, 192.168.1.111,216.58.219.194,0,0,0,0,0, 192.168.1.111,172.217.12.134,0,0,0,0,0, 192.168.1.111,172.217.135.39,0,0,0,0,0, 192.168.1.111,23.208.103.148,0,0,0,0,0, 192.168.1.111,172.217.11.3,0,0,0,0,0, 192.168.1.111,72.21.91.29,0,0,0,0,0, 192.168.1.111,23.52.155.27,0,0,0,0,0, 192.168.1.111,23.66.3.192,0,0,0,0,0, 192.168.1.111,23.208.92.34,0,0,0,0,0, 192.168.1.111,23.66.2.45,0,0,0,0,0, 192.168.1.111,172.217.12.147,0,0,0,0,0, 192.168.1.111,0.0.0.0,0,0,0,0,0,0,0,0,0,0,1526920852616,0.0,1639.261,0,0,0,0,0,0,0,0,0,0.0,0.0,-1
6.099999999999994,2,0,331,0, 192.168.1.111,173.194.184.230,0,0,0,0,0, 192.168.1.111,74.125.155.199,0,0,0,0,0, 192.168.1.111,172.217.12.206,QUIC,1,0,239,0, 192.168.1.111,172.217.12.138,0,0,0,0,0, 192.168.1.111,172.217.12.131,0,0,0,0,0, 192.168.1.111,172.217.7.14,0,0,0,0,0, 192.168.1.111,172.217.12.214,0,0,0,0,0, 192.168.1.111,172.217.13.68,0,0,0,0,0, 192.168.1.111,172.217.12.142,0,0,0,0,0, 192.168.1.111,216.58.219.206,0,0,0,0,0, 192.168.1.111,23.65.191.179,0,0,0,0,0, 192.168.1.111,74.125.155.232,0,0,0,0,0, 192.168.1.111,173.194.7.55,0,0,0,0,0, 192.168.1.111,23.66.1.128,0,0,0,0,0, 192.168.1.111,216.58.219.194,0,0,0,0,0, 192.168.1.111,172.217.12.134,0,0,0,0,0, 192.168.1.111,172.217.135.39,0,0,0,0,0, 192.168.1.111,23.208.103.148,0,0,0,0,0, 192.168.1.111,172.217.11.3,0,0,0,0,0, 192.168.1.111,72.21.91.29,0,0,0,0,0, 192.168.1.111,23.52.155.27,0,0,0,0,0, 192.168.1.111,23.66.3.192,0,0,0,0,0, 192.168.1.111,23.208.92.34,0,0,0,0,0, 192.168.1.111,23.66.2.45,0,0,0,0,0, 192.168.1.111,172.217.12.147,0,0,0,0,0, 192.168.1.111,0.0.0.0,0,1,0,92,0,0,0,0,0,0,1526920852616,0.0,1639.261,0,0,0,0,0,0,0,0,0,0.0,0.0,-1
6.199999999999994,0,0,0,0, 192.168.1.111,173.194.184.230,0,0,0,0,0, 192.168.1.111,74.125.155.199,0,0,0,0,0, 192.168.1.111,172.217.12.206,0,0,0,0,0, 192.168.1.111,172.217.12.138,0,0,0,0,0, 192.168.1.111,172.217.12.131,0,0,0,0,0, 192.168.1.111,172.217.7.14,0,0,0,0,0, 192.168.1.111,172.217.12.214,0,0,0,0,0, 192.168.1.111,172.217.13.68,0,0,0,0,0, 192.168.1.111,172.217.12.142,0,0,0,0,0, 192.168.1.111,216.58.219.206,0,0,0,0,0, 192.168.1.111,23.65.191.179,0,0,0,0,0, 192.168.1.111,74.125.155.232,0,0,0,0,0, 192.168.1.111,173.194.7.55,0,0,0,0,0, 192.168.1.111,23.66.1.128,0,0,0,0,0, 192.168.1.111,216.58.219.194,0,0,0,0,0, 192.168.1.111,172.217.12.134,0,0,0,0,0, 192.168.1.111,172.217.135.39,0,0,0,0,0, 192.168.1.111,23.208.103.148,0,0,0,0,0, 192.168.1.111,172.217.11.3,0,0,0,0,0, 192.168.1.111,72.21.91.29,0,0,0,0,0, 192.168.1.111,23.52.155.27,0,0,0,0,0, 192.168.1.111,23.66.3.192,0,0,0,0,0, 192.168.1.111,23.208.92.34,0,0,0,0,0, 192.168.1.111,23.66.2.45,0,0,0,0,0, 192.168.1.111,172.217.12.147,0,0,0,0,0, 192.168.1.111,0.0.0.0,0,0,0,0,0,0,0,0,0,0,1526920852616,0.0,1639.261,0,0,0,0,0,0,0,0,0,0.0,0.0,-1
6.299999999999994,0,0,0,0, 192.168.1.111,173.194.184.230,0,0,0,0,0, 192.168.1.111,74.125.155.199,0,0,0,0,0, 192.168.1.111,172.217.12.206,0,0,0,0,0, 192.168.1.111,172.217.12.138,0,0,0,0,0, 192.168.1.111,172.217.12.131,0,0,0,0,0, 192.168.1.111,172.217.7.14,0,0,0,0,0, 192.168.1.111,172.217.12.214,0,0,0,0,0, 192.168.1.111,172.217.13.68,0,0,0,0,0, 192.168.1.111,172.217.12.142,0,0,0,0,0, 192.168.1.111,216.58.219.206,0,0,0,0,0, 192.168.1.111,23.65.191.179,0,0,0,0,0, 192.168.1.111,74.125.155.232,0,0,0,0,0, 192.168.1.111,173.194.7.55,0,0,0,0,0, 192.168.1.111,23.66.1.128,0,0,0,0,0, 192.168.1.111,216.58.219.194,0,0,0,0,0, 192.168.1.111,172.217.12.134,0,0,0,0,0, 192.168.1.111,172.217.135.39,0,0,0,0,0, 192.168.1.111,23.208.103.148,0,0,0,0,0, 192.168.1.111,172.217.11.3,0,0,0,0,0, 192.168.1.111,72.21.91.29,0,0,0,0,0, 192.168.1.111,23.52.155.27,0,0,0,0,0, 192.168.1.111,23.66.3.192,0,0,0,0,0, 192.168.1.111,23.208.92.34,0,0,0,0,0, 192.168.1.111,23.66.2.45,0,0,0,0,0, 192.168.1.111,172.217.12.147,0,0,0,0,0, 192.168.1.111,0.0.0.0,0,0,0,0,0,0,0,0,0,0,1526920852616,0.0,1639.261,0,0,0,0,0,0,0,0,0,0.0,0.0,-1
6.399999999999993,2,0,156,0, 192.168.1.111,173.194.184.230,0,0,0,0,0, 192.168.1.111,74.125.155.199,0,0,0,0,0, 192.168.1.111,172.217.12.206,0,0,0,0,0, 192.168.1.111,172.217.12.138,0,0,0,0,0, 192.168.1.111,172.217.12.131,TCP,2,0,156,0, 192.168.1.111,172.217.7.14,0,0,0,0,0, 192.168.1.111,172.217.12.214,0,0,0,0,0, 192.168.1.111,172.217.13.68,0,0,0,0,0, 192.168.1.111,172.217.12.142,0,0,0,0,0, 192.168.1.111,216.58.219.206,0,0,0,0,0, 192.168.1.111,23.65.191.179,0,0,0,0,0, 192.168.1.111,74.125.155.232,0,0,0,0,0, 192.168.1.111,173.194.7.55,0,0,0,0,0, 192.168.1.111,23.66.1.128,0,0,0,0,0, 192.168.1.111,216.58.219.194,0,0,0,0,0, 192.168.1.111,172.217.12.134,0,0,0,0,0, 192.168.1.111,172.217.135.39,0,0,0,0,0, 192.168.1.111,23.208.103.148,0,0,0,0,0, 192.168.1.111,172.217.11.3,0,0,0,0,0, 192.168.1.111,72.21.91.29,0,0,0,0,0, 192.168.1.111,23.52.155.27,0,0,0,0,0, 192.168.1.111,23.66.3.192,0,0,0,0,0, 192.168.1.111,23.208.92.34,0,0,0,0,0, 192.168.1.111,23.66.2.45,0,0,0,0,0, 192.168.1.111,172.217.12.147,0,0,0,0,0, 192.168.1.111,0.0.0.0,0,0,0,0,0,0,0,0,0,0,1526920852616,0.0,1639.261,0,0,0,0,0,0,0,0,0,0.0,0.0,-1
6.499999999999993,0,0,0,0, 192.168.1.111,173.194.184.230,0,0,0,0,0, 192.168.1.111,74.125.155.199,0,0,0,0,0, 192.168.1.111,172.217.12.206,0,0,0,0,0, 192.168.1.111,172.217.12.138,0,0,0,0,0, 192.168.1.111,172.217.12.131,0,0,0,0,0, 192.168.1.111,172.217.7.14,0,0,0,0,0, 192.168.1.111,172.217.12.214,0,0,0,0,0, 192.168.1.111,172.217.13.68,0,0,0,0,0, 192.168.1.111,172.217.12.142,0,0,0,0,0, 192.168.1.111,216.58.219.206,0,0,0,0,0, 192.168.1.111,23.65.191.179,0,0,0,0,0, 192.168.1.111,74.125.155.232,0,0,0,0,0, 192.168.1.111,173.194.7.55,0,0,0,0,0, 192.168.1.111,23.66.1.128,0,0,0,0,0, 192.168.1.111,216.58.219.194,0,0,0,0,0, 192.168.1.111,172.217.12.134,0,0,0,0,0, 192.168.1.111,172.217.135.39,0,0,0,0,0, 192.168.1.111,23.208.103.148,0,0,0,0,0, 192.168.1.111,172.217.11.3,0,0,0,0,0, 192.168.1.111,72.21.91.29,0,0,0,0,0, 192.168.1.111,23.52.155.27,0,0,0,0,0, 192.168.1.111,23.66.3.192,0,0,0,0,0, 192.168.1.111,23.208.92.34,0,0,0,0,0, 192.168.1.111,23.66.2.45,0,0,0,0,0, 192.168.1.111,172.217.12.147,0,0,0,0,0, 192.168.1.111,0.0.0.0,0,0,0,0,0,0,0,0,0,0,1526920852616,0.0,1639.261,0,0,0,0,0,0,0,0,0,0.0,0.0,-1
6.5999999999999925,1,0,78,0, 192.168.1.111,173.194.184.230,0,0,0,0,0, 192.168.1.111,74.125.155.199,0,0,0,0,0, 192.168.1.111,172.217.12.206,0,0,0,0,0, 192.168.1.111,172.217.12.138,0,0,0,0,0, 192.168.1.111,172.217.12.131,TCP,1,0,78,0, 192.168.1.111,172.217.7.14,0,0,0,0,0, 192.168.1.111,172.217.12.214,0,0,0,0,0, 192.168.1.111,172.217.13.68,0,0,0,0,0, 192.168.1.111,172.217.12.142,0,0,0,0,0, 192.168.1.111,216.58.219.206,0,0,0,0,0, 192.168.1.111,23.65.191.179,0,0,0,0,0, 192.168.1.111,74.125.155.232,0,0,0,0,0, 192.168.1.111,173.194.7.55,0,0,0,0,0, 192.168.1.111,23.66.1.128,0,0,0,0,0, 192.168.1.111,216.58.219.194,0,0,0,0,0, 192.168.1.111,172.217.12.134,0,0,0,0,0, 192.168.1.111,172.217.135.39,0,0,0,0,0, 192.168.1.111,23.208.103.148,0,0,0,0,0, 192.168.1.111,172.217.11.3,0,0,0,0,0, 192.168.1.111,72.21.91.29,0,0,0,0,0, 192.168.1.111,23.52.155.27,0,0,0,0,0, 192.168.1.111,23.66.3.192,0,0,0,0,0, 192.168.1.111,23.208.92.34,0,0,0,0,0, 192.168.1.111,23.66.2.45,0,0,0,0,0, 192.168.1.111,172.217.12.147,0,0,0,0,0, 192.168.1.111,0.0.0.0,0,0,0,0,0,0,0,0,0,0,1526920852616,0.0,1639.261,0,0,0,0,0,0,0,0,0,0.0,0.0,-1
6.699999999999992,0,0,0,0, 192.168.1.111,173.194.184.230,0,0,0,0,0, 192.168.1.111,74.125.155.199,0,0,0,0,0, 192.168.1.111,172.217.12.206,0,0,0,0,0, 192.168.1.111,172.217.12.138,0,0,0,0,0, 192.168.1.111,172.217.12.131,0,0,0,0,0, 192.168.1.111,172.217.7.14,0,0,0,0,0, 192.168.1.111,172.217.12.214,0,0,0,0,0, 192.168.1.111,172.217.13.68,0,0,0,0,0, 192.168.1.111,172.217.12.142,0,0,0,0,0, 192.168.1.111,216.58.219.206,0,0,0,0,0, 192.168.1.111,23.65.191.179,0,0,0,0,0, 192.168.1.111,74.125.155.232,0,0,0,0,0, 192.168.1.111,173.194.7.55,0,0,0,0,0, 192.168.1.111,23.66.1.128,0,0,0,0,0, 192.168.1.111,216.58.219.194,0,0,0,0,0, 192.168.1.111,172.217.12.134,0,0,0,0,0, 192.168.1.111,172.217.135.39,0,0,0,0,0, 192.168.1.111,23.208.103.148,0,0,0,0,0, 192.168.1.111,172.217.11.3,0,0,0,0,0, 192.168.1.111,72.21.91.29,0,0,0,0,0, 192.168.1.111,23.52.155.27,0,0,0,0,0, 192.168.1.111,23.66.3.192,0,0,0,0,0, 192.168.1.111,23.208.92.34,0,0,0,0,0, 192.168.1.111,23.66.2.45,0,0,0,0,0, 192.168.1.111,172.217.12.147,0,0,0,0,0, 192.168.1.111,0.0.0.0,0,0,0,0,0,0,0,0,0,0,1526920852616,0.0,1639.261,0,0,0,0,0,0,0,0,0,0.0,0.0,-1
6.799999999999992,3,0,258,0, 192.168.1.111,173.194.184.230,0,0,0,0,0, 192.168.1.111,74.125.155.199,0,0,0,0,0, 192.168.1.111,172.217.12.206,0,0,0,0,0, 192.168.1.111,172.217.12.138,0,0,0,0,0, 192.168.1.111,172.217.12.131,0,0,0,0,0, 192.168.1.111,172.217.7.14,0,0,0,0,0, 192.168.1.111,172.217.12.214,0,0,0,0,0, 192.168.1.111,172.217.13.68,0,0,0,0,0, 192.168.1.111,172.217.12.142,0,0,0,0,0, 192.168.1.111,216.58.219.206,0,0,0,0,0, 192.168.1.111,23.65.191.179,0,0,0,0,0, 192.168.1.111,74.125.155.232,0,0,0,0,0, 192.168.1.111,173.194.7.55,0,0,0,0,0, 192.168.1.111,23.66.1.128,0,0,0,0,0, 192.168.1.111,216.58.219.194,0,0,0,0,0, 192.168.1.111,172.217.12.134,0,0,0,0,0, 192.168.1.111,172.217.135.39,0,0,0,0,0, 192.168.1.111,23.208.103.148,0,0,0,0,0, 192.168.1.111,172.217.11.3,0,0,0,0,0, 192.168.1.111,72.21.91.29,0,0,0,0,0, 192.168.1.111,23.52.155.27,0,0,0,0,0, 192.168.1.111,23.66.3.192,0,0,0,0,0, 192.168.1.111,23.208.92.34,0,0,0,0,0, 192.168.1.111,23.66.2.45,0,0,0,0,0, 192.168.1.111,172.217.12.147,0,0,0,0,0, 192.168.1.111,0.0.0.0,0,3,0,258,0,0,0,0,0,0,1526920852616,0.0,1639.261,0,0,0,0,0,0,0,0,0,0.0,0.0,-1
6.899999999999992,0,0,0,0, 192.168.1.111,173.194.184.230,0,0,0,0,0, 192.168.1.111,74.125.155.199,0,0,0,0,0, 192.168.1.111,172.217.12.206,0,0,0,0,0, 192.168.1.111,172.217.12.138,0,0,0,0,0, 192.168.1.111,172.217.12.131,0,0,0,0,0, 192.168.1.111,172.217.7.14,0,0,0,0,0, 192.168.1.111,172.217.12.214,0,0,0,0,0, 192.168.1.111,172.217.13.68,0,0,0,0,0, 192.168.1.111,172.217.12.142,0,0,0,0,0, 192.168.1.111,216.58.219.206,0,0,0,0,0, 192.168.1.111,23.65.191.179,0,0,0,0,0, 192.168.1.111,74.125.155.232,0,0,0,0,0, 192.168.1.111,173.194.7.55,0,0,0,0,0, 192.168.1.111,23.66.1.128,0,0,0,0,0, 192.168.1.111,216.58.219.194,0,0,0,0,0, 192.168.1.111,172.217.12.134,0,0,0,0,0, 192.168.1.111,172.217.135.39,0,0,0,0,0, 192.168.1.111,23.208.103.148,0,0,0,0,0, 192.168.1.111,172.217.11.3,0,0,0,0,0, 192.168.1.111,72.21.91.29,0,0,0,0,0, 192.168.1.111,23.52.155.27,0,0,0,0,0, 192.168.1.111,23.66.3.192,0,0,0,0,0, 192.168.1.111,23.208.92.34,0,0,0,0,0, 192.168.1.111,23.66.2.45,0,0,0,0,0, 192.168.1.111,172.217.12.147,0,0,0,0,0, 192.168.1.111,0.0.0.0,0,0,0,0,0,0,0,0,0,0,1526920852616,0.0,1639.261,0,0,0,0,0,0,0,0,0,0.0,0.0,-1
6.999999999999991,1,0,1392,0, 192.168.1.111,173.194.184.230,0,0,0,0,0, 192.168.1.111,74.125.155.199,0,0,0,0,0, 192.168.1.111,172.217.12.206,0,0,0,0,0, 192.168.1.111,172.217.12.138,0,0,0,0,0, 192.168.1.111,172.217.12.131,0,0,0,0,0, 192.168.1.111,172.217.7.14,0,0,0,0,0, 192.168.1.111,172.217.12.214,0,0,0,0,0, 192.168.1.111,172.217.13.68,QUIC,1,0,1392,0, 192.168.1.111,172.217.12.142,0,0,0,0,0, 192.168.1.111,216.58.219.206,0,0,0,0,0, 192.168.1.111,23.65.191.179,0,0,0,0,0, 192.168.1.111,74.125.155.232,0,0,0,0,0, 192.168.1.111,173.194.7.55,0,0,0,0,0, 192.168.1.111,23.66.1.128,0,0,0,0,0, 192.168.1.111,216.58.219.194,0,0,0,0,0, 192.168.1.111,172.217.12.134,0,0,0,0,0, 192.168.1.111,172.217.135.39,0,0,0,0,0, 192.168.1.111,23.208.103.148,0,0,0,0,0, 192.168.1.111,172.217.11.3,0,0,0,0,0, 192.168.1.111,72.21.91.29,0,0,0,0,0, 192.168.1.111,23.52.155.27,0,0,0,0,0, 192.168.1.111,23.66.3.192,0,0,0,0,0, 192.168.1.111,23.208.92.34,0,0,0,0,0, 192.168.1.111,23.66.2.45,0,0,0,0,0, 192.168.1.111,172.217.12.147,0,0,0,0,0, 192.168.1.111,0.0.0.0,0,0,0,0,0,0,0,0,0,0,1526920852616,0.0,1639.261,0,0,0,0,0,0,0,0,0,0.0,0.0,-1
7.099999999999991,0,0,0,0, 192.168.1.111,173.194.184.230,0,0,0,0,0, 192.168.1.111,74.125.155.199,0,0,0,0,0, 192.168.1.111,172.217.12.206,0,0,0,0,0, 192.168.1.111,172.217.12.138,0,0,0,0,0, 192.168.1.111,172.217.12.131,0,0,0,0,0, 192.168.1.111,172.217.7.14,0,0,0,0,0, 192.168.1.111,172.217.12.214,0,0,0,0,0, 192.168.1.111,172.217.13.68,0,0,0,0,0, 192.168.1.111,172.217.12.142,0,0,0,0,0, 192.168.1.111,216.58.219.206,0,0,0,0,0, 192.168.1.111,23.65.191.179,0,0,0,0,0, 192.168.1.111,74.125.155.232,0,0,0,0,0, 192.168.1.111,173.194.7.55,0,0,0,0,0, 192.168.1.111,23.66.1.128,0,0,0,0,0, 192.168.1.111,216.58.219.194,0,0,0,0,0, 192.168.1.111,172.217.12.134,0,0,0,0,0, 192.168.1.111,172.217.135.39,0,0,0,0,0, 192.168.1.111,23.208.103.148,0,0,0,0,0, 192.168.1.111,172.217.11.3,0,0,0,0,0, 192.168.1.111,72.21.91.29,0,0,0,0,0, 192.168.1.111,23.52.155.27,0,0,0,0,0, 192.168.1.111,23.66.3.192,0,0,0,0,0, 192.168.1.111,23.208.92.34,0,0,0,0,0, 192.168.1.111,23.66.2.45,0,0,0,0,0, 192.168.1.111,172.217.12.147,0,0,0,0,0, 192.168.1.111,0.0.0.0,0,0,0,0,0,0,0,0,0,0,1526920852616,0.0,1639.261,0,0,0,0,0,0,0,0,0,0.0,0.0,-1
7.19999999999999,0,0,0,0, 192.168.1.111,173.194.184.230,0,0,0,0,0, 192.168.1.111,74.125.155.199,0,0,0,0,0, 192.168.1.111,172.217.12.206,0,0,0,0,0, 192.168.1.111,172.217.12.138,0,0,0,0,0, 192.168.1.111,172.217.12.131,0,0,0,0,0, 192.168.1.111,172.217.7.14,0,0,0,0,0, 192.168.1.111,172.217.12.214,0,0,0,0,0, 192.168.1.111,172.217.13.68,0,0,0,0,0, 192.168.1.111,172.217.12.142,0,0,0,0,0, 192.168.1.111,216.58.219.206,0,0,0,0,0, 192.168.1.111,23.65.191.179,0,0,0,0,0, 192.168.1.111,74.125.155.232,0,0,0,0,0, 192.168.1.111,173.194.7.55,0,0,0,0,0, 192.168.1.111,23.66.1.128,0,0,0,0,0, 192.168.1.111,216.58.219.194,0,0,0,0,0, 192.168.1.111,172.217.12.134,0,0,0,0,0, 192.168.1.111,172.217.135.39,0,0,0,0,0, 192.168.1.111,23.208.103.148,0,0,0,0,0, 192.168.1.111,172.217.11.3,0,0,0,0,0, 192.168.1.111,72.21.91.29,0,0,0,0,0, 192.168.1.111,23.52.155.27,0,0,0,0,0, 192.168.1.111,23.66.3.192,0,0,0,0,0, 192.168.1.111,23.208.92.34,0,0,0,0,0, 192.168.1.111,23.66.2.45,0,0,0,0,0, 192.168.1.111,172.217.12.147,0,0,0,0,0, 192.168.1.111,0.0.0.0,0,0,0,0,0,0,0,0,0,0,1526920852616,0.0,1639.261,0,0,0,0,0,0,0,0,0,0.0,0.0,-1
7.29999999999999,0,0,0,0, 192.168.1.111,173.194.184.230,0,0,0,0,0, 192.168.1.111,74.125.155.199,0,0,0,0,0, 192.168.1.111,172.217.12.206,0,0,0,0,0, 192.168.1.111,172.217.12.138,0,0,0,0,0, 192.168.1.111,172.217.12.131,0,0,0,0,0, 192.168.1.111,172.217.7.14,0,0,0,0,0, 192.168.1.111,172.217.12.214,0,0,0,0,0, 192.168.1.111,172.217.13.68,0,0,0,0,0, 192.168.1.111,172.217.12.142,0,0,0,0,0, 192.168.1.111,216.58.219.206,0,0,0,0,0, 192.168.1.111,23.65.191.179,0,0,0,0,0, 192.168.1.111,74.125.155.232,0,0,0,0,0, 192.168.1.111,173.194.7.55,0,0,0,0,0, 192.168.1.111,23.66.1.128,0,0,0,0,0, 192.168.1.111,216.58.219.194,0,0,0,0,0, 192.168.1.111,172.217.12.134,0,0,0,0,0, 192.168.1.111,172.217.135.39,0,0,0,0,0, 192.168.1.111,23.208.103.148,0,0,0,0,0, 192.168.1.111,172.217.11.3,0,0,0,0,0, 192.168.1.111,72.21.91.29,0,0,0,0,0, 192.168.1.111,23.52.155.27,0,0,0,0,0, 192.168.1.111,23.66.3.192,0,0,0,0,0, 192.168.1.111,23.208.92.34,0,0,0,0,0, 192.168.1.111,23.66.2.45,0,0,0,0,0, 192.168.1.111,172.217.12.147,0,0,0,0,0, 192.168.1.111,0.0.0.0,0,0,0,0,0,0,0,0,0,0,1526920852616,0.0,1639.261,0,0,0,0,0,0,0,0,0,0.0,0.0,-1
7.39999999999999,2,0,156,0, 192.168.1.111,173.194.184.230,0,0,0,0,0, 192.168.1.111,74.125.155.199,0,0,0,0,0, 192.168.1.111,172.217.12.206,0,0,0,0,0, 192.168.1.111,172.217.12.138,0,0,0,0,0, 192.168.1.111,172.217.12.131,TCP,2,0,156,0, 192.168.1.111,172.217.7.14,0,0,0,0,0, 192.168.1.111,172.217.12.214,0,0,0,0,0, 192.168.1.111,172.217.13.68,0,0,0,0,0, 192.168.1.111,172.217.12.142,0,0,0,0,0, 192.168.1.111,216.58.219.206,0,0,0,0,0, 192.168.1.111,23.65.191.179,0,0,0,0,0, 192.168.1.111,74.125.155.232,0,0,0,0,0, 192.168.1.111,173.194.7.55,0,0,0,0,0, 192.168.1.111,23.66.1.128,0,0,0,0,0, 192.168.1.111,216.58.219.194,0,0,0,0,0, 192.168.1.111,172.217.12.134,0,0,0,0,0, 192.168.1.111,172.217.135.39,0,0,0,0,0, 192.168.1.111,23.208.103.148,0,0,0,0,0, 192.168.1.111,172.217.11.3,0,0,0,0,0, 192.168.1.111,72.21.91.29,0,0,0,0,0, 192.168.1.111,23.52.155.27,0,0,0,0,0, 192.168.1.111,23.66.3.192,0,0,0,0,0, 192.168.1.111,23.208.92.34,0,0,0,0,0, 192.168.1.111,23.66.2.45,0,0,0,0,0, 192.168.1.111,172.217.12.147,0,0,0,0,0, 192.168.1.111,0.0.0.0,0,0,0,0,0,0,0,0,0,0,1526920852616,0.0,1639.261,0,0,0,0,0,0,0,0,0,0.0,0.0,-1
7.499999999999989,0,0,0,0, 192.168.1.111,173.194.184.230,0,0,0,0,0, 192.168.1.111,74.125.155.199,0,0,0,0,0, 192.168.1.111,172.217.12.206,0,0,0,0,0, 192.168.1.111,172.217.12.138,0,0,0,0,0, 192.168.1.111,172.217.12.131,0,0,0,0,0, 192.168.1.111,172.217.7.14,0,0,0,0,0, 192.168.1.111,172.217.12.214,0,0,0,0,0, 192.168.1.111,172.217.13.68,0,0,0,0,0, 192.168.1.111,172.217.12.142,0,0,0,0,0, 192.168.1.111,216.58.219.206,0,0,0,0,0, 192.168.1.111,23.65.191.179,0,0,0,0,0, 192.168.1.111,74.125.155.232,0,0,0,0,0, 192.168.1.111,173.194.7.55,0,0,0,0,0, 192.168.1.111,23.66.1.128,0,0,0,0,0, 192.168.1.111,216.58.219.194,0,0,0,0,0, 192.168.1.111,172.217.12.134,0,0,0,0,0, 192.168.1.111,172.217.135.39,0,0,0,0,0, 192.168.1.111,23.208.103.148,0,0,0,0,0, 192.168.1.111,172.217.11.3,0,0,0,0,0, 192.168.1.111,72.21.91.29,0,0,0,0,0, 192.168.1.111,23.52.155.27,0,0,0,0,0, 192.168.1.111,23.66.3.192,0,0,0,0,0, 192.168.1.111,23.208.92.34,0,0,0,0,0, 192.168.1.111,23.66.2.45,0,0,0,0,0, 192.168.1.111,172.217.12.147,0,0,0,0,0, 192.168.1.111,0.0.0.0,0,0,0,0,0,0,0,0,0,0,1526920852616,0.0,1639.261,0,0,0,0,0,0,0,0,0,0.0,0.0,-1
7.599999999999989,1,0,78,0, 192.168.1.111,173.194.184.230,0,0,0,0,0, 192.168.1.111,74.125.155.199,0,0,0,0,0, 192.168.1.111,172.217.12.206,0,0,0,0,0, 192.168.1.111,172.217.12.138,0,0,0,0,0, 192.168.1.111,172.217.12.131,TCP,1,0,78,0, 192.168.1.111,172.217.7.14,0,0,0,0,0, 192.168.1.111,172.217.12.214,0,0,0,0,0, 192.168.1.111,172.217.13.68,0,0,0,0,0, 192.168.1.111,172.217.12.142,0,0,0,0,0, 192.168.1.111,216.58.219.206,0,0,0,0,0, 192.168.1.111,23.65.191.179,0,0,0,0,0, 192.168.1.111,74.125.155.232,0,0,0,0,0, 192.168.1.111,173.194.7.55,0,0,0,0,0, 192.168.1.111,23.66.1.128,0,0,0,0,0, 192.168.1.111,216.58.219.194,0,0,0,0,0, 192.168.1.111,172.217.12.134,0,0,0,0,0, 192.168.1.111,172.217.135.39,0,0,0,0,0, 192.168.1.111,23.208.103.148,0,0,0,0,0, 192.168.1.111,172.217.11.3,0,0,0,0,0, 192.168.1.111,72.21.91.29,0,0,0,0,0, 192.168.1.111,23.52.155.27,0,0,0,0,0, 192.168.1.111,23.66.3.192,0,0,0,0,0, 192.168.1.111,23.208.92.34,0,0,0,0,0, 192.168.1.111,23.66.2.45,0,0,0,0,0, 192.168.1.111,172.217.12.147,0,0,0,0,0, 192.168.1.111,0.0.0.0,0,0,0,0,0,0,0,0,0,0,1526920852616,0.0,1639.261,0,0,0,0,0,0,0,0,0,0.0,0.0,-1
7.699999999999989,0,0,0,0, 192.168.1.111,173.194.184.230,0,0,0,0,0, 192.168.1.111,74.125.155.199,0,0,0,0,0, 192.168.1.111,172.217.12.206,0,0,0,0,0, 192.168.1.111,172.217.12.138,0,0,0,0,0, 192.168.1.111,172.217.12.131,0,0,0,0,0, 192.168.1.111,172.217.7.14,0,0,0,0,0, 192.168.1.111,172.217.12.214,0,0,0,0,0, 192.168.1.111,172.217.13.68,0,0,0,0,0, 192.168.1.111,172.217.12.142,0,0,0,0,0, 192.168.1.111,216.58.219.206,0,0,0,0,0, 192.168.1.111,23.65.191.179,0,0,0,0,0, 192.168.1.111,74.125.155.232,0,0,0,0,0, 192.168.1.111,173.194.7.55,0,0,0,0,0, 192.168.1.111,23.66.1.128,0,0,0,0,0, 192.168.1.111,216.58.219.194,0,0,0,0,0, 192.168.1.111,172.217.12.134,0,0,0,0,0, 192.168.1.111,172.217.135.39,0,0,0,0,0, 192.168.1.111,23.208.103.148,0,0,0,0,0, 192.168.1.111,172.217.11.3,0,0,0,0,0, 192.168.1.111,72.21.91.29,0,0,0,0,0, 192.168.1.111,23.52.155.27,0,0,0,0,0, 192.168.1.111,23.66.3.192,0,0,0,0,0, 192.168.1.111,23.208.92.34,0,0,0,0,0, 192.168.1.111,23.66.2.45,0,0,0,0,0, 192.168.1.111,172.217.12.147,0,0,0,0,0, 192.168.1.111,0.0.0.0,0,0,0,0,0,0,0,0,0,0,1526920852616,0.0,1639.261,0,0,0,0,0,0,0,0,0,0.0,0.0,-1
7.799999999999988,0,0,0,0, 192.168.1.111,173.194.184.230,0,0,0,0,0, 192.168.1.111,74.125.155.199,0,0,0,0,0, 192.168.1.111,172.217.12.206,0,0,0,0,0, 192.168.1.111,172.217.12.138,0,0,0,0,0, 192.168.1.111,172.217.12.131,0,0,0,0,0, 192.168.1.111,172.217.7.14,0,0,0,0,0, 192.168.1.111,172.217.12.214,0,0,0,0,0, 192.168.1.111,172.217.13.68,0,0,0,0,0, 192.168.1.111,172.217.12.142,0,0,0,0,0, 192.168.1.111,216.58.219.206,0,0,0,0,0, 192.168.1.111,23.65.191.179,0,0,0,0,0, 192.168.1.111,74.125.155.232,0,0,0,0,0, 192.168.1.111,173.194.7.55,0,0,0,0,0, 192.168.1.111,23.66.1.128,0,0,0,0,0, 192.168.1.111,216.58.219.194,0,0,0,0,0, 192.168.1.111,172.217.12.134,0,0,0,0,0, 192.168.1.111,172.217.135.39,0,0,0,0,0, 192.168.1.111,23.208.103.148,0,0,0,0,0, 192.168.1.111,172.217.11.3,0,0,0,0,0, 192.168.1.111,72.21.91.29,0,0,0,0,0, 192.168.1.111,23.52.155.27,0,0,0,0,0, 192.168.1.111,23.66.3.192,0,0,0,0,0, 192.168.1.111,23.208.92.34,0,0,0,0,0, 192.168.1.111,23.66.2.45,0,0,0,0,0, 192.168.1.111,172.217.12.147,0,0,0,0,0, 192.168.1.111,0.0.0.0,0,0,0,0,0,0,0,0,0,0,1526920852616,0.0,1639.261,0,0,0,0,0,0,0,0,0,0.0,0.0,-1
7.899999999999988,0,0,0,0, 192.168.1.111,173.194.184.230,0,0,0,0,0, 192.168.1.111,74.125.155.199,0,0,0,0,0, 192.168.1.111,172.217.12.206,0,0,0,0,0, 192.168.1.111,172.217.12.138,0,0,0,0,0, 192.168.1.111,172.217.12.131,0,0,0,0,0, 192.168.1.111,172.217.7.14,0,0,0,0,0, 192.168.1.111,172.217.12.214,0,0,0,0,0, 192.168.1.111,172.217.13.68,0,0,0,0,0, 192.168.1.111,172.217.12.142,0,0,0,0,0, 192.168.1.111,216.58.219.206,0,0,0,0,0, 192.168.1.111,23.65.191.179,0,0,0,0,0, 192.168.1.111,74.125.155.232,0,0,0,0,0, 192.168.1.111,173.194.7.55,0,0,0,0,0, 192.168.1.111,23.66.1.128,0,0,0,0,0, 192.168.1.111,216.58.219.194,0,0,0,0,0, 192.168.1.111,172.217.12.134,0,0,0,0,0, 192.168.1.111,172.217.135.39,0,0,0,0,0, 192.168.1.111,23.208.103.148,0,0,0,0,0, 192.168.1.111,172.217.11.3,0,0,0,0,0, 192.168.1.111,72.21.91.29,0,0,0,0,0, 192.168.1.111,23.52.155.27,0,0,0,0,0, 192.168.1.111,23.66.3.192,0,0,0,0,0, 192.168.1.111,23.208.92.34,0,0,0,0,0, 192.168.1.111,23.66.2.45,0,0,0,0,0, 192.168.1.111,172.217.12.147,0,0,0,0,0, 192.168.1.111,0.0.0.0,0,0,0,0,0,0,0,0,0,0,1526920852616,0.0,1639.261,0,0,0,0,0,0,0,0,0,0.0,0.0,-1
7.999999999999988,1,0,1040,0, 192.168.1.111,173.194.184.230,0,0,0,0,0, 192.168.1.111,74.125.155.199,0,0,0,0,0, 192.168.1.111,172.217.12.206,0,0,0,0,0, 192.168.1.111,172.217.12.138,0,0,0,0,0, 192.168.1.111,172.217.12.131,0,0,0,0,0, 192.168.1.111,172.217.7.14,0,0,0,0,0, 192.168.1.111,172.217.12.214,0,0,0,0,0, 192.168.1.111,172.217.13.68,TCP,1,0,1040,0, 192.168.1.111,172.217.12.142,0,0,0,0,0, 192.168.1.111,216.58.219.206,0,0,0,0,0, 192.168.1.111,23.65.191.179,0,0,0,0,0, 192.168.1.111,74.125.155.232,0,0,0,0,0, 192.168.1.111,173.194.7.55,0,0,0,0,0, 192.168.1.111,23.66.1.128,0,0,0,0,0, 192.168.1.111,216.58.219.194,0,0,0,0,0, 192.168.1.111,172.217.12.134,0,0,0,0,0, 192.168.1.111,172.217.135.39,0,0,0,0,0, 192.168.1.111,23.208.103.148,0,0,0,0,0, 192.168.1.111,172.217.11.3,0,0,0,0,0, 192.168.1.111,72.21.91.29,0,0,0,0,0, 192.168.1.111,23.52.155.27,0,0,0,0,0, 192.168.1.111,23.66.3.192,0,0,0,0,0, 192.168.1.111,23.208.92.34,0,0,0,0,0, 192.168.1.111,23.66.2.45,0,0,0,0,0, 192.168.1.111,172.217.12.147,0,0,0,0,0, 192.168.1.111,0.0.0.0,0,0,0,0,0,0,0,0,0,0,1526920852616,0.0,1639.261,0,0,0,0,0,0,0,0,0,0.0,0.0,-1
8.099999999999987,0,0,0,0, 192.168.1.111,173.194.184.230,0,0,0,0,0, 192.168.1.111,74.125.155.199,0,0,0,0,0, 192.168.1.111,172.217.12.206,0,0,0,0,0, 192.168.1.111,172.217.12.138,0,0,0,0,0, 192.168.1.111,172.217.12.131,0,0,0,0,0, 192.168.1.111,172.217.7.14,0,0,0,0,0, 192.168.1.111,172.217.12.214,0,0,0,0,0, 192.168.1.111,172.217.13.68,0,0,0,0,0, 192.168.1.111,172.217.12.142,0,0,0,0,0, 192.168.1.111,216.58.219.206,0,0,0,0,0, 192.168.1.111,23.65.191.179,0,0,0,0,0, 192.168.1.111,74.125.155.232,0,0,0,0,0, 192.168.1.111,173.194.7.55,0,0,0,0,0, 192.168.1.111,23.66.1.128,0,0,0,0,0, 192.168.1.111,216.58.219.194,0,0,0,0,0, 192.168.1.111,172.217.12.134,0,0,0,0,0, 192.168.1.111,172.217.135.39,0,0,0,0,0, 192.168.1.111,23.208.103.148,0,0,0,0,0, 192.168.1.111,172.217.11.3,0,0,0,0,0, 192.168.1.111,72.21.91.29,0,0,0,0,0, 192.168.1.111,23.52.155.27,0,0,0,0,0, 192.168.1.111,23.66.3.192,0,0,0,0,0, 192.168.1.111,23.208.92.34,0,0,0,0,0, 192.168.1.111,23.66.2.45,0,0,0,0,0, 192.168.1.111,172.217.12.147,0,0,0,0,0, 192.168.1.111,0.0.0.0,0,0,0,0,0,0,0,0,0,0,1526920852616,0.0,1639.261,0,0,0,0,0,0,0,0,0,0.0,0.0,-1
8.199999999999987,0,0,0,0, 192.168.1.111,173.194.184.230,0,0,0,0,0, 192.168.1.111,74.125.155.199,0,0,0,0,0, 192.168.1.111,172.217.12.206,0,0,0,0,0, 192.168.1.111,172.217.12.138,0,0,0,0,0, 192.168.1.111,172.217.12.131,0,0,0,0,0, 192.168.1.111,172.217.7.14,0,0,0,0,0, 192.168.1.111,172.217.12.214,0,0,0,0,0, 192.168.1.111,172.217.13.68,0,0,0,0,0, 192.168.1.111,172.217.12.142,0,0,0,0,0, 192.168.1.111,216.58.219.206,0,0,0,0,0, 192.168.1.111,23.65.191.179,0,0,0,0,0, 192.168.1.111,74.125.155.232,0,0,0,0,0, 192.168.1.111,173.194.7.55,0,0,0,0,0, 192.168.1.111,23.66.1.128,0,0,0,0,0, 192.168.1.111,216.58.219.194,0,0,0,0,0, 192.168.1.111,172.217.12.134,0,0,0,0,0, 192.168.1.111,172.217.135.39,0,0,0,0,0, 192.168.1.111,23.208.103.148,0,0,0,0,0, 192.168.1.111,172.217.11.3,0,0,0,0,0, 192.168.1.111,72.21.91.29,0,0,0,0,0, 192.168.1.111,23.52.155.27,0,0,0,0,0, 192.168.1.111,23.66.3.192,0,0,0,0,0, 192.168.1.111,23.208.92.34,0,0,0,0,0, 192.168.1.111,23.66.2.45,0,0,0,0,0, 192.168.1.111,172.217.12.147,0,0,0,0,0, 192.168.1.111,0.0.0.0,0,0,0,0,0,0,0,0,0,0,1526920852616,0.0,1639.261,0,0,0,0,0,0,0,0,0,0.0,0.0,-1
8.299999999999986,1,1,82,102, 192.168.1.111,173.194.184.230,0,0,0,0,0, 192.168.1.111,74.125.155.199,0,0,0,0,0, 192.168.1.111,172.217.12.206,0,0,0,0,0, 192.168.1.111,172.217.12.138,0,0,0,0,0, 192.168.1.111,172.217.12.131,0,0,0,0,0, 192.168.1.111,172.217.7.14,0,0,0,0,0, 192.168.1.111,172.217.12.214,0,0,0,0,0, 192.168.1.111,172.217.13.68,0,0,0,0,0, 192.168.1.111,172.217.12.142,0,0,0,0,0, 192.168.1.111,216.58.219.206,0,0,0,0,0, 192.168.1.111,23.65.191.179,0,0,0,0,0, 192.168.1.111,74.125.155.232,0,0,0,0,0, 192.168.1.111,173.194.7.55,0,0,0,0,0, 192.168.1.111,23.66.1.128,0,0,0,0,0, 192.168.1.111,216.58.219.194,0,0,0,0,0, 192.168.1.111,172.217.12.134,0,0,0,0,0, 192.168.1.111,172.217.135.39,0,0,0,0,0, 192.168.1.111,23.208.103.148,0,0,0,0,0, 192.168.1.111,172.217.11.3,0,0,0,0,0, 192.168.1.111,72.21.91.29,0,0,0,0,0, 192.168.1.111,23.52.155.27,0,0,0,0,0, 192.168.1.111,23.66.3.192,0,0,0,0,0, 192.168.1.111,23.208.92.34,0,0,0,0,0, 192.168.1.111,23.66.2.45,0,0,0,0,0, 192.168.1.111,172.217.12.147,0,0,0,0,0, 192.168.1.111,0.0.0.0,0,1,0,82,0,0,0,0,0,0,1526920852616,0.0,1639.261,0,0,0,0,0,0,0,0,0,0.0,0.0,-1
8.399999999999986,2,0,156,0, 192.168.1.111,173.194.184.230,0,0,0,0,0, 192.168.1.111,74.125.155.199,0,0,0,0,0, 192.168.1.111,172.217.12.206,0,0,0,0,0, 192.168.1.111,172.217.12.138,0,0,0,0,0, 192.168.1.111,172.217.12.131,TCP,2,0,156,0, 192.168.1.111,172.217.7.14,0,0,0,0,0, 192.168.1.111,172.217.12.214,0,0,0,0,0, 192.168.1.111,172.217.13.68,0,0,0,0,0, 192.168.1.111,172.217.12.142,0,0,0,0,0, 192.168.1.111,216.58.219.206,0,0,0,0,0, 192.168.1.111,23.65.191.179,0,0,0,0,0, 192.168.1.111,74.125.155.232,0,0,0,0,0, 192.168.1.111,173.194.7.55,0,0,0,0,0, 192.168.1.111,23.66.1.128,0,0,0,0,0, 192.168.1.111,216.58.219.194,0,0,0,0,0, 192.168.1.111,172.217.12.134,0,0,0,0,0, 192.168.1.111,172.217.135.39,0,0,0,0,0, 192.168.1.111,23.208.103.148,0,0,0,0,0, 192.168.1.111,172.217.11.3,0,0,0,0,0, 192.168.1.111,72.21.91.29,0,0,0,0,0, 192.168.1.111,23.52.155.27,0,0,0,0,0, 192.168.1.111,23.66.3.192,0,0,0,0,0, 192.168.1.111,23.208.92.34,0,0,0,0,0, 192.168.1.111,23.66.2.45,0,0,0,0,0, 192.168.1.111,172.217.12.147,0,0,0,0,0, 192.168.1.111,0.0.0.0,0,0,0,0,0,0,0,0,0,0,1526920852616,0.0,1639.261,0,0,0,0,0,0,0,0,0,0.0,0.0,-1
8.499999999999986,0,0,0,0, 192.168.1.111,173.194.184.230,0,0,0,0,0, 192.168.1.111,74.125.155.199,0,0,0,0,0, 192.168.1.111,172.217.12.206,0,0,0,0,0, 192.168.1.111,172.217.12.138,0,0,0,0,0, 192.168.1.111,172.217.12.131,0,0,0,0,0, 192.168.1.111,172.217.7.14,0,0,0,0,0, 192.168.1.111,172.217.12.214,0,0,0,0,0, 192.168.1.111,172.217.13.68,0,0,0,0,0, 192.168.1.111,172.217.12.142,0,0,0,0,0, 192.168.1.111,216.58.219.206,0,0,0,0,0, 192.168.1.111,23.65.191.179,0,0,0,0,0, 192.168.1.111,74.125.155.232,0,0,0,0,0, 192.168.1.111,173.194.7.55,0,0,0,0,0, 192.168.1.111,23.66.1.128,0,0,0,0,0, 192.168.1.111,216.58.219.194,0,0,0,0,0, 192.168.1.111,172.217.12.134,0,0,0,0,0, 192.168.1.111,172.217.135.39,0,0,0,0,0, 192.168.1.111,23.208.103.148,0,0,0,0,0, 192.168.1.111,172.217.11.3,0,0,0,0,0, 192.168.1.111,72.21.91.29,0,0,0,0,0, 192.168.1.111,23.52.155.27,0,0,0,0,0, 192.168.1.111,23.66.3.192,0,0,0,0,0, 192.168.1.111,23.208.92.34,0,0,0,0,0, 192.168.1.111,23.66.2.45,0,0,0,0,0, 192.168.1.111,172.217.12.147,0,0,0,0,0, 192.168.1.111,0.0.0.0,0,0,0,0,0,0,0,0,0,0,1526920852616,0.0,1639.261,0,0,0,0,0,0,0,0,0,0.0,0.0,-1
8.599999999999985,1,0,78,0, 192.168.1.111,173.194.184.230,0,0,0,0,0, 192.168.1.111,74.125.155.199,0,0,0,0,0, 192.168.1.111,172.217.12.206,0,0,0,0,0, 192.168.1.111,172.217.12.138,0,0,0,0,0, 192.168.1.111,172.217.12.131,TCP,1,0,78,0, 192.168.1.111,172.217.7.14,0,0,0,0,0, 192.168.1.111,172.217.12.214,0,0,0,0,0, 192.168.1.111,172.217.13.68,0,0,0,0,0, 192.168.1.111,172.217.12.142,0,0,0,0,0, 192.168.1.111,216.58.219.206,0,0,0,0,0, 192.168.1.111,23.65.191.179,0,0,0,0,0, 192.168.1.111,74.125.155.232,0,0,0,0,0, 192.168.1.111,173.194.7.55,0,0,0,0,0, 192.168.1.111,23.66.1.128,0,0,0,0,0, 192.168.1.111,216.58.219.194,0,0,0,0,0, 192.168.1.111,172.217.12.134,0,0,0,0,0, 192.168.1.111,172.217.135.39,0,0,0,0,0, 192.168.1.111,23.208.103.148,0,0,0,0,0, 192.168.1.111,172.217.11.3,0,0,0,0,0, 192.168.1.111,72.21.91.29,0,0,0,0,0, 192.168.1.111,23.52.155.27,0,0,0,0,0, 192.168.1.111,23.66.3.192,0,0,0,0,0, 192.168.1.111,23.208.92.34,0,0,0,0,0, 192.168.1.111,23.66.2.45,0,0,0,0,0, 192.168.1.111,172.217.12.147,0,0,0,0,0, 192.168.1.111,0.0.0.0,0,0,0,0,0,0,0,0,0,0,1526920852616,0.0,1639.261,0,0,0,0,0,0,0,0,0,0.0,0.0,-1
8.699999999999985,1,0,102,0, 192.168.1.111,173.194.184.230,0,0,0,0,0, 192.168.1.111,74.125.155.199,0,0,0,0,0, 192.168.1.111,172.217.12.206,0,0,0,0,0, 192.168.1.111,172.217.12.138,0,0,0,0,0, 192.168.1.111,172.217.12.131,0,0,0,0,0, 192.168.1.111,172.217.7.14,0,0,0,0,0, 192.168.1.111,172.217.12.214,0,0,0,0,0, 192.168.1.111,172.217.13.68,QUIC,1,0,102,0, 192.168.1.111,172.217.12.142,0,0,0,0,0, 192.168.1.111,216.58.219.206,0,0,0,0,0, 192.168.1.111,23.65.191.179,0,0,0,0,0, 192.168.1.111,74.125.155.232,0,0,0,0,0, 192.168.1.111,173.194.7.55,0,0,0,0,0, 192.168.1.111,23.66.1.128,0,0,0,0,0, 192.168.1.111,216.58.219.194,0,0,0,0,0, 192.168.1.111,172.217.12.134,0,0,0,0,0, 192.168.1.111,172.217.135.39,0,0,0,0,0, 192.168.1.111,23.208.103.148,0,0,0,0,0, 192.168.1.111,172.217.11.3,0,0,0,0,0, 192.168.1.111,72.21.91.29,0,0,0,0,0, 192.168.1.111,23.52.155.27,0,0,0,0,0, 192.168.1.111,23.66.3.192,0,0,0,0,0, 192.168.1.111,23.208.92.34,0,0,0,0,0, 192.168.1.111,23.66.2.45,0,0,0,0,0, 192.168.1.111,172.217.12.147,0,0,0,0,0, 192.168.1.111,0.0.0.0,0,0,0,0,0,0,0,0,0,0,1526920852616,0.0,1639.261,0,0,0,0,0,0,0,0,0,0.0,0.0,-1
8.799999999999985,3,0,258,0, 192.168.1.111,173.194.184.230,0,0,0,0,0, 192.168.1.111,74.125.155.199,0,0,0,0,0, 192.168.1.111,172.217.12.206,0,0,0,0,0, 192.168.1.111,172.217.12.138,0,0,0,0,0, 192.168.1.111,172.217.12.131,0,0,0,0,0, 192.168.1.111,172.217.7.14,0,0,0,0,0, 192.168.1.111,172.217.12.214,0,0,0,0,0, 192.168.1.111,172.217.13.68,0,0,0,0,0, 192.168.1.111,172.217.12.142,0,0,0,0,0, 192.168.1.111,216.58.219.206,0,0,0,0,0, 192.168.1.111,23.65.191.179,0,0,0,0,0, 192.168.1.111,74.125.155.232,0,0,0,0,0, 192.168.1.111,173.194.7.55,0,0,0,0,0, 192.168.1.111,23.66.1.128,0,0,0,0,0, 192.168.1.111,216.58.219.194,0,0,0,0,0, 192.168.1.111,172.217.12.134,0,0,0,0,0, 192.168.1.111,172.217.135.39,0,0,0,0,0, 192.168.1.111,23.208.103.148,0,0,0,0,0, 192.168.1.111,172.217.11.3,0,0,0,0,0, 192.168.1.111,72.21.91.29,0,0,0,0,0, 192.168.1.111,23.52.155.27,0,0,0,0,0, 192.168.1.111,23.66.3.192,0,0,0,0,0, 192.168.1.111,23.208.92.34,0,0,0,0,0, 192.168.1.111,23.66.2.45,0,0,0,0,0, 192.168.1.111,172.217.12.147,0,0,0,0,0, 192.168.1.111,0.0.0.0,0,3,0,258,0,0,0,0,0,0,1526920852616,0.0,1639.261,0,0,0,0,0,0,0,0,0,0.0,0.0,-1
8.899999999999984,0,0,0,0, 192.168.1.111,173.194.184.230,0,0,0,0,0, 192.168.1.111,74.125.155.199,0,0,0,0,0, 192.168.1.111,172.217.12.206,0,0,0,0,0, 192.168.1.111,172.217.12.138,0,0,0,0,0, 192.168.1.111,172.217.12.131,0,0,0,0,0, 192.168.1.111,172.217.7.14,0,0,0,0,0, 192.168.1.111,172.217.12.214,0,0,0,0,0, 192.168.1.111,172.217.13.68,0,0,0,0,0, 192.168.1.111,172.217.12.142,0,0,0,0,0, 192.168.1.111,216.58.219.206,0,0,0,0,0, 192.168.1.111,23.65.191.179,0,0,0,0,0, 192.168.1.111,74.125.155.232,0,0,0,0,0, 192.168.1.111,173.194.7.55,0,0,0,0,0, 192.168.1.111,23.66.1.128,0,0,0,0,0, 192.168.1.111,216.58.219.194,0,0,0,0,0, 192.168.1.111,172.217.12.134,0,0,0,0,0, 192.168.1.111,172.217.135.39,0,0,0,0,0, 192.168.1.111,23.208.103.148,0,0,0,0,0, 192.168.1.111,172.217.11.3,0,0,0,0,0, 192.168.1.111,72.21.91.29,0,0,0,0,0, 192.168.1.111,23.52.155.27,0,0,0,0,0, 192.168.1.111,23.66.3.192,0,0,0,0,0, 192.168.1.111,23.208.92.34,0,0,0,0,0, 192.168.1.111,23.66.2.45,0,0,0,0,0, 192.168.1.111,172.217.12.147,0,0,0,0,0, 192.168.1.111,0.0.0.0,0,0,0,0,0,0,0,0,0,0,1526920852616,0.0,1639.261,0,0,0,0,0,0,0,0,0,0.0,0.0,-1
8.999999999999984,0,0,0,0, 192.168.1.111,173.194.184.230,0,0,0,0,0, 192.168.1.111,74.125.155.199,0,0,0,0,0, 192.168.1.111,172.217.12.206,0,0,0,0,0, 192.168.1.111,172.217.12.138,0,0,0,0,0, 192.168.1.111,172.217.12.131,0,0,0,0,0, 192.168.1.111,172.217.7.14,0,0,0,0,0, 192.168.1.111,172.217.12.214,0,0,0,0,0, 192.168.1.111,172.217.13.68,0,0,0,0,0, 192.168.1.111,172.217.12.142,0,0,0,0,0, 192.168.1.111,216.58.219.206,0,0,0,0,0, 192.168.1.111,23.65.191.179,0,0,0,0,0, 192.168.1.111,74.125.155.232,0,0,0,0,0, 192.168.1.111,173.194.7.55,0,0,0,0,0, 192.168.1.111,23.66.1.128,0,0,0,0,0, 192.168.1.111,216.58.219.194,0,0,0,0,0, 192.168.1.111,172.217.12.134,0,0,0,0,0, 192.168.1.111,172.217.135.39,0,0,0,0,0, 192.168.1.111,23.208.103.148,0,0,0,0,0, 192.168.1.111,172.217.11.3,0,0,0,0,0, 192.168.1.111,72.21.91.29,0,0,0,0,0, 192.168.1.111,23.52.155.27,0,0,0,0,0, 192.168.1.111,23.66.3.192,0,0,0,0,0, 192.168.1.111,23.208.92.34,0,0,0,0,0, 192.168.1.111,23.66.2.45,0,0,0,0,0, 192.168.1.111,172.217.12.147,0,0,0,0,0, 192.168.1.111,0.0.0.0,0,0,0,0,0,0,0,0,0,0,1526920852616,0.0,1639.261,0,0,0,0,0,0,0,0,0,0.0,0.0,-1
9.099999999999984,0,0,0,0, 192.168.1.111,173.194.184.230,0,0,0,0,0, 192.168.1.111,74.125.155.199,0,0,0,0,0, 192.168.1.111,172.217.12.206,0,0,0,0,0, 192.168.1.111,172.217.12.138,0,0,0,0,0, 192.168.1.111,172.217.12.131,0,0,0,0,0, 192.168.1.111,172.217.7.14,0,0,0,0,0, 192.168.1.111,172.217.12.214,0,0,0,0,0, 192.168.1.111,172.217.13.68,0,0,0,0,0, 192.168.1.111,172.217.12.142,0,0,0,0,0, 192.168.1.111,216.58.219.206,0,0,0,0,0, 192.168.1.111,23.65.191.179,0,0,0,0,0, 192.168.1.111,74.125.155.232,0,0,0,0,0, 192.168.1.111,173.194.7.55,0,0,0,0,0, 192.168.1.111,23.66.1.128,0,0,0,0,0, 192.168.1.111,216.58.219.194,0,0,0,0,0, 192.168.1.111,172.217.12.134,0,0,0,0,0, 192.168.1.111,172.217.135.39,0,0,0,0,0, 192.168.1.111,23.208.103.148,0,0,0,0,0, 192.168.1.111,172.217.11.3,0,0,0,0,0, 192.168.1.111,72.21.91.29,0,0,0,0,0, 192.168.1.111,23.52.155.27,0,0,0,0,0, 192.168.1.111,23.66.3.192,0,0,0,0,0, 192.168.1.111,23.208.92.34,0,0,0,0,0, 192.168.1.111,23.66.2.45,0,0,0,0,0, 192.168.1.111,172.217.12.147,0,0,0,0,0, 192.168.1.111,0.0.0.0,0,0,0,0,0,0,0,0,0,0,1526920852616,0.0,1639.261,0,0,0,0,0,0,0,0,0,0.0,0.0,-1
9.199999999999983,0,0,0,0, 192.168.1.111,173.194.184.230,0,0,0,0,0, 192.168.1.111,74.125.155.199,0,0,0,0,0, 192.168.1.111,172.217.12.206,0,0,0,0,0, 192.168.1.111,172.217.12.138,0,0,0,0,0, 192.168.1.111,172.217.12.131,0,0,0,0,0, 192.168.1.111,172.217.7.14,0,0,0,0,0, 192.168.1.111,172.217.12.214,0,0,0,0,0, 192.168.1.111,172.217.13.68,0,0,0,0,0, 192.168.1.111,172.217.12.142,0,0,0,0,0, 192.168.1.111,216.58.219.206,0,0,0,0,0, 192.168.1.111,23.65.191.179,0,0,0,0,0, 192.168.1.111,74.125.155.232,0,0,0,0,0, 192.168.1.111,173.194.7.55,0,0,0,0,0, 192.168.1.111,23.66.1.128,0,0,0,0,0, 192.168.1.111,216.58.219.194,0,0,0,0,0, 192.168.1.111,172.217.12.134,0,0,0,0,0, 192.168.1.111,172.217.135.39,0,0,0,0,0, 192.168.1.111,23.208.103.148,0,0,0,0,0, 192.168.1.111,172.217.11.3,0,0,0,0,0, 192.168.1.111,72.21.91.29,0,0,0,0,0, 192.168.1.111,23.52.155.27,0,0,0,0,0, 192.168.1.111,23.66.3.192,0,0,0,0,0, 192.168.1.111,23.208.92.34,0,0,0,0,0, 192.168.1.111,23.66.2.45,0,0,0,0,0, 192.168.1.111,172.217.12.147,0,0,0,0,0, 192.168.1.111,0.0.0.0,0,0,0,0,0,0,0,0,0,0,1526920852616,0.0,1639.261,0,0,0,0,0,0,0,0,0,0.0,0.0,-1
9.299999999999985,0,0,0,0, 192.168.1.111,173.194.184.230,0,0,0,0,0, 192.168.1.111,74.125.155.199,0,0,0,0,0, 192.168.1.111,172.217.12.206,0,0,0,0,0, 192.168.1.111,172.217.12.138,0,0,0,0,0, 192.168.1.111,172.217.12.131,0,0,0,0,0, 192.168.1.111,172.217.7.14,0,0,0,0,0, 192.168.1.111,172.217.12.214,0,0,0,0,0, 192.168.1.111,172.217.13.68,0,0,0,0,0, 192.168.1.111,172.217.12.142,0,0,0,0,0, 192.168.1.111,216.58.219.206,0,0,0,0,0, 192.168.1.111,23.65.191.179,0,0,0,0,0, 192.168.1.111,74.125.155.232,0,0,0,0,0, 192.168.1.111,173.194.7.55,0,0,0,0,0, 192.168.1.111,23.66.1.128,0,0,0,0,0, 192.168.1.111,216.58.219.194,0,0,0,0,0, 192.168.1.111,172.217.12.134,0,0,0,0,0, 192.168.1.111,172.217.135.39,0,0,0,0,0, 192.168.1.111,23.208.103.148,0,0,0,0,0, 192.168.1.111,172.217.11.3,0,0,0,0,0, 192.168.1.111,72.21.91.29,0,0,0,0,0, 192.168.1.111,23.52.155.27,0,0,0,0,0, 192.168.1.111,23.66.3.192,0,0,0,0,0, 192.168.1.111,23.208.92.34,0,0,0,0,0, 192.168.1.111,23.66.2.45,0,0,0,0,0, 192.168.1.111,172.217.12.147,0,0,0,0,0, 192.168.1.111,0.0.0.0,0,0,0,0,0,0,0,0,0,0,1526920852616,0.0,1639.261,0,0,0,0,0,0,0,0,0,0.0,0.0,-1
9.399999999999984,2,0,156,0, 192.168.1.111,173.194.184.230,0,0,0,0,0, 192.168.1.111,74.125.155.199,0,0,0,0,0, 192.168.1.111,172.217.12.206,0,0,0,0,0, 192.168.1.111,172.217.12.138,0,0,0,0,0, 192.168.1.111,172.217.12.131,TCP,2,0,156,0, 192.168.1.111,172.217.7.14,0,0,0,0,0, 192.168.1.111,172.217.12.214,0,0,0,0,0, 192.168.1.111,172.217.13.68,0,0,0,0,0, 192.168.1.111,172.217.12.142,0,0,0,0,0, 192.168.1.111,216.58.219.206,0,0,0,0,0, 192.168.1.111,23.65.191.179,0,0,0,0,0, 192.168.1.111,74.125.155.232,0,0,0,0,0, 192.168.1.111,173.194.7.55,0,0,0,0,0, 192.168.1.111,23.66.1.128,0,0,0,0,0, 192.168.1.111,216.58.219.194,0,0,0,0,0, 192.168.1.111,172.217.12.134,0,0,0,0,0, 192.168.1.111,172.217.135.39,0,0,0,0,0, 192.168.1.111,23.208.103.148,0,0,0,0,0, 192.168.1.111,172.217.11.3,0,0,0,0,0, 192.168.1.111,72.21.91.29,0,0,0,0,0, 192.168.1.111,23.52.155.27,0,0,0,0,0, 192.168.1.111,23.66.3.192,0,0,0,0,0, 192.168.1.111,23.208.92.34,0,0,0,0,0, 192.168.1.111,23.66.2.45,0,0,0,0,0, 192.168.1.111,172.217.12.147,0,0,0,0,0, 192.168.1.111,0.0.0.0,0,0,0,0,0,0,0,0,0,0,1526920852616,0.0,1639.261,0,0,0,0,0,0,0,0,0,0.0,0.0,-1
9.499999999999982,0,0,0,0, 192.168.1.111,173.194.184.230,0,0,0,0,0, 192.168.1.111,74.125.155.199,0,0,0,0,0, 192.168.1.111,172.217.12.206,0,0,0,0,0, 192.168.1.111,172.217.12.138,0,0,0,0,0, 192.168.1.111,172.217.12.131,0,0,0,0,0, 192.168.1.111,172.217.7.14,0,0,0,0,0, 192.168.1.111,172.217.12.214,0,0,0,0,0, 192.168.1.111,172.217.13.68,0,0,0,0,0, 192.168.1.111,172.217.12.142,0,0,0,0,0, 192.168.1.111,216.58.219.206,0,0,0,0,0, 192.168.1.111,23.65.191.179,0,0,0,0,0, 192.168.1.111,74.125.155.232,0,0,0,0,0, 192.168.1.111,173.194.7.55,0,0,0,0,0, 192.168.1.111,23.66.1.128,0,0,0,0,0, 192.168.1.111,216.58.219.194,0,0,0,0,0, 192.168.1.111,172.217.12.134,0,0,0,0,0, 192.168.1.111,172.217.135.39,0,0,0,0,0, 192.168.1.111,23.208.103.148,0,0,0,0,0, 192.168.1.111,172.217.11.3,0,0,0,0,0, 192.168.1.111,72.21.91.29,0,0,0,0,0, 192.168.1.111,23.52.155.27,0,0,0,0,0, 192.168.1.111,23.66.3.192,0,0,0,0,0, 192.168.1.111,23.208.92.34,0,0,0,0,0, 192.168.1.111,23.66.2.45,0,0,0,0,0, 192.168.1.111,172.217.12.147,0,0,0,0,0, 192.168.1.111,0.0.0.0,0,0,0,0,0,0,0,0,0,0,1526920852616,0.0,1639.261,0,0,0,0,0,0,0,0,0,0.0,0.0,-1
9.599999999999982,2,0,157,0, 192.168.1.111,173.194.184.230,0,0,0,0,0, 192.168.1.111,74.125.155.199,0,0,0,0,0, 192.168.1.111,172.217.12.206,0,0,0,0,0, 192.168.1.111,172.217.12.138,0,0,0,0,0, 192.168.1.111,172.217.12.131,TCP,1,0,78,0, 192.168.1.111,172.217.7.14,0,0,0,0,0, 192.168.1.111,172.217.12.214,0,0,0,0,0, 192.168.1.111,172.217.13.68,0,0,0,0,0, 192.168.1.111,172.217.12.142,0,0,0,0,0, 192.168.1.111,216.58.219.206,0,0,0,0,0, 192.168.1.111,23.65.191.179,0,0,0,0,0, 192.168.1.111,74.125.155.232,0,0,0,0,0, 192.168.1.111,173.194.7.55,0,0,0,0,0, 192.168.1.111,23.66.1.128,0,0,0,0,0, 192.168.1.111,216.58.219.194,0,0,0,0,0, 192.168.1.111,172.217.12.134,0,0,0,0,0, 192.168.1.111,172.217.135.39,0,0,0,0,0, 192.168.1.111,23.208.103.148,0,0,0,0,0, 192.168.1.111,172.217.11.3,0,0,0,0,0, 192.168.1.111,72.21.91.29,0,0,0,0,0, 192.168.1.111,23.52.155.27,0,0,0,0,0, 192.168.1.111,23.66.3.192,0,0,0,0,0, 192.168.1.111,23.208.92.34,0,0,0,0,0, 192.168.1.111,23.66.2.45,0,0,0,0,0, 192.168.1.111,172.217.12.147,0,0,0,0,0, 192.168.1.111,0.0.0.0,0,1,0,79,0,0,0,0,0,0,1526920852616,0.0,1639.261,0,0,0,0,0,0,0,0,0,0.0,0.0,-1
9.699999999999982,0,0,0,0, 192.168.1.111,173.194.184.230,0,0,0,0,0, 192.168.1.111,74.125.155.199,0,0,0,0,0, 192.168.1.111,172.217.12.206,0,0,0,0,0, 192.168.1.111,172.217.12.138,0,0,0,0,0, 192.168.1.111,172.217.12.131,0,0,0,0,0, 192.168.1.111,172.217.7.14,0,0,0,0,0, 192.168.1.111,172.217.12.214,0,0,0,0,0, 192.168.1.111,172.217.13.68,0,0,0,0,0, 192.168.1.111,172.217.12.142,0,0,0,0,0, 192.168.1.111,216.58.219.206,0,0,0,0,0, 192.168.1.111,23.65.191.179,0,0,0,0,0, 192.168.1.111,74.125.155.232,0,0,0,0,0, 192.168.1.111,173.194.7.55,0,0,0,0,0, 192.168.1.111,23.66.1.128,0,0,0,0,0, 192.168.1.111,216.58.219.194,0,0,0,0,0, 192.168.1.111,172.217.12.134,0,0,0,0,0, 192.168.1.111,172.217.135.39,0,0,0,0,0, 192.168.1.111,23.208.103.148,0,0,0,0,0, 192.168.1.111,172.217.11.3,0,0,0,0,0, 192.168.1.111,72.21.91.29,0,0,0,0,0, 192.168.1.111,23.52.155.27,0,0,0,0,0, 192.168.1.111,23.66.3.192,0,0,0,0,0, 192.168.1.111,23.208.92.34,0,0,0,0,0, 192.168.1.111,23.66.2.45,0,0,0,0,0, 192.168.1.111,172.217.12.147,0,0,0,0,0, 192.168.1.111,0.0.0.0,0,0,0,0,0,0,0,0,0,0,1526920852616,0.0,1639.261,0,0,0,0,0,0,0,0,0,0.0,0.0,-1
9.79999999999998,0,0,0,0, 192.168.1.111,173.194.184.230,0,0,0,0,0, 192.168.1.111,74.125.155.199,0,0,0,0,0, 192.168.1.111,172.217.12.206,0,0,0,0,0, 192.168.1.111,172.217.12.138,0,0,0,0,0, 192.168.1.111,172.217.12.131,0,0,0,0,0, 192.168.1.111,172.217.7.14,0,0,0,0,0, 192.168.1.111,172.217.12.214,0,0,0,0,0, 192.168.1.111,172.217.13.68,0,0,0,0,0, 192.168.1.111,172.217.12.142,0,0,0,0,0, 192.168.1.111,216.58.219.206,0,0,0,0,0, 192.168.1.111,23.65.191.179,0,0,0,0,0, 192.168.1.111,74.125.155.232,0,0,0,0,0, 192.168.1.111,173.194.7.55,0,0,0,0,0, 192.168.1.111,23.66.1.128,0,0,0,0,0, 192.168.1.111,216.58.219.194,0,0,0,0,0, 192.168.1.111,172.217.12.134,0,0,0,0,0, 192.168.1.111,172.217.135.39,0,0,0,0,0, 192.168.1.111,23.208.103.148,0,0,0,0,0, 192.168.1.111,172.217.11.3,0,0,0,0,0, 192.168.1.111,72.21.91.29,0,0,0,0,0, 192.168.1.111,23.52.155.27,0,0,0,0,0, 192.168.1.111,23.66.3.192,0,0,0,0,0, 192.168.1.111,23.208.92.34,0,0,0,0,0, 192.168.1.111,23.66.2.45,0,0,0,0,0, 192.168.1.111,172.217.12.147,0,0,0,0,0, 192.168.1.111,0.0.0.0,0,0,0,0,0,0,0,0,0,0,1526920852616,0.0,1639.261,0,0,0,0,0,0,0,0,0,0.0,0.0,-1
9.89999999999998,0,0,0,0, 192.168.1.111,173.194.184.230,0,0,0,0,0, 192.168.1.111,74.125.155.199,0,0,0,0,0, 192.168.1.111,172.217.12.206,0,0,0,0,0, 192.168.1.111,172.217.12.138,0,0,0,0,0, 192.168.1.111,172.217.12.131,0,0,0,0,0, 192.168.1.111,172.217.7.14,0,0,0,0,0, 192.168.1.111,172.217.12.214,0,0,0,0,0, 192.168.1.111,172.217.13.68,0,0,0,0,0, 192.168.1.111,172.217.12.142,0,0,0,0,0, 192.168.1.111,216.58.219.206,0,0,0,0,0, 192.168.1.111,23.65.191.179,0,0,0,0,0, 192.168.1.111,74.125.155.232,0,0,0,0,0, 192.168.1.111,173.194.7.55,0,0,0,0,0, 192.168.1.111,23.66.1.128,0,0,0,0,0, 192.168.1.111,216.58.219.194,0,0,0,0,0, 192.168.1.111,172.217.12.134,0,0,0,0,0, 192.168.1.111,172.217.135.39,0,0,0,0,0, 192.168.1.111,23.208.103.148,0,0,0,0,0, 192.168.1.111,172.217.11.3,0,0,0,0,0, 192.168.1.111,72.21.91.29,0,0,0,0,0, 192.168.1.111,23.52.155.27,0,0,0,0,0, 192.168.1.111,23.66.3.192,0,0,0,0,0, 192.168.1.111,23.208.92.34,0,0,0,0,0, 192.168.1.111,23.66.2.45,0,0,0,0,0, 192.168.1.111,172.217.12.147,0,0,0,0,0, 192.168.1.111,0.0.0.0,0,0,0,0,0,0,0,0,0,0,1526920852616,0.0,1639.261,0,0,0,0,0,0,0,0,0,0.0,0.0,-1
9.99999999999998,0,0,0,0, 192.168.1.111,173.194.184.230,0,0,0,0,0, 192.168.1.111,74.125.155.199,0,0,0,0,0, 192.168.1.111,172.217.12.206,0,0,0,0,0, 192.168.1.111,172.217.12.138,0,0,0,0,0, 192.168.1.111,172.217.12.131,0,0,0,0,0, 192.168.1.111,172.217.7.14,0,0,0,0,0, 192.168.1.111,172.217.12.214,0,0,0,0,0, 192.168.1.111,172.217.13.68,0,0,0,0,0, 192.168.1.111,172.217.12.142,0,0,0,0,0, 192.168.1.111,216.58.219.206,0,0,0,0,0, 192.168.1.111,23.65.191.179,0,0,0,0,0, 192.168.1.111,74.125.155.232,0,0,0,0,0, 192.168.1.111,173.194.7.55,0,0,0,0,0, 192.168.1.111,23.66.1.128,0,0,0,0,0, 192.168.1.111,216.58.219.194,0,0,0,0,0, 192.168.1.111,172.217.12.134,0,0,0,0,0, 192.168.1.111,172.217.135.39,0,0,0,0,0, 192.168.1.111,23.208.103.148,0,0,0,0,0, 192.168.1.111,172.217.11.3,0,0,0,0,0, 192.168.1.111,72.21.91.29,0,0,0,0,0, 192.168.1.111,23.52.155.27,0,0,0,0,0, 192.168.1.111,23.66.3.192,0,0,0,0,0, 192.168.1.111,23.208.92.34,0,0,0,0,0, 192.168.1.111,23.66.2.45,0,0,0,0,0, 192.168.1.111,172.217.12.147,0,0,0,0,0, 192.168.1.111,0.0.0.0,0,0,0,0,0,0,0,0,0,0,1526920852616,0.0,1639.261,0,0,0,0,0,0,0,0,0,0.0,0.0,-1
10.09999999999998,2,0,1132,0, 192.168.1.111,173.194.184.230,0,0,0,0,0, 192.168.1.111,74.125.155.199,0,0,0,0,0, 192.168.1.111,172.217.12.206,0,0,0,0,0, 192.168.1.111,172.217.12.138,0,0,0,0,0, 192.168.1.111,172.217.12.131,0,0,0,0,0, 192.168.1.111,172.217.7.14,0,0,0,0,0, 192.168.1.111,172.217.12.214,0,0,0,0,0, 192.168.1.111,172.217.13.68,TCP,1,0,1040,0, 192.168.1.111,172.217.12.142,0,0,0,0,0, 192.168.1.111,216.58.219.206,0,0,0,0,0, 192.168.1.111,23.65.191.179,0,0,0,0,0, 192.168.1.111,74.125.155.232,0,0,0,0,0, 192.168.1.111,173.194.7.55,0,0,0,0,0, 192.168.1.111,23.66.1.128,0,0,0,0,0, 192.168.1.111,216.58.219.194,0,0,0,0,0, 192.168.1.111,172.217.12.134,0,0,0,0,0, 192.168.1.111,172.217.135.39,0,0,0,0,0, 192.168.1.111,23.208.103.148,0,0,0,0,0, 192.168.1.111,172.217.11.3,0,0,0,0,0, 192.168.1.111,72.21.91.29,0,0,0,0,0, 192.168.1.111,23.52.155.27,0,0,0,0,0, 192.168.1.111,23.66.3.192,0,0,0,0,0, 192.168.1.111,23.208.92.34,0,0,0,0,0, 192.168.1.111,23.66.2.45,0,0,0,0,0, 192.168.1.111,172.217.12.147,0,0,0,0,0, 192.168.1.111,0.0.0.0,0,1,0,92,0,0,0,0,0,0,1526920852616,0.0,1639.261,0,0,0,0,0,0,0,0,0,0.0,0.0,-1
10.19999999999998,0,0,0,0, 192.168.1.111,173.194.184.230,0,0,0,0,0, 192.168.1.111,74.125.155.199,0,0,0,0,0, 192.168.1.111,172.217.12.206,0,0,0,0,0, 192.168.1.111,172.217.12.138,0,0,0,0,0, 192.168.1.111,172.217.12.131,0,0,0,0,0, 192.168.1.111,172.217.7.14,0,0,0,0,0, 192.168.1.111,172.217.12.214,0,0,0,0,0, 192.168.1.111,172.217.13.68,0,0,0,0,0, 192.168.1.111,172.217.12.142,0,0,0,0,0, 192.168.1.111,216.58.219.206,0,0,0,0,0, 192.168.1.111,23.65.191.179,0,0,0,0,0, 192.168.1.111,74.125.155.232,0,0,0,0,0, 192.168.1.111,173.194.7.55,0,0,0,0,0, 192.168.1.111,23.66.1.128,0,0,0,0,0, 192.168.1.111,216.58.219.194,0,0,0,0,0, 192.168.1.111,172.217.12.134,0,0,0,0,0, 192.168.1.111,172.217.135.39,0,0,0,0,0, 192.168.1.111,23.208.103.148,0,0,0,0,0, 192.168.1.111,172.217.11.3,0,0,0,0,0, 192.168.1.111,72.21.91.29,0,0,0,0,0, 192.168.1.111,23.52.155.27,0,0,0,0,0, 192.168.1.111,23.66.3.192,0,0,0,0,0, 192.168.1.111,23.208.92.34,0,0,0,0,0, 192.168.1.111,23.66.2.45,0,0,0,0,0, 192.168.1.111,172.217.12.147,0,0,0,0,0, 192.168.1.111,0.0.0.0,0,0,0,0,0,0,0,0,0,0,1526920852616,0.0,1639.261,0,0,0,0,0,0,0,0,0,0.0,0.0,-1
10.29999999999998,0,0,0,0, 192.168.1.111,173.194.184.230,0,0,0,0,0, 192.168.1.111,74.125.155.199,0,0,0,0,0, 192.168.1.111,172.217.12.206,0,0,0,0,0, 192.168.1.111,172.217.12.138,0,0,0,0,0, 192.168.1.111,172.217.12.131,0,0,0,0,0, 192.168.1.111,172.217.7.14,0,0,0,0,0, 192.168.1.111,172.217.12.214,0,0,0,0,0, 192.168.1.111,172.217.13.68,0,0,0,0,0, 192.168.1.111,172.217.12.142,0,0,0,0,0, 192.168.1.111,216.58.219.206,0,0,0,0,0, 192.168.1.111,23.65.191.179,0,0,0,0,0, 192.168.1.111,74.125.155.232,0,0,0,0,0, 192.168.1.111,173.194.7.55,0,0,0,0,0, 192.168.1.111,23.66.1.128,0,0,0,0,0, 192.168.1.111,216.58.219.194,0,0,0,0,0, 192.168.1.111,172.217.12.134,0,0,0,0,0, 192.168.1.111,172.217.135.39,0,0,0,0,0, 192.168.1.111,23.208.103.148,0,0,0,0,0, 192.168.1.111,172.217.11.3,0,0,0,0,0, 192.168.1.111,72.21.91.29,0,0,0,0,0, 192.168.1.111,23.52.155.27,0,0,0,0,0, 192.168.1.111,23.66.3.192,0,0,0,0,0, 192.168.1.111,23.208.92.34,0,0,0,0,0, 192.168.1.111,23.66.2.45,0,0,0,0,0, 192.168.1.111,172.217.12.147,0,0,0,0,0, 192.168.1.111,0.0.0.0,0,0,0,0,0,0,0,0,0,0,1526920852616,0.0,1639.261,0,0,0,0,0,0,0,0,0,0.0,0.0,-1
10.39999999999998,2,0,156,0, 192.168.1.111,173.194.184.230,0,0,0,0,0, 192.168.1.111,74.125.155.199,0,0,0,0,0, 192.168.1.111,172.217.12.206,0,0,0,0,0, 192.168.1.111,172.217.12.138,0,0,0,0,0, 192.168.1.111,172.217.12.131,TCP,2,0,156,0, 192.168.1.111,172.217.7.14,0,0,0,0,0, 192.168.1.111,172.217.12.214,0,0,0,0,0, 192.168.1.111,172.217.13.68,0,0,0,0,0, 192.168.1.111,172.217.12.142,0,0,0,0,0, 192.168.1.111,216.58.219.206,0,0,0,0,0, 192.168.1.111,23.65.191.179,0,0,0,0,0, 192.168.1.111,74.125.155.232,0,0,0,0,0, 192.168.1.111,173.194.7.55,0,0,0,0,0, 192.168.1.111,23.66.1.128,0,0,0,0,0, 192.168.1.111,216.58.219.194,0,0,0,0,0, 192.168.1.111,172.217.12.134,0,0,0,0,0, 192.168.1.111,172.217.135.39,0,0,0,0,0, 192.168.1.111,23.208.103.148,0,0,0,0,0, 192.168.1.111,172.217.11.3,0,0,0,0,0, 192.168.1.111,72.21.91.29,0,0,0,0,0, 192.168.1.111,23.52.155.27,0,0,0,0,0, 192.168.1.111,23.66.3.192,0,0,0,0,0, 192.168.1.111,23.208.92.34,0,0,0,0,0, 192.168.1.111,23.66.2.45,0,0,0,0,0, 192.168.1.111,172.217.12.147,0,0,0,0,0, 192.168.1.111,0.0.0.0,0,0,0,0,0,0,0,0,0,0,1526920852616,0.0,1639.261,0,0,0,0,0,0,0,0,0,0.0,0.0,-1
10.49999999999998,0,4,0,570, 192.168.1.111,173.194.184.230,0,0,0,0,0, 192.168.1.111,74.125.155.199,0,0,0,0,0, 192.168.1.111,172.217.12.206,0,0,0,0,0, 192.168.1.111,172.217.12.138,0,0,0,0,0, 192.168.1.111,172.217.12.131,0,0,0,0,0, 192.168.1.111,172.217.7.14,0,0,0,0,0, 192.168.1.111,172.217.12.214,0,0,0,0,0, 192.168.1.111,172.217.13.68,0,0,0,0,0, 192.168.1.111,172.217.12.142,0,0,0,0,0, 192.168.1.111,216.58.219.206,0,0,0,0,0, 192.168.1.111,23.65.191.179,0,0,0,0,0, 192.168.1.111,74.125.155.232,0,0,0,0,0, 192.168.1.111,173.194.7.55,0,0,0,0,0, 192.168.1.111,23.66.1.128,0,0,0,0,0, 192.168.1.111,216.58.219.194,0,0,0,0,0, 192.168.1.111,172.217.12.134,0,0,0,0,0, 192.168.1.111,172.217.135.39,0,0,0,0,0, 192.168.1.111,23.208.103.148,0,0,0,0,0, 192.168.1.111,172.217.11.3,0,0,0,0,0, 192.168.1.111,72.21.91.29,0,0,0,0,0, 192.168.1.111,23.52.155.27,0,0,0,0,0, 192.168.1.111,23.66.3.192,0,0,0,0,0, 192.168.1.111,23.208.92.34,0,0,0,0,0, 192.168.1.111,23.66.2.45,0,0,0,0,0, 192.168.1.111,172.217.12.147,0,0,0,0,0, 192.168.1.111,0.0.0.0,0,0,0,0,0,0,0,0,0,0,1526920852616,0.0,1639.261,0,0,0,0,0,0,0,0,0,0.0,0.0,-1
10.599999999999978,2,0,157,0, 192.168.1.111,173.194.184.230,0,0,0,0,0, 192.168.1.111,74.125.155.199,0,0,0,0,0, 192.168.1.111,172.217.12.206,0,0,0,0,0, 192.168.1.111,172.217.12.138,0,0,0,0,0, 192.168.1.111,172.217.12.131,TCP,1,0,78,0, 192.168.1.111,172.217.7.14,0,0,0,0,0, 192.168.1.111,172.217.12.214,0,0,0,0,0, 192.168.1.111,172.217.13.68,0,0,0,0,0, 192.168.1.111,172.217.12.142,0,0,0,0,0, 192.168.1.111,216.58.219.206,0,0,0,0,0, 192.168.1.111,23.65.191.179,0,0,0,0,0, 192.168.1.111,74.125.155.232,0,0,0,0,0, 192.168.1.111,173.194.7.55,0,0,0,0,0, 192.168.1.111,23.66.1.128,0,0,0,0,0, 192.168.1.111,216.58.219.194,0,0,0,0,0, 192.168.1.111,172.217.12.134,0,0,0,0,0, 192.168.1.111,172.217.135.39,0,0,0,0,0, 192.168.1.111,23.208.103.148,0,0,0,0,0, 192.168.1.111,172.217.11.3,0,0,0,0,0, 192.168.1.111,72.21.91.29,0,0,0,0,0, 192.168.1.111,23.52.155.27,0,0,0,0,0, 192.168.1.111,23.66.3.192,0,0,0,0,0, 192.168.1.111,23.208.92.34,0,0,0,0,0, 192.168.1.111,23.66.2.45,0,0,0,0,0, 192.168.1.111,172.217.12.147,0,0,0,0,0, 192.168.1.111,0.0.0.0,0,1,0,79,0,0,0,0,0,0,1526920852616,0.0,1639.261,0,0,0,0,0,0,0,0,0,0.0,0.0,-1
10.699999999999978,0,0,0,0, 192.168.1.111,173.194.184.230,0,0,0,0,0, 192.168.1.111,74.125.155.199,0,0,0,0,0, 192.168.1.111,172.217.12.206,0,0,0,0,0, 192.168.1.111,172.217.12.138,0,0,0,0,0, 192.168.1.111,172.217.12.131,0,0,0,0,0, 192.168.1.111,172.217.7.14,0,0,0,0,0, 192.168.1.111,172.217.12.214,0,0,0,0,0, 192.168.1.111,172.217.13.68,0,0,0,0,0, 192.168.1.111,172.217.12.142,0,0,0,0,0, 192.168.1.111,216.58.219.206,0,0,0,0,0, 192.168.1.111,23.65.191.179,0,0,0,0,0, 192.168.1.111,74.125.155.232,0,0,0,0,0, 192.168.1.111,173.194.7.55,0,0,0,0,0, 192.168.1.111,23.66.1.128,0,0,0,0,0, 192.168.1.111,216.58.219.194,0,0,0,0,0, 192.168.1.111,172.217.12.134,0,0,0,0,0, 192.168.1.111,172.217.135.39,0,0,0,0,0, 192.168.1.111,23.208.103.148,0,0,0,0,0, 192.168.1.111,172.217.11.3,0,0,0,0,0, 192.168.1.111,72.21.91.29,0,0,0,0,0, 192.168.1.111,23.52.155.27,0,0,0,0,0, 192.168.1.111,23.66.3.192,0,0,0,0,0, 192.168.1.111,23.208.92.34,0,0,0,0,0, 192.168.1.111,23.66.2.45,0,0,0,0,0, 192.168.1.111,172.217.12.147,0,0,0,0,0, 192.168.1.111,0.0.0.0,0,0,0,0,0,0,0,0,0,0,1526920852616,0.0,1639.261,0,0,0,0,0,0,0,0,0,0.0,0.0,-1
10.799999999999978,0,0,0,0, 192.168.1.111,173.194.184.230,0,0,0,0,0, 192.168.1.111,74.125.155.199,0,0,0,0,0, 192.168.1.111,172.217.12.206,0,0,0,0,0, 192.168.1.111,172.217.12.138,0,0,0,0,0, 192.168.1.111,172.217.12.131,0,0,0,0,0, 192.168.1.111,172.217.7.14,0,0,0,0,0, 192.168.1.111,172.217.12.214,0,0,0,0,0, 192.168.1.111,172.217.13.68,0,0,0,0,0, 192.168.1.111,172.217.12.142,0,0,0,0,0, 192.168.1.111,216.58.219.206,0,0,0,0,0, 192.168.1.111,23.65.191.179,0,0,0,0,0, 192.168.1.111,74.125.155.232,0,0,0,0,0, 192.168.1.111,173.194.7.55,0,0,0,0,0, 192.168.1.111,23.66.1.128,0,0,0,0,0, 192.168.1.111,216.58.219.194,0,0,0,0,0, 192.168.1.111,172.217.12.134,0,0,0,0,0, 192.168.1.111,172.217.135.39,0,0,0,0,0, 192.168.1.111,23.208.103.148,0,0,0,0,0, 192.168.1.111,172.217.11.3,0,0,0,0,0, 192.168.1.111,72.21.91.29,0,0,0,0,0, 192.168.1.111,23.52.155.27,0,0,0,0,0, 192.168.1.111,23.66.3.192,0,0,0,0,0, 192.168.1.111,23.208.92.34,0,0,0,0,0, 192.168.1.111,23.66.2.45,0,0,0,0,0, 192.168.1.111,172.217.12.147,0,0,0,0,0, 192.168.1.111,0.0.0.0,0,0,0,0,0,0,0,0,0,0,1526920852616,0.0,1639.261,0,0,0,0,0,0,0,0,0,0.0,0.0,-1
10.899999999999975,0,0,0,0, 192.168.1.111,173.194.184.230,0,0,0,0,0, 192.168.1.111,74.125.155.199,0,0,0,0,0, 192.168.1.111,172.217.12.206,0,0,0,0,0, 192.168.1.111,172.217.12.138,0,0,0,0,0, 192.168.1.111,172.217.12.131,0,0,0,0,0, 192.168.1.111,172.217.7.14,0,0,0,0,0, 192.168.1.111,172.217.12.214,0,0,0,0,0, 192.168.1.111,172.217.13.68,0,0,0,0,0, 192.168.1.111,172.217.12.142,0,0,0,0,0, 192.168.1.111,216.58.219.206,0,0,0,0,0, 192.168.1.111,23.65.191.179,0,0,0,0,0, 192.168.1.111,74.125.155.232,0,0,0,0,0, 192.168.1.111,173.194.7.55,0,0,0,0,0, 192.168.1.111,23.66.1.128,0,0,0,0,0, 192.168.1.111,216.58.219.194,0,0,0,0,0, 192.168.1.111,172.217.12.134,0,0,0,0,0, 192.168.1.111,172.217.135.39,0,0,0,0,0, 192.168.1.111,23.208.103.148,0,0,0,0,0, 192.168.1.111,172.217.11.3,0,0,0,0,0, 192.168.1.111,72.21.91.29,0,0,0,0,0, 192.168.1.111,23.52.155.27,0,0,0,0,0, 192.168.1.111,23.66.3.192,0,0,0,0,0, 192.168.1.111,23.208.92.34,0,0,0,0,0, 192.168.1.111,23.66.2.45,0,0,0,0,0, 192.168.1.111,172.217.12.147,0,0,0,0,0, 192.168.1.111,0.0.0.0,0,0,0,0,0,0,0,0,0,0,1526920852616,0.0,1639.261,0,0,0,0,0,0,0,0,0,0.0,0.0,-1
10.999999999999975,0,0,0,0, 192.168.1.111,173.194.184.230,0,0,0,0,0, 192.168.1.111,74.125.155.199,0,0,0,0,0, 192.168.1.111,172.217.12.206,0,0,0,0,0, 192.168.1.111,172.217.12.138,0,0,0,0,0, 192.168.1.111,172.217.12.131,0,0,0,0,0, 192.168.1.111,172.217.7.14,0,0,0,0,0, 192.168.1.111,172.217.12.214,0,0,0,0,0, 192.168.1.111,172.217.13.68,0,0,0,0,0, 192.168.1.111,172.217.12.142,0,0,0,0,0, 192.168.1.111,216.58.219.206,0,0,0,0,0, 192.168.1.111,23.65.191.179,0,0,0,0,0, 192.168.1.111,74.125.155.232,0,0,0,0,0, 192.168.1.111,173.194.7.55,0,0,0,0,0, 192.168.1.111,23.66.1.128,0,0,0,0,0, 192.168.1.111,216.58.219.194,0,0,0,0,0, 192.168.1.111,172.217.12.134,0,0,0,0,0, 192.168.1.111,172.217.135.39,0,0,0,0,0, 192.168.1.111,23.208.103.148,0,0,0,0,0, 192.168.1.111,172.217.11.3,0,0,0,0,0, 192.168.1.111,72.21.91.29,0,0,0,0,0, 192.168.1.111,23.52.155.27,0,0,0,0,0, 192.168.1.111,23.66.3.192,0,0,0,0,0, 192.168.1.111,23.208.92.34,0,0,0,0,0, 192.168.1.111,23.66.2.45,0,0,0,0,0, 192.168.1.111,172.217.12.147,0,0,0,0,0, 192.168.1.111,0.0.0.0,0,0,0,0,0,0,0,0,0,0,1526920852616,0.0,1639.261,0,0,0,0,0,0,0,0,0,0.0,0.0,-1
11.099999999999977,0,0,0,0, 192.168.1.111,173.194.184.230,0,0,0,0,0, 192.168.1.111,74.125.155.199,0,0,0,0,0, 192.168.1.111,172.217.12.206,0,0,0,0,0, 192.168.1.111,172.217.12.138,0,0,0,0,0, 192.168.1.111,172.217.12.131,0,0,0,0,0, 192.168.1.111,172.217.7.14,0,0,0,0,0, 192.168.1.111,172.217.12.214,0,0,0,0,0, 192.168.1.111,172.217.13.68,0,0,0,0,0, 192.168.1.111,172.217.12.142,0,0,0,0,0, 192.168.1.111,216.58.219.206,0,0,0,0,0, 192.168.1.111,23.65.191.179,0,0,0,0,0, 192.168.1.111,74.125.155.232,0,0,0,0,0, 192.168.1.111,173.194.7.55,0,0,0,0,0, 192.168.1.111,23.66.1.128,0,0,0,0,0, 192.168.1.111,216.58.219.194,0,0,0,0,0, 192.168.1.111,172.217.12.134,0,0,0,0,0, 192.168.1.111,172.217.135.39,0,0,0,0,0, 192.168.1.111,23.208.103.148,0,0,0,0,0, 192.168.1.111,172.217.11.3,0,0,0,0,0, 192.168.1.111,72.21.91.29,0,0,0,0,0, 192.168.1.111,23.52.155.27,0,0,0,0,0, 192.168.1.111,23.66.3.192,0,0,0,0,0, 192.168.1.111,23.208.92.34,0,0,0,0,0, 192.168.1.111,23.66.2.45,0,0,0,0,0, 192.168.1.111,172.217.12.147,0,0,0,0,0, 192.168.1.111,0.0.0.0,0,0,0,0,0,0,0,0,0,0,1526920852616,0.0,1639.261,0,0,0,0,0,0,0,0,0,0.0,0.0,-1
11.199999999999976,0,0,0,0, 192.168.1.111,173.194.184.230,0,0,0,0,0, 192.168.1.111,74.125.155.199,0,0,0,0,0, 192.168.1.111,172.217.12.206,0,0,0,0,0, 192.168.1.111,172.217.12.138,0,0,0,0,0, 192.168.1.111,172.217.12.131,0,0,0,0,0, 192.168.1.111,172.217.7.14,0,0,0,0,0, 192.168.1.111,172.217.12.214,0,0,0,0,0, 192.168.1.111,172.217.13.68,0,0,0,0,0, 192.168.1.111,172.217.12.142,0,0,0,0,0, 192.168.1.111,216.58.219.206,0,0,0,0,0, 192.168.1.111,23.65.191.179,0,0,0,0,0, 192.168.1.111,74.125.155.232,0,0,0,0,0, 192.168.1.111,173.194.7.55,0,0,0,0,0, 192.168.1.111,23.66.1.128,0,0,0,0,0, 192.168.1.111,216.58.219.194,0,0,0,0,0, 192.168.1.111,172.217.12.134,0,0,0,0,0, 192.168.1.111,172.217.135.39,0,0,0,0,0, 192.168.1.111,23.208.103.148,0,0,0,0,0, 192.168.1.111,172.217.11.3,0,0,0,0,0, 192.168.1.111,72.21.91.29,0,0,0,0,0, 192.168.1.111,23.52.155.27,0,0,0,0,0, 192.168.1.111,23.66.3.192,0,0,0,0,0, 192.168.1.111,23.208.92.34,0,0,0,0,0, 192.168.1.111,23.66.2.45,0,0,0,0,0, 192.168.1.111,172.217.12.147,0,0,0,0,0, 192.168.1.111,0.0.0.0,0,0,0,0,0,0,0,0,0,0,1526920852616,0.0,1639.261,0,0,0,0,0,0,0,0,0,0.0,0.0,-1
11.299999999999976,0,2,0,84, 192.168.1.111,173.194.184.230,0,0,0,0,0, 192.168.1.111,74.125.155.199,0,0,0,0,0, 192.168.1.111,172.217.12.206,0,0,0,0,0, 192.168.1.111,172.217.12.138,0,0,0,0,0, 192.168.1.111,172.217.12.131,0,0,0,0,0, 192.168.1.111,172.217.7.14,0,0,0,0,0, 192.168.1.111,172.217.12.214,0,0,0,0,0, 192.168.1.111,172.217.13.68,0,0,0,0,0, 192.168.1.111,172.217.12.142,0,0,0,0,0, 192.168.1.111,216.58.219.206,0,0,0,0,0, 192.168.1.111,23.65.191.179,0,0,0,0,0, 192.168.1.111,74.125.155.232,0,0,0,0,0, 192.168.1.111,173.194.7.55,0,0,0,0,0, 192.168.1.111,23.66.1.128,0,0,0,0,0, 192.168.1.111,216.58.219.194,0,0,0,0,0, 192.168.1.111,172.217.12.134,0,0,0,0,0, 192.168.1.111,172.217.135.39,0,0,0,0,0, 192.168.1.111,23.208.103.148,0,0,0,0,0, 192.168.1.111,172.217.11.3,0,0,0,0,0, 192.168.1.111,72.21.91.29,0,0,0,0,0, 192.168.1.111,23.52.155.27,0,0,0,0,0, 192.168.1.111,23.66.3.192,0,0,0,0,0, 192.168.1.111,23.208.92.34,0,0,0,0,0, 192.168.1.111,23.66.2.45,0,0,0,0,0, 192.168.1.111,172.217.12.147,0,0,0,0,0, 192.168.1.111,0.0.0.0,0,0,0,0,0,0,0,0,0,0,1526920852616,0.0,1639.261,0,0,0,0,0,0,0,0,0,0.0,0.0,-1
11.399999999999975,0,0,0,0, 192.168.1.111,173.194.184.230,0,0,0,0,0, 192.168.1.111,74.125.155.199,0,0,0,0,0, 192.168.1.111,172.217.12.206,0,0,0,0,0, 192.168.1.111,172.217.12.138,0,0,0,0,0, 192.168.1.111,172.217.12.131,0,0,0,0,0, 192.168.1.111,172.217.7.14,0,0,0,0,0, 192.168.1.111,172.217.12.214,0,0,0,0,0, 192.168.1.111,172.217.13.68,0,0,0,0,0, 192.168.1.111,172.217.12.142,0,0,0,0,0, 192.168.1.111,216.58.219.206,0,0,0,0,0, 192.168.1.111,23.65.191.179,0,0,0,0,0, 192.168.1.111,74.125.155.232,0,0,0,0,0, 192.168.1.111,173.194.7.55,0,0,0,0,0, 192.168.1.111,23.66.1.128,0,0,0,0,0, 192.168.1.111,216.58.219.194,0,0,0,0,0, 192.168.1.111,172.217.12.134,0,0,0,0,0, 192.168.1.111,172.217.135.39,0,0,0,0,0, 192.168.1.111,23.208.103.148,0,0,0,0,0, 192.168.1.111,172.217.11.3,0,0,0,0,0, 192.168.1.111,72.21.91.29,0,0,0,0,0, 192.168.1.111,23.52.155.27,0,0,0,0,0, 192.168.1.111,23.66.3.192,0,0,0,0,0, 192.168.1.111,23.208.92.34,0,0,0,0,0, 192.168.1.111,23.66.2.45,0,0,0,0,0, 192.168.1.111,172.217.12.147,0,0,0,0,0, 192.168.1.111,0.0.0.0,0,0,0,0,0,0,0,0,0,0,1526920852616,0.0,1639.261,0,0,0,0,0,0,0,0,0,0.0,0.0,-1
11.499999999999975,0,0,0,0, 192.168.1.111,173.194.184.230,0,0,0,0,0, 192.168.1.111,74.125.155.199,0,0,0,0,0, 192.168.1.111,172.217.12.206,0,0,0,0,0, 192.168.1.111,172.217.12.138,0,0,0,0,0, 192.168.1.111,172.217.12.131,0,0,0,0,0, 192.168.1.111,172.217.7.14,0,0,0,0,0, 192.168.1.111,172.217.12.214,0,0,0,0,0, 192.168.1.111,172.217.13.68,0,0,0,0,0, 192.168.1.111,172.217.12.142,0,0,0,0,0, 192.168.1.111,216.58.219.206,0,0,0,0,0, 192.168.1.111,23.65.191.179,0,0,0,0,0, 192.168.1.111,74.125.155.232,0,0,0,0,0, 192.168.1.111,173.194.7.55,0,0,0,0,0, 192.168.1.111,23.66.1.128,0,0,0,0,0, 192.168.1.111,216.58.219.194,0,0,0,0,0, 192.168.1.111,172.217.12.134,0,0,0,0,0, 192.168.1.111,172.217.135.39,0,0,0,0,0, 192.168.1.111,23.208.103.148,0,0,0,0,0, 192.168.1.111,172.217.11.3,0,0,0,0,0, 192.168.1.111,72.21.91.29,0,0,0,0,0, 192.168.1.111,23.52.155.27,0,0,0,0,0, 192.168.1.111,23.66.3.192,0,0,0,0,0, 192.168.1.111,23.208.92.34,0,0,0,0,0, 192.168.1.111,23.66.2.45,0,0,0,0,0, 192.168.1.111,172.217.12.147,0,0,0,0,0, 192.168.1.111,0.0.0.0,0,0,0,0,0,0,0,0,0,0,1526920852616,0.0,1639.261,0,0,0,0,0,0,0,0,0,0.0,0.0,-1
11.599999999999977,0,0,0,0, 192.168.1.111,173.194.184.230,0,0,0,0,0, 192.168.1.111,74.125.155.199,0,0,0,0,0, 192.168.1.111,172.217.12.206,0,0,0,0,0, 192.168.1.111,172.217.12.138,0,0,0,0,0, 192.168.1.111,172.217.12.131,0,0,0,0,0, 192.168.1.111,172.217.7.14,0,0,0,0,0, 192.168.1.111,172.217.12.214,0,0,0,0,0, 192.168.1.111,172.217.13.68,0,0,0,0,0, 192.168.1.111,172.217.12.142,0,0,0,0,0, 192.168.1.111,216.58.219.206,0,0,0,0,0, 192.168.1.111,23.65.191.179,0,0,0,0,0, 192.168.1.111,74.125.155.232,0,0,0,0,0, 192.168.1.111,173.194.7.55,0,0,0,0,0, 192.168.1.111,23.66.1.128,0,0,0,0,0, 192.168.1.111,216.58.219.194,0,0,0,0,0, 192.168.1.111,172.217.12.134,0,0,0,0,0, 192.168.1.111,172.217.135.39,0,0,0,0,0, 192.168.1.111,23.208.103.148,0,0,0,0,0, 192.168.1.111,172.217.11.3,0,0,0,0,0, 192.168.1.111,72.21.91.29,0,0,0,0,0, 192.168.1.111,23.52.155.27,0,0,0,0,0, 192.168.1.111,23.66.3.192,0,0,0,0,0, 192.168.1.111,23.208.92.34,0,0,0,0,0, 192.168.1.111,23.66.2.45,0,0,0,0,0, 192.168.1.111,172.217.12.147,0,0,0,0,0, 192.168.1.111,0.0.0.0,0,0,0,0,0,0,0,0,0,0,1526920852616,0.0,1639.261,0,0,0,0,0,0,0,0,0,0.0,0.0,-1
11.699999999999974,0,0,0,0, 192.168.1.111,173.194.184.230,0,0,0,0,0, 192.168.1.111,74.125.155.199,0,0,0,0,0, 192.168.1.111,172.217.12.206,0,0,0,0,0, 192.168.1.111,172.217.12.138,0,0,0,0,0, 192.168.1.111,172.217.12.131,0,0,0,0,0, 192.168.1.111,172.217.7.14,0,0,0,0,0, 192.168.1.111,172.217.12.214,0,0,0,0,0, 192.168.1.111,172.217.13.68,0,0,0,0,0, 192.168.1.111,172.217.12.142,0,0,0,0,0, 192.168.1.111,216.58.219.206,0,0,0,0,0, 192.168.1.111,23.65.191.179,0,0,0,0,0, 192.168.1.111,74.125.155.232,0,0,0,0,0, 192.168.1.111,173.194.7.55,0,0,0,0,0, 192.168.1.111,23.66.1.128,0,0,0,0,0, 192.168.1.111,216.58.219.194,0,0,0,0,0, 192.168.1.111,172.217.12.134,0,0,0,0,0, 192.168.1.111,172.217.135.39,0,0,0,0,0, 192.168.1.111,23.208.103.148,0,0,0,0,0, 192.168.1.111,172.217.11.3,0,0,0,0,0, 192.168.1.111,72.21.91.29,0,0,0,0,0, 192.168.1.111,23.52.155.27,0,0,0,0,0, 192.168.1.111,23.66.3.192,0,0,0,0,0, 192.168.1.111,23.208.92.34,0,0,0,0,0, 192.168.1.111,23.66.2.45,0,0,0,0,0, 192.168.1.111,172.217.12.147,0,0,0,0,0, 192.168.1.111,0.0.0.0,0,0,0,0,0,0,0,0,0,0,1526920852616,0.0,1639.261,0,0,0,0,0,0,0,0,0,0.0,0.0,-1
11.799999999999974,0,0,0,0, 192.168.1.111,173.194.184.230,0,0,0,0,0, 192.168.1.111,74.125.155.199,0,0,0,0,0, 192.168.1.111,172.217.12.206,0,0,0,0,0, 192.168.1.111,172.217.12.138,0,0,0,0,0, 192.168.1.111,172.217.12.131,0,0,0,0,0, 192.168.1.111,172.217.7.14,0,0,0,0,0, 192.168.1.111,172.217.12.214,0,0,0,0,0, 192.168.1.111,172.217.13.68,0,0,0,0,0, 192.168.1.111,172.217.12.142,0,0,0,0,0, 192.168.1.111,216.58.219.206,0,0,0,0,0, 192.168.1.111,23.65.191.179,0,0,0,0,0, 192.168.1.111,74.125.155.232,0,0,0,0,0, 192.168.1.111,173.194.7.55,0,0,0,0,0, 192.168.1.111,23.66.1.128,0,0,0,0,0, 192.168.1.111,216.58.219.194,0,0,0,0,0, 192.168.1.111,172.217.12.134,0,0,0,0,0, 192.168.1.111,172.217.135.39,0,0,0,0,0, 192.168.1.111,23.208.103.148,0,0,0,0,0, 192.168.1.111,172.217.11.3,0,0,0,0,0, 192.168.1.111,72.21.91.29,0,0,0,0,0, 192.168.1.111,23.52.155.27,0,0,0,0,0, 192.168.1.111,23.66.3.192,0,0,0,0,0, 192.168.1.111,23.208.92.34,0,0,0,0,0, 192.168.1.111,23.66.2.45,0,0,0,0,0, 192.168.1.111,172.217.12.147,0,0,0,0,0, 192.168.1.111,0.0.0.0,0,0,0,0,0,0,0,0,0,0,1526920852616,0.0,1639.261,0,0,0,0,0,0,0,0,0,0.0,0.0,-1
11.899999999999974,0,0,0,0, 192.168.1.111,173.194.184.230,0,0,0,0,0, 192.168.1.111,74.125.155.199,0,0,0,0,0, 192.168.1.111,172.217.12.206,0,0,0,0,0, 192.168.1.111,172.217.12.138,0,0,0,0,0, 192.168.1.111,172.217.12.131,0,0,0,0,0, 192.168.1.111,172.217.7.14,0,0,0,0,0, 192.168.1.111,172.217.12.214,0,0,0,0,0, 192.168.1.111,172.217.13.68,0,0,0,0,0, 192.168.1.111,172.217.12.142,0,0,0,0,0, 192.168.1.111,216.58.219.206,0,0,0,0,0, 192.168.1.111,23.65.191.179,0,0,0,0,0, 192.168.1.111,74.125.155.232,0,0,0,0,0, 192.168.1.111,173.194.7.55,0,0,0,0,0, 192.168.1.111,23.66.1.128,0,0,0,0,0, 192.168.1.111,216.58.219.194,0,0,0,0,0, 192.168.1.111,172.217.12.134,0,0,0,0,0, 192.168.1.111,172.217.135.39,0,0,0,0,0, 192.168.1.111,23.208.103.148,0,0,0,0,0, 192.168.1.111,172.217.11.3,0,0,0,0,0, 192.168.1.111,72.21.91.29,0,0,0,0,0, 192.168.1.111,23.52.155.27,0,0,0,0,0, 192.168.1.111,23.66.3.192,0,0,0,0,0, 192.168.1.111,23.208.92.34,0,0,0,0,0, 192.168.1.111,23.66.2.45,0,0,0,0,0, 192.168.1.111,172.217.12.147,0,0,0,0,0, 192.168.1.111,0.0.0.0,0,0,0,0,0,0,0,0,0,0,1526920852616,0.0,1639.261,0,0,0,0,0,0,0,0,0,0.0,0.0,-1
11.999999999999972,7,4,1022,3108, 192.168.1.111,173.194.184.230,0,0,0,0,0, 192.168.1.111,74.125.155.199,0,0,0,0,0, 192.168.1.111,172.217.12.206,TCP,5,4,914,3108, 192.168.1.111,172.217.12.138,0,0,0,0,0, 192.168.1.111,172.217.12.131,0,0,0,0,0, 192.168.1.111,172.217.7.14,0,0,0,0,0, 192.168.1.111,172.217.12.214,0,0,0,0,0, 192.168.1.111,172.217.13.68,0,0,0,0,0, 192.168.1.111,172.217.12.142,0,0,0,0,0, 192.168.1.111,216.58.219.206,0,0,0,0,0, 192.168.1.111,23.65.191.179,0,0,0,0,0, 192.168.1.111,74.125.155.232,0,0,0,0,0, 192.168.1.111,173.194.7.55,0,0,0,0,0, 192.168.1.111,23.66.1.128,0,0,0,0,0, 192.168.1.111,216.58.219.194,0,0,0,0,0, 192.168.1.111,172.217.12.134,0,0,0,0,0, 192.168.1.111,172.217.135.39,0,0,0,0,0, 192.168.1.111,23.208.103.148,0,0,0,0,0, 192.168.1.111,172.217.11.3,0,0,0,0,0, 192.168.1.111,72.21.91.29,0,0,0,0,0, 192.168.1.111,23.52.155.27,0,0,0,0,0, 192.168.1.111,23.66.3.192,0,0,0,0,0, 192.168.1.111,23.208.92.34,0,0,0,0,0, 192.168.1.111,23.66.2.45,0,0,0,0,0, 192.168.1.111,172.217.12.147,TCP,1,0,54,0, 192.168.1.111,0.0.0.0,0,1,0,54,0,0,0,0,0,0,1526920852616,0.0,1639.261,0,0,0,0,0,0,0,0,0,0.0,0.0,-1
12.099999999999971,8,6,1785,1853, 192.168.1.111,173.194.184.230,0,0,0,0,0, 192.168.1.111,74.125.155.199,0,0,0,0,0, 192.168.1.111,172.217.12.206,TCP,8,6,1785,1853, 192.168.1.111,172.217.12.138,0,0,0,0,0, 192.168.1.111,172.217.12.131,0,0,0,0,0, 192.168.1.111,172.217.7.14,0,0,0,0,0, 192.168.1.111,172.217.12.214,0,0,0,0,0, 192.168.1.111,172.217.13.68,0,0,0,0,0, 192.168.1.111,172.217.12.142,0,0,0,0,0, 192.168.1.111,216.58.219.206,0,0,0,0,0, 192.168.1.111,23.65.191.179,0,0,0,0,0, 192.168.1.111,74.125.155.232,0,0,0,0,0, 192.168.1.111,173.194.7.55,0,0,0,0,0, 192.168.1.111,23.66.1.128,0,0,0,0,0, 192.168.1.111,216.58.219.194,0,0,0,0,0, 192.168.1.111,172.217.12.134,0,0,0,0,0, 192.168.1.111,172.217.135.39,0,0,0,0,0, 192.168.1.111,23.208.103.148,0,0,0,0,0, 192.168.1.111,172.217.11.3,0,0,0,0,0, 192.168.1.111,72.21.91.29,0,0,0,0,0, 192.168.1.111,23.52.155.27,0,0,0,0,0, 192.168.1.111,23.66.3.192,0,0,0,0,0, 192.168.1.111,23.208.92.34,0,0,0,0,0, 192.168.1.111,23.66.2.45,0,0,0,0,0, 192.168.1.111,172.217.12.147,0,0,0,0,0, 192.168.1.111,0.0.0.0,0,0,0,0,0,0,0,0,0,0,1526920852616,0.0,1639.261,0,0,0,0,0,0,0,0,0,0.0,0.0,-1
12.199999999999973,19,17,2673,17115, 192.168.1.111,173.194.184.230,0,0,0,0,0, 192.168.1.111,74.125.155.199,0,0,0,0,0, 192.168.1.111,172.217.12.206,TLSv1.2,16,15,1481,16971, 192.168.1.111,172.217.12.138,0,0,0,0,0, 192.168.1.111,172.217.12.131,0,0,0,0,0, 192.168.1.111,172.217.7.14,0,0,0,0,0, 192.168.1.111,172.217.12.214,0,0,0,0,0, 192.168.1.111,172.217.13.68,TCP,2,1,1118,54, 192.168.1.111,172.217.12.142,0,0,0,0,0, 192.168.1.111,216.58.219.206,0,0,0,0,0, 192.168.1.111,23.65.191.179,0,0,0,0,0, 192.168.1.111,74.125.155.232,0,0,0,0,0, 192.168.1.111,173.194.7.55,0,0,0,0,0, 192.168.1.111,23.66.1.128,0,0,0,0,0, 192.168.1.111,216.58.219.194,0,0,0,0,0, 192.168.1.111,172.217.12.134,0,0,0,0,0, 192.168.1.111,172.217.135.39,0,0,0,0,0, 192.168.1.111,23.208.103.148,0,0,0,0,0, 192.168.1.111,172.217.11.3,0,0,0,0,0, 192.168.1.111,72.21.91.29,0,0,0,0,0, 192.168.1.111,23.52.155.27,0,0,0,0,0, 192.168.1.111,23.66.3.192,0,0,0,0,0, 192.168.1.111,23.208.92.34,0,0,0,0,0, 192.168.1.111,23.66.2.45,0,0,0,0,0, 192.168.1.111,172.217.12.147,0,0,0,0,0, 192.168.1.111,0.0.0.0,0,1,1,74,90,0,0,0,0,0,1526920852616,0.0,1639.261,0,0,0,0,0,0,0,0,0,0.0,0.0,-1
12.299999999999972,43,64,3394,88128, 192.168.1.111,173.194.184.230,0,0,0,0,0, 192.168.1.111,74.125.155.199,0,0,0,0,0, 192.168.1.111,172.217.12.206,TCP,41,61,2745,86504, 192.168.1.111,172.217.12.138,0,0,0,0,0, 192.168.1.111,172.217.12.131,0,0,0,0,0, 192.168.1.111,172.217.7.14,0,0,0,0,0, 192.168.1.111,172.217.12.214,0,0,0,0,0, 192.168.1.111,172.217.13.68,TLSv1.2,2,3,649,1624, 192.168.1.111,172.217.12.142,0,0,0,0,0, 192.168.1.111,216.58.219.206,0,0,0,0,0, 192.168.1.111,23.65.191.179,0,0,0,0,0, 192.168.1.111,74.125.155.232,0,0,0,0,0, 192.168.1.111,173.194.7.55,0,0,0,0,0, 192.168.1.111,23.66.1.128,0,0,0,0,0, 192.168.1.111,216.58.219.194,0,0,0,0,0, 192.168.1.111,172.217.12.134,0,0,0,0,0, 192.168.1.111,172.217.135.39,0,0,0,0,0, 192.168.1.111,23.208.103.148,0,0,0,0,0, 192.168.1.111,172.217.11.3,0,0,0,0,0, 192.168.1.111,72.21.91.29,0,0,0,0,0, 192.168.1.111,23.52.155.27,0,0,0,0,0, 192.168.1.111,23.66.3.192,0,0,0,0,0, 192.168.1.111,23.208.92.34,0,0,0,0,0, 192.168.1.111,23.66.2.45,0,0,0,0,0, 192.168.1.111,172.217.12.147,0,0,0,0,0, 192.168.1.111,0.0.0.0,0,0,0,0,0,0,0,0,0,0,1526920852616,0.0,1639.261,0,0,0,0,0,0,0,0,0,0.0,0.0,-1
12.399999999999972,72,77,7106,101198, 192.168.1.111,173.194.184.230,0,0,0,0,0, 192.168.1.111,74.125.155.199,0,0,0,0,0, 192.168.1.111,172.217.12.206,TLSv1.2,54,66,3816,97944, 192.168.1.111,172.217.12.138,0,0,0,0,0, 192.168.1.111,172.217.12.131,TCP,6,4,1454,280, 192.168.1.111,172.217.7.14,0,0,0,0,0, 192.168.1.111,172.217.12.214,0,0,0,0,0, 192.168.1.111,172.217.13.68,TLSv1.2,12,7,1836,2974, 192.168.1.111,172.217.12.142,0,0,0,0,0, 192.168.1.111,216.58.219.206,0,0,0,0,0, 192.168.1.111,23.65.191.179,0,0,0,0,0, 192.168.1.111,74.125.155.232,0,0,0,0,0, 192.168.1.111,173.194.7.55,0,0,0,0,0, 192.168.1.111,23.66.1.128,0,0,0,0,0, 192.168.1.111,216.58.219.194,0,0,0,0,0, 192.168.1.111,172.217.12.134,0,0,0,0,0, 192.168.1.111,172.217.135.39,0,0,0,0,0, 192.168.1.111,23.208.103.148,0,0,0,0,0, 192.168.1.111,172.217.11.3,0,0,0,0,0, 192.168.1.111,72.21.91.29,0,0,0,0,0, 192.168.1.111,23.52.155.27,0,0,0,0,0, 192.168.1.111,23.66.3.192,0,0,0,0,0, 192.168.1.111,23.208.92.34,0,0,0,0,0, 192.168.1.111,23.66.2.45,0,0,0,0,0, 192.168.1.111,172.217.12.147,0,0,0,0,0, 192.168.1.111,0.0.0.0,0,0,0,0,0,0,0,0,0,0,1526920852616,0.0,1639.261,0,0,0,0,0,0,0,0,0,0.0,0.0,-1
12.499999999999972,157,214,11012,304904, 192.168.1.111,173.194.184.230,0,0,0,0,0, 192.168.1.111,74.125.155.199,0,0,0,0,0, 192.168.1.111,172.217.12.206,TCP,72,99,4752,146916, 192.168.1.111,172.217.12.138,0,0,0,0,0, 192.168.1.111,172.217.12.131,TCP,85,114,6260,157922, 192.168.1.111,172.217.7.14,0,0,0,0,0, 192.168.1.111,172.217.12.214,0,0,0,0,0, 192.168.1.111,172.217.13.68,TCP,0,1,0,66, 192.168.1.111,172.217.12.142,0,0,0,0,0, 192.168.1.111,216.58.219.206,0,0,0,0,0, 192.168.1.111,23.65.191.179,0,0,0,0,0, 192.168.1.111,74.125.155.232,0,0,0,0,0, 192.168.1.111,173.194.7.55,0,0,0,0,0, 192.168.1.111,23.66.1.128,0,0,0,0,0, 192.168.1.111,216.58.219.194,0,0,0,0,0, 192.168.1.111,172.217.12.134,0,0,0,0,0, 192.168.1.111,172.217.135.39,0,0,0,0,0, 192.168.1.111,23.208.103.148,0,0,0,0,0, 192.168.1.111,172.217.11.3,0,0,0,0,0, 192.168.1.111,72.21.91.29,0,0,0,0,0, 192.168.1.111,23.52.155.27,0,0,0,0,0, 192.168.1.111,23.66.3.192,0,0,0,0,0, 192.168.1.111,23.208.92.34,0,0,0,0,0, 192.168.1.111,23.66.2.45,0,0,0,0,0, 192.168.1.111,172.217.12.147,0,0,0,0,0, 192.168.1.111,0.0.0.0,0,0,0,0,0,0,0,0,0,0,1526920852616,0.0,1639.261,0,0,0,0,0,0,0,0,0,0.0,0.0,-1
12.599999999999971,95,134,6812,194673, 192.168.1.111,173.194.184.230,0,0,0,0,0, 192.168.1.111,74.125.155.199,0,0,0,0,0, 192.168.1.111,172.217.12.206,TCP,91,131,6006,194404, 192.168.1.111,172.217.12.138,0,0,0,0,0, 192.168.1.111,172.217.12.131,0,0,0,0,0, 192.168.1.111,172.217.7.14,0,0,0,0,0, 192.168.1.111,172.217.12.214,0,0,0,0,0, 192.168.1.111,172.217.13.68,0,0,0,0,0, 192.168.1.111,172.217.12.142,TCP,3,2,727,140, 192.168.1.111,216.58.219.206,0,0,0,0,0, 192.168.1.111,23.65.191.179,0,0,0,0,0, 192.168.1.111,74.125.155.232,0,0,0,0,0, 192.168.1.111,173.194.7.55,0,0,0,0,0, 192.168.1.111,23.66.1.128,0,0,0,0,0, 192.168.1.111,216.58.219.194,0,0,0,0,0, 192.168.1.111,172.217.12.134,0,0,0,0,0, 192.168.1.111,172.217.135.39,0,0,0,0,0, 192.168.1.111,23.208.103.148,0,0,0,0,0, 192.168.1.111,172.217.11.3,0,0,0,0,0, 192.168.1.111,72.21.91.29,0,0,0,0,0, 192.168.1.111,23.52.155.27,0,0,0,0,0, 192.168.1.111,23.66.3.192,0,0,0,0,0, 192.168.1.111,23.208.92.34,0,0,0,0,0, 192.168.1.111,23.66.2.45,0,0,0,0,0, 192.168.1.111,172.217.12.147,0,0,0,0,0, 192.168.1.111,0.0.0.0,0,1,1,79,129,0,0,0,0,0,1526920852616,0.0,1639.261,0,0,0,0,0,0,0,0,0,0.0,0.0,-1
12.69999999999997,30,32,2573,34025, 192.168.1.111,173.194.184.230,0,0,0,0,0, 192.168.1.111,74.125.155.199,0,0,0,0,0, 192.168.1.111,172.217.12.206,TCP,13,21,897,28351, 192.168.1.111,172.217.12.138,0,0,0,0,0, 192.168.1.111,172.217.12.131,TCP,2,1,144,74, 192.168.1.111,172.217.7.14,0,0,0,0,0, 192.168.1.111,172.217.12.214,0,0,0,0,0, 192.168.1.111,172.217.13.68,0,0,0,0,0, 192.168.1.111,172.217.12.142,TLSv1.2,15,10,1532,5600, 192.168.1.111,216.58.219.206,0,0,0,0,0, 192.168.1.111,23.65.191.179,0,0,0,0,0, 192.168.1.111,74.125.155.232,0,0,0,0,0, 192.168.1.111,173.194.7.55,0,0,0,0,0, 192.168.1.111,23.66.1.128,0,0,0,0,0, 192.168.1.111,216.58.219.194,0,0,0,0,0, 192.168.1.111,172.217.12.134,0,0,0,0,0, 192.168.1.111,172.217.135.39,0,0,0,0,0, 192.168.1.111,23.208.103.148,0,0,0,0,0, 192.168.1.111,172.217.11.3,0,0,0,0,0, 192.168.1.111,72.21.91.29,0,0,0,0,0, 192.168.1.111,23.52.155.27,0,0,0,0,0, 192.168.1.111,23.66.3.192,0,0,0,0,0, 192.168.1.111,23.208.92.34,0,0,0,0,0, 192.168.1.111,23.66.2.45,0,0,0,0,0, 192.168.1.111,172.217.12.147,0,0,0,0,0, 192.168.1.111,0.0.0.0,0,0,0,0,0,0,0,0,0,0,1526920852616,0.0,1639.261,0,0,0,0,0,0,0,0,0,0.0,0.0,-1
12.79999999999997,5,4,3042,489, 192.168.1.111,173.194.184.230,0,0,0,0,0, 192.168.1.111,74.125.155.199,0,0,0,0,0, 192.168.1.111,172.217.12.206,0,0,0,0,0, 192.168.1.111,172.217.12.138,0,0,0,0,0, 192.168.1.111,172.217.12.131,0,0,0,0,0, 192.168.1.111,172.217.7.14,0,0,0,0,0, 192.168.1.111,172.217.12.214,0,0,0,0,0, 192.168.1.111,172.217.13.68,0,0,0,0,0, 192.168.1.111,172.217.12.142,TCP,0,1,0,66, 192.168.1.111,216.58.219.206,0,0,0,0,0, 192.168.1.111,23.65.191.179,0,0,0,0,0, 192.168.1.111,74.125.155.232,0,0,0,0,0, 192.168.1.111,173.194.7.55,0,0,0,0,0, 192.168.1.111,23.66.1.128,0,0,0,0,0, 192.168.1.111,216.58.219.194,QUIC,1,0,1392,0, 192.168.1.111,172.217.12.134,QUIC,1,0,1392,0, 192.168.1.111,172.217.135.39,0,0,0,0,0, 192.168.1.111,23.208.103.148,0,0,0,0,0, 192.168.1.111,172.217.11.3,0,0,0,0,0, 192.168.1.111,72.21.91.29,0,0,0,0,0, 192.168.1.111,23.52.155.27,0,0,0,0,0, 192.168.1.111,23.66.3.192,0,0,0,0,0, 192.168.1.111,23.208.92.34,0,0,0,0,0, 192.168.1.111,23.66.2.45,0,0,0,0,0, 192.168.1.111,172.217.12.147,0,0,0,0,0, 192.168.1.111,0.0.0.0,0,3,3,258,423,0,0,0,0,0,1526920852616,0.0,1639.261,0,0,0,0,0,0,0,0,0,0.0,0.0,-1
12.89999999999997,18,24,2339,26673, 192.168.1.111,173.194.184.230,0,0,0,0,0, 192.168.1.111,74.125.155.199,0,0,0,0,0, 192.168.1.111,172.217.12.206,TCP,11,17,820,22500, 192.168.1.111,172.217.12.138,0,0,0,0,0, 192.168.1.111,172.217.12.131,0,0,0,0,0, 192.168.1.111,172.217.7.14,0,0,0,0,0, 192.168.1.111,172.217.12.214,0,0,0,0,0, 192.168.1.111,172.217.13.68,0,0,0,0,0, 192.168.1.111,172.217.12.142,0,0,0,0,0, 192.168.1.111,216.58.219.206,0,0,0,0,0, 192.168.1.111,23.65.191.179,0,0,0,0,0, 192.168.1.111,74.125.155.232,0,0,0,0,0, 192.168.1.111,173.194.7.55,0,0,0,0,0, 192.168.1.111,23.66.1.128,0,0,0,0,0, 192.168.1.111,216.58.219.194,QUIC,3,4,727,2446, 192.168.1.111,172.217.12.134,QUIC,4,3,792,1727, 192.168.1.111,172.217.135.39,0,0,0,0,0, 192.168.1.111,23.208.103.148,0,0,0,0,0, 192.168.1.111,172.217.11.3,0,0,0,0,0, 192.168.1.111,72.21.91.29,0,0,0,0,0, 192.168.1.111,23.52.155.27,0,0,0,0,0, 192.168.1.111,23.66.3.192,0,0,0,0,0, 192.168.1.111,23.208.92.34,0,0,0,0,0, 192.168.1.111,23.66.2.45,0,0,0,0,0, 192.168.1.111,172.217.12.147,0,0,0,0,0, 192.168.1.111,0.0.0.0,0,0,0,0,0,0,0,0,0,0,1526920852616,0.0,1639.261,0,0,0,0,0,0,0,0,0,0.0,0.0,-1
12.99999999999997,6,6,435,6802, 192.168.1.111,173.194.184.230,0,0,0,0,0, 192.168.1.111,74.125.155.199,0,0,0,0,0, 192.168.1.111,172.217.12.206,TCP,6,6,435,6802, 192.168.1.111,172.217.12.138,0,0,0,0,0, 192.168.1.111,172.217.12.131,0,0,0,0,0, 192.168.1.111,172.217.7.14,0,0,0,0,0, 192.168.1.111,172.217.12.214,0,0,0,0,0, 192.168.1.111,172.217.13.68,0,0,0,0,0, 192.168.1.111,172.217.12.142,0,0,0,0,0, 192.168.1.111,216.58.219.206,0,0,0,0,0, 192.168.1.111,23.65.191.179,0,0,0,0,0, 192.168.1.111,74.125.155.232,0,0,0,0,0, 192.168.1.111,173.194.7.55,0,0,0,0,0, 192.168.1.111,23.66.1.128,0,0,0,0,0, 192.168.1.111,216.58.219.194,0,0,0,0,0, 192.168.1.111,172.217.12.134,0,0,0,0,0, 192.168.1.111,172.217.135.39,0,0,0,0,0, 192.168.1.111,23.208.103.148,0,0,0,0,0, 192.168.1.111,172.217.11.3,0,0,0,0,0, 192.168.1.111,72.21.91.29,0,0,0,0,0, 192.168.1.111,23.52.155.27,0,0,0,0,0, 192.168.1.111,23.66.3.192,0,0,0,0,0, 192.168.1.111,23.208.92.34,0,0,0,0,0, 192.168.1.111,23.66.2.45,0,0,0,0,0, 192.168.1.111,172.217.12.147,0,0,0,0,0, 192.168.1.111,0.0.0.0,0,0,0,0,0,0,0,0,0,0,1526920852616,0.0,1639.261,0,0,0,0,0,0,0,0,0,0.0,0.0,-1
13.09999999999997,3,3,943,230, 192.168.1.111,173.194.184.230,0,0,0,0,0, 192.168.1.111,74.125.155.199,0,0,0,0,0, 192.168.1.111,172.217.12.206,TCP,2,2,865,132, 192.168.1.111,172.217.12.138,0,0,0,0,0, 192.168.1.111,172.217.12.131,0,0,0,0,0, 192.168.1.111,172.217.7.14,0,0,0,0,0, 192.168.1.111,172.217.12.214,0,0,0,0,0, 192.168.1.111,172.217.13.68,0,0,0,0,0, 192.168.1.111,172.217.12.142,0,0,0,0,0, 192.168.1.111,216.58.219.206,0,0,0,0,0, 192.168.1.111,23.65.191.179,0,0,0,0,0, 192.168.1.111,74.125.155.232,0,0,0,0,0, 192.168.1.111,173.194.7.55,0,0,0,0,0, 192.168.1.111,23.66.1.128,0,0,0,0,0, 192.168.1.111,216.58.219.194,0,0,0,0,0, 192.168.1.111,172.217.12.134,0,0,0,0,0, 192.168.1.111,172.217.135.39,0,0,0,0,0, 192.168.1.111,23.208.103.148,0,0,0,0,0, 192.168.1.111,172.217.11.3,0,0,0,0,0, 192.168.1.111,72.21.91.29,0,0,0,0,0, 192.168.1.111,23.52.155.27,0,0,0,0,0, 192.168.1.111,23.66.3.192,0,0,0,0,0, 192.168.1.111,23.208.92.34,0,0,0,0,0, 192.168.1.111,23.66.2.45,0,0,0,0,0, 192.168.1.111,172.217.12.147,0,0,0,0,0, 192.168.1.111,0.0.0.0,0,1,0,78,0,0,0,0,0,0,1526920852616,0.0,1639.261,0,0,0,0,0,0,0,0,0,0.0,0.0,-1
13.199999999999967,3,2,616,290, 192.168.1.111,173.194.184.230,0,0,0,0,0, 192.168.1.111,74.125.155.199,0,0,0,0,0, 192.168.1.111,172.217.12.206,TLSv1.2,3,2,616,290, 192.168.1.111,172.217.12.138,0,0,0,0,0, 192.168.1.111,172.217.12.131,0,0,0,0,0, 192.168.1.111,172.217.7.14,0,0,0,0,0, 192.168.1.111,172.217.12.214,0,0,0,0,0, 192.168.1.111,172.217.13.68,0,0,0,0,0, 192.168.1.111,172.217.12.142,0,0,0,0,0, 192.168.1.111,216.58.219.206,0,0,0,0,0, 192.168.1.111,23.65.191.179,0,0,0,0,0, 192.168.1.111,74.125.155.232,0,0,0,0,0, 192.168.1.111,173.194.7.55,0,0,0,0,0, 192.168.1.111,23.66.1.128,0,0,0,0,0, 192.168.1.111,216.58.219.194,0,0,0,0,0, 192.168.1.111,172.217.12.134,0,0,0,0,0, 192.168.1.111,172.217.135.39,0,0,0,0,0, 192.168.1.111,23.208.103.148,0,0,0,0,0, 192.168.1.111,172.217.11.3,0,0,0,0,0, 192.168.1.111,72.21.91.29,0,0,0,0,0, 192.168.1.111,23.52.155.27,0,0,0,0,0, 192.168.1.111,23.66.3.192,0,0,0,0,0, 192.168.1.111,23.208.92.34,0,0,0,0,0, 192.168.1.111,23.66.2.45,0,0,0,0,0, 192.168.1.111,172.217.12.147,0,0,0,0,0, 192.168.1.111,0.0.0.0,0,0,0,0,0,0,0,0,0,0,1526920852616,0.0,1639.261,0,0,0,0,0,0,0,0,0,0.0,0.0,-1
14.399999999999965,22,76,3777,103021, 192.168.1.111,173.194.184.230,QUIC,19,74,2239,102889, 192.168.1.111,74.125.155.199,0,0,0,0,0, 192.168.1.111,172.217.12.206,TCP,2,2,1210,132, 192.168.1.111,172.217.12.138,0,0,0,0,0, 192.168.1.111,172.217.12.131,0,0,0,0,0, 192.168.1.111,172.217.7.14,0,0,0,0,0, 192.168.1.111,172.217.12.214,0,0,0,0,0, 192.168.1.111,172.217.13.68,0,0,0,0,0, 192.168.1.111,172.217.12.142,0,0,0,0,0, 192.168.1.111,216.58.219.206,0,0,0,0,0, 192.168.1.111,23.65.191.179,0,0,0,0,0, 192.168.1.111,74.125.155.232,0,0,0,0,0, 192.168.1.111,173.194.7.55,0,0,0,0,0, 192.168.1.111,23.66.1.128,0,0,0,0,0, 192.168.1.111,216.58.219.194,QUIC,1,0,328,0, 192.168.1.111,172.217.12.134,0,0,0,0,0, 192.168.1.111,172.217.135.39,0,0,0,0,0, 192.168.1.111,23.208.103.148,0,0,0,0,0, 192.168.1.111,172.217.11.3,0,0,0,0,0, 192.168.1.111,72.21.91.29,0,0,0,0,0, 192.168.1.111,23.52.155.27,0,0,0,0,0, 192.168.1.111,23.66.3.192,0,0,0,0,0, 192.168.1.111,23.208.92.34,0,0,0,0,0, 192.168.1.111,23.66.2.45,0,0,0,0,0, 192.168.1.111,172.217.12.147,0,0,0,0,0, 192.168.1.111,0.0.0.0,0,0,0,0,0,0,0,1,0,1526920867162,1526920852616,0.0292200419616699,1639.261,0,0,1,0,0,0,0,0,0,6.64377995803833,0.0040707367527196,true
17.299999999999976,16,55,1934,75970, 192.168.1.111,173.194.184.230,QUIC,16,55,1934,75970, 192.168.1.111,74.125.155.199,0,0,0,0,0, 192.168.1.111,172.217.12.206,0,0,0,0,0, 192.168.1.111,172.217.12.138,0,0,0,0,0, 192.168.1.111,172.217.12.131,0,0,0,0,0, 192.168.1.111,172.217.7.14,0,0,0,0,0, 192.168.1.111,172.217.12.214,0,0,0,0,0, 192.168.1.111,172.217.13.68,0,0,0,0,0, 192.168.1.111,172.217.12.142,0,0,0,0,0, 192.168.1.111,216.58.219.206,0,0,0,0,0, 192.168.1.111,23.65.191.179,0,0,0,0,0, 192.168.1.111,74.125.155.232,0,0,0,0,0, 192.168.1.111,173.194.7.55,0,0,0,0,0, 192.168.1.111,23.66.1.128,0,0,0,0,0, 192.168.1.111,216.58.219.194,0,0,0,0,0, 192.168.1.111,172.217.12.134,0,0,0,0,0, 192.168.1.111,172.217.135.39,0,0,0,0,0, 192.168.1.111,23.208.103.148,0,0,0,0,0, 192.168.1.111,172.217.11.3,0,0,0,0,0, 192.168.1.111,72.21.91.29,0,0,0,0,0, 192.168.1.111,23.52.155.27,0,0,0,0,0, 192.168.1.111,23.66.3.192,0,0,0,0,0, 192.168.1.111,23.208.92.34,0,0,0,0,0, 192.168.1.111,23.66.2.45,0,0,0,0,0, 192.168.1.111,172.217.12.147,0,0,0,0,0, 192.168.1.111,0.0.0.0,0,0,0,0,0,0,0,1,0,1526920870057,1526920852616,0.0474408035430908,1639.261,0,1,0,0,0,0,0,0,0,8.013559196456908,0.004917459757781,true
1800.0999999994583,0,0,0,0, 192.168.1.111,173.194.184.230,0,0,0,0,0, 192.168.1.111,74.125.155.199,0,0,0,0,0, 192.168.1.111,172.217.12.206,0,0,0,0,0, 192.168.1.111,172.217.12.138,0,0,0,0,0, 192.168.1.111,172.217.12.131,0,0,0,0,0, 192.168.1.111,172.217.7.14,0,0,0,0,0, 192.168.1.111,172.217.12.214,0,0,0,0,0, 192.168.1.111,172.217.13.68,0,0,0,0,0, 192.168.1.111,172.217.12.142,0,0,0,0,0, 192.168.1.111,216.58.219.206,0,0,0,0,0, 192.168.1.111,23.65.191.179,0,0,0,0,0, 192.168.1.111,74.125.155.232,0,0,0,0,0, 192.168.1.111,173.194.7.55,0,0,0,0,0, 192.168.1.111,23.66.1.128,0,0,0,0,0, 192.168.1.111,216.58.219.194,0,0,0,0,0, 192.168.1.111,172.217.12.134,0,0,0,0,0, 192.168.1.111,172.217.135.39,0,0,0,0,0, 192.168.1.111,23.208.103.148,0,0,0,0,0, 192.168.1.111,172.217.11.3,0,0,0,0,0, 192.168.1.111,72.21.91.29,0,0,0,0,0, 192.168.1.111,23.52.155.27,0,0,0,0,0, 192.168.1.111,23.66.3.192,0,0,0,0,0, 192.168.1.111,23.208.92.34,0,0,0,0,0, 192.168.1.111,23.66.2.45,0,0,0,0,0, 192.168.1.111,172.217.12.147,0,0,0,0,0, 192.168.1.111,0.0.0.0,0,0,0,0,0,0,0,0,0,0,1526920852616,0.0,1639.261,0,0,0,0,0,0,0,0,0,0.0,0.0,-1
1800.1999999994582,0,0,0,0, 192.168.1.111,173.194.184.230,0,0,0,0,0, 192.168.1.111,74.125.155.199,0,0,0,0,0, 192.168.1.111,172.217.12.206,0,0,0,0,0, 192.168.1.111,172.217.12.138,0,0,0,0,0, 192.168.1.111,172.217.12.131,0,0,0,0,0, 192.168.1.111,172.217.7.14,0,0,0,0,0, 192.168.1.111,172.217.12.214,0,0,0,0,0, 192.168.1.111,172.217.13.68,0,0,0,0,0, 192.168.1.111,172.217.12.142,0,0,0,0,0, 192.168.1.111,216.58.219.206,0,0,0,0,0, 192.168.1.111,23.65.191.179,0,0,0,0,0, 192.168.1.111,74.125.155.232,0,0,0,0,0, 192.168.1.111,173.194.7.55,0,0,0,0,0, 192.168.1.111,23.66.1.128,0,0,0,0,0, 192.168.1.111,216.58.219.194,0,0,0,0,0, 192.168.1.111,172.217.12.134,0,0,0,0,0, 192.168.1.111,172.217.135.39,0,0,0,0,0, 192.168.1.111,23.208.103.148,0,0,0,0,0, 192.168.1.111,172.217.11.3,0,0,0,0,0, 192.168.1.111,72.21.91.29,0,0,0,0,0, 192.168.1.111,23.52.155.27,0,0,0,0,0, 192.168.1.111,23.66.3.192,0,0,0,0,0, 192.168.1.111,23.208.92.34,0,0,0,0,0, 192.168.1.111,23.66.2.45,0,0,0,0,0, 192.168.1.111,172.217.12.147,0,0,0,0,0, 192.168.1.111,0.0.0.0,0,0,0,0,0,0,0,0,0,0,1526920852616,0.0,1639.261,0,0,0,0,0,0,0,0,0,0.0,0.0,-1
1800.299999999458,0,0,0,0, 192.168.1.111,173.194.184.230,0,0,0,0,0, 192.168.1.111,74.125.155.199,0,0,0,0,0, 192.168.1.111,172.217.12.206,0,0,0,0,0, 192.168.1.111,172.217.12.138,0,0,0,0,0, 192.168.1.111,172.217.12.131,0,0,0,0,0, 192.168.1.111,172.217.7.14,0,0,0,0,0, 192.168.1.111,172.217.12.214,0,0,0,0,0, 192.168.1.111,172.217.13.68,0,0,0,0,0, 192.168.1.111,172.217.12.142,0,0,0,0,0, 192.168.1.111,216.58.219.206,0,0,0,0,0, 192.168.1.111,23.65.191.179,0,0,0,0,0, 192.168.1.111,74.125.155.232,0,0,0,0,0, 192.168.1.111,173.194.7.55,0,0,0,0,0, 192.168.1.111,23.66.1.128,0,0,0,0,0, 192.168.1.111,216.58.219.194,0,0,0,0,0, 192.168.1.111,172.217.12.134,0,0,0,0,0, 192.168.1.111,172.217.135.39,0,0,0,0,0, 192.168.1.111,23.208.103.148,0,0,0,0,0, 192.168.1.111,172.217.11.3,0,0,0,0,0, 192.168.1.111,72.21.91.29,0,0,0,0,0, 192.168.1.111,23.52.155.27,0,0,0,0,0, 192.168.1.111,23.66.3.192,0,0,0,0,0, 192.168.1.111,23.208.92.34,0,0,0,0,0, 192.168.1.111,23.66.2.45,0,0,0,0,0, 192.168.1.111,172.217.12.147,0,0,0,0,0, 192.168.1.111,0.0.0.0,0,0,0,0,0,0,0,0,0,0,1526920852616,0.0,1639.261,0,0,0,0,0,0,0,0,0,0.0,0.0,-1
1800.399999999458,0,0,0,0, 192.168.1.111,173.194.184.230,0,0,0,0,0, 192.168.1.111,74.125.155.199,0,0,0,0,0, 192.168.1.111,172.217.12.206,0,0,0,0,0, 192.168.1.111,172.217.12.138,0,0,0,0,0, 192.168.1.111,172.217.12.131,0,0,0,0,0, 192.168.1.111,172.217.7.14,0,0,0,0,0, 192.168.1.111,172.217.12.214,0,0,0,0,0, 192.168.1.111,172.217.13.68,0,0,0,0,0, 192.168.1.111,172.217.12.142,0,0,0,0,0, 192.168.1.111,216.58.219.206,0,0,0,0,0, 192.168.1.111,23.65.191.179,0,0,0,0,0, 192.168.1.111,74.125.155.232,0,0,0,0,0, 192.168.1.111,173.194.7.55,0,0,0,0,0, 192.168.1.111,23.66.1.128,0,0,0,0,0, 192.168.1.111,216.58.219.194,0,0,0,0,0, 192.168.1.111,172.217.12.134,0,0,0,0,0, 192.168.1.111,172.217.135.39,0,0,0,0,0, 192.168.1.111,23.208.103.148,0,0,0,0,0, 192.168.1.111,172.217.11.3,0,0,0,0,0, 192.168.1.111,72.21.91.29,0,0,0,0,0, 192.168.1.111,23.52.155.27,0,0,0,0,0, 192.168.1.111,23.66.3.192,0,0,0,0,0, 192.168.1.111,23.208.92.34,0,0,0,0,0, 192.168.1.111,23.66.2.45,0,0,0,0,0, 192.168.1.111,172.217.12.147,0,0,0,0,0, 192.168.1.111,0.0.0.0,0,0,0,0,0,0,0,0,0,0,1526920852616,0.0,1639.261,0,0,0,0,0,0,0,0,0,0.0,0.0,-1
1800.499999999458,0,0,0,0, 192.168.1.111,173.194.184.230,0,0,0,0,0, 192.168.1.111,74.125.155.199,0,0,0,0,0, 192.168.1.111,172.217.12.206,0,0,0,0,0, 192.168.1.111,172.217.12.138,0,0,0,0,0, 192.168.1.111,172.217.12.131,0,0,0,0,0, 192.168.1.111,172.217.7.14,0,0,0,0,0, 192.168.1.111,172.217.12.214,0,0,0,0,0, 192.168.1.111,172.217.13.68,0,0,0,0,0, 192.168.1.111,172.217.12.142,0,0,0,0,0, 192.168.1.111,216.58.219.206,0,0,0,0,0, 192.168.1.111,23.65.191.179,0,0,0,0,0, 192.168.1.111,74.125.155.232,0,0,0,0,0, 192.168.1.111,173.194.7.55,0,0,0,0,0, 192.168.1.111,23.66.1.128,0,0,0,0,0, 192.168.1.111,216.58.219.194,0,0,0,0,0, 192.168.1.111,172.217.12.134,0,0,0,0,0, 192.168.1.111,172.217.135.39,0,0,0,0,0, 192.168.1.111,23.208.103.148,0,0,0,0,0, 192.168.1.111,172.217.11.3,0,0,0,0,0, 192.168.1.111,72.21.91.29,0,0,0,0,0, 192.168.1.111,23.52.155.27,0,0,0,0,0, 192.168.1.111,23.66.3.192,0,0,0,0,0, 192.168.1.111,23.208.92.34,0,0,0,0,0, 192.168.1.111,23.66.2.45,0,0,0,0,0, 192.168.1.111,172.217.12.147,0,0,0,0,0, 192.168.1.111,0.0.0.0,0,0,0,0,0,0,0,0,0,0,1526920852616,0.0,1639.261,0,0,0,0,0,0,0,0,0,0.0,0.0,-1
1800.599999999458,0,0,0,0, 192.168.1.111,173.194.184.230,0,0,0,0,0, 192.168.1.111,74.125.155.199,0,0,0,0,0, 192.168.1.111,172.217.12.206,0,0,0,0,0, 192.168.1.111,172.217.12.138,0,0,0,0,0, 192.168.1.111,172.217.12.131,0,0,0,0,0, 192.168.1.111,172.217.7.14,0,0,0,0,0, 192.168.1.111,172.217.12.214,0,0,0,0,0, 192.168.1.111,172.217.13.68,0,0,0,0,0, 192.168.1.111,172.217.12.142,0,0,0,0,0, 192.168.1.111,216.58.219.206,0,0,0,0,0, 192.168.1.111,23.65.191.179,0,0,0,0,0, 192.168.1.111,74.125.155.232,0,0,0,0,0, 192.168.1.111,173.194.7.55,0,0,0,0,0, 192.168.1.111,23.66.1.128,0,0,0,0,0, 192.168.1.111,216.58.219.194,0,0,0,0,0, 192.168.1.111,172.217.12.134,0,0,0,0,0, 192.168.1.111,172.217.135.39,0,0,0,0,0, 192.168.1.111,23.208.103.148,0,0,0,0,0, 192.168.1.111,172.217.11.3,0,0,0,0,0, 192.168.1.111,72.21.91.29,0,0,0,0,0, 192.168.1.111,23.52.155.27,0,0,0,0,0, 192.168.1.111,23.66.3.192,0,0,0,0,0, 192.168.1.111,23.208.92.34,0,0,0,0,0, 192.168.1.111,23.66.2.45,0,0,0,0,0, 192.168.1.111,172.217.12.147,0,0,0,0,0, 192.168.1.111,0.0.0.0,0,0,0,0,0,0,0,0,0,0,1526920852616,0.0,1639.261,0,0,0,0,0,0,0,0,0,0.0,0.0,-1
1800.6999999994578,0,0,0,0, 192.168.1.111,173.194.184.230,0,0,0,0,0, 192.168.1.111,74.125.155.199,0,0,0,0,0, 192.168.1.111,172.217.12.206,0,0,0,0,0, 192.168.1.111,172.217.12.138,0,0,0,0,0, 192.168.1.111,172.217.12.131,0,0,0,0,0, 192.168.1.111,172.217.7.14,0,0,0,0,0, 192.168.1.111,172.217.12.214,0,0,0,0,0, 192.168.1.111,172.217.13.68,0,0,0,0,0, 192.168.1.111,172.217.12.142,0,0,0,0,0, 192.168.1.111,216.58.219.206,0,0,0,0,0, 192.168.1.111,23.65.191.179,0,0,0,0,0, 192.168.1.111,74.125.155.232,0,0,0,0,0, 192.168.1.111,173.194.7.55,0,0,0,0,0, 192.168.1.111,23.66.1.128,0,0,0,0,0, 192.168.1.111,216.58.219.194,0,0,0,0,0, 192.168.1.111,172.217.12.134,0,0,0,0,0, 192.168.1.111,172.217.135.39,0,0,0,0,0, 192.168.1.111,23.208.103.148,0,0,0,0,0, 192.168.1.111,172.217.11.3,0,0,0,0,0, 192.168.1.111,72.21.91.29,0,0,0,0,0, 192.168.1.111,23.52.155.27,0,0,0,0,0, 192.168.1.111,23.66.3.192,0,0,0,0,0, 192.168.1.111,23.208.92.34,0,0,0,0,0, 192.168.1.111,23.66.2.45,0,0,0,0,0, 192.168.1.111,172.217.12.147,0,0,0,0,0, 192.168.1.111,0.0.0.0,0,0,0,0,0,0,0,0,0,0,1526920852616,0.0,1639.261,0,0,0,0,0,0,0,0,0,0.0,0.0,-1
1800.7999999994577,0,0,0,0, 192.168.1.111,173.194.184.230,0,0,0,0,0, 192.168.1.111,74.125.155.199,0,0,0,0,0, 192.168.1.111,172.217.12.206,0,0,0,0,0, 192.168.1.111,172.217.12.138,0,0,0,0,0, 192.168.1.111,172.217.12.131,0,0,0,0,0, 192.168.1.111,172.217.7.14,0,0,0,0,0, 192.168.1.111,172.217.12.214,0,0,0,0,0, 192.168.1.111,172.217.13.68,0,0,0,0,0, 192.168.1.111,172.217.12.142,0,0,0,0,0, 192.168.1.111,216.58.219.206,0,0,0,0,0, 192.168.1.111,23.65.191.179,0,0,0,0,0, 192.168.1.111,74.125.155.232,0,0,0,0,0, 192.168.1.111,173.194.7.55,0,0,0,0,0, 192.168.1.111,23.66.1.128,0,0,0,0,0, 192.168.1.111,216.58.219.194,0,0,0,0,0, 192.168.1.111,172.217.12.134,0,0,0,0,0, 192.168.1.111,172.217.135.39,0,0,0,0,0, 192.168.1.111,23.208.103.148,0,0,0,0,0, 192.168.1.111,172.217.11.3,0,0,0,0,0, 192.168.1.111,72.21.91.29,0,0,0,0,0, 192.168.1.111,23.52.155.27,0,0,0,0,0, 192.168.1.111,23.66.3.192,0,0,0,0,0, 192.168.1.111,23.208.92.34,0,0,0,0,0, 192.168.1.111,23.66.2.45,0,0,0,0,0, 192.168.1.111,172.217.12.147,0,0,0,0,0, 192.168.1.111,0.0.0.0,0,0,0,0,0,0,0,0,0,0,1526920852616,0.0,1639.261,0,0,0,0,0,0,0,0,0,0.0,0.0,-1
1800.8999999994576,0,0,0,0, 192.168.1.111,173.194.184.230,0,0,0,0,0, 192.168.1.111,74.125.155.199,0,0,0,0,0, 192.168.1.111,172.217.12.206,0,0,0,0,0, 192.168.1.111,172.217.12.138,0,0,0,0,0, 192.168.1.111,172.217.12.131,0,0,0,0,0, 192.168.1.111,172.217.7.14,0,0,0,0,0, 192.168.1.111,172.217.12.214,0,0,0,0,0, 192.168.1.111,172.217.13.68,0,0,0,0,0, 192.168.1.111,172.217.12.142,0,0,0,0,0, 192.168.1.111,216.58.219.206,0,0,0,0,0, 192.168.1.111,23.65.191.179,0,0,0,0,0, 192.168.1.111,74.125.155.232,0,0,0,0,0, 192.168.1.111,173.194.7.55,0,0,0,0,0, 192.168.1.111,23.66.1.128,0,0,0,0,0, 192.168.1.111,216.58.219.194,0,0,0,0,0, 192.168.1.111,172.217.12.134,0,0,0,0,0, 192.168.1.111,172.217.135.39,0,0,0,0,0, 192.168.1.111,23.208.103.148,0,0,0,0,0, 192.168.1.111,172.217.11.3,0,0,0,0,0, 192.168.1.111,72.21.91.29,0,0,0,0,0, 192.168.1.111,23.52.155.27,0,0,0,0,0, 192.168.1.111,23.66.3.192,0,0,0,0,0, 192.168.1.111,23.208.92.34,0,0,0,0,0, 192.168.1.111,23.66.2.45,0,0,0,0,0, 192.168.1.111,172.217.12.147,0,0,0,0,0, 192.168.1.111,0.0.0.0,0,0,0,0,0,0,0,0,0,0,1526920852616,0.0,1639.261,0,0,0,0,0,0,0,0,0,0.0,0.0,-1
0.0,1,0,1392,0, 192.168.1.111,173.194.184.10,0,0,0,0,0, 192.168.1.111,74.125.159.90,0,0,0,0,0, 192.168.1.111,172.217.11.35,0,0,0,0,0, 192.168.1.111,172.217.3.110,0,0,0,0,0, 192.168.1.111,172.217.12.142,0,0,0,0,0, 192.168.1.111,172.217.11.46,0,0,0,0,0, 192.168.1.111,216.58.219.206,0,0,0,0,0, 192.168.1.111,172.217.9.237,0,0,0,0,0, 192.168.1.111,172.217.11.3,0,0,0,0,0, 192.168.1.111,74.125.100.168,0,0,0,0,0, 192.168.1.111,172.217.11.10,0,0,0,0,0, 192.168.1.111,216.58.212.131,0,0,0,0,0, 192.168.1.111,172.217.19.195,0,0,0,0,0, 192.168.1.111,172.217.10.226,0,0,0,0,0, 192.168.1.111,172.217.9.227,0,0,0,0,0, 192.168.1.111,172.217.20.99,0,0,0,0,0, 192.168.1.111,172.217.13.228,0,0,0,0,0, 192.168.1.111,172.217.17.99,0,0,0,0,0, 192.168.1.111,172.217.11.38,0,0,0,0,0, 192.168.1.111,216.58.209.131,0,0,0,0,0, 192.168.1.111,172.217.20.67,0,0,0,0,0, 192.168.1.111,172.217.6.227,0,0,0,0,0, 192.168.1.111,172.217.11.42,QUIC,1,0,1392,0, 192.168.1.111,172.217.11.51,0,0,0,0,0, 192.168.1.111,0,0,0,0,0,0, 192.168.1.111,0.0.0.0,0,0,0,0,0,0,0,0,0,0,1526490906360,0.0,31732.921,0,0,0,0,0,0,0,0,0,0.0,0.0,-1
0.1,8,9,3293,4605, 192.168.1.111,173.194.184.10,0,0,0,0,0, 192.168.1.111,74.125.159.90,0,0,0,0,0, 192.168.1.111,172.217.11.35,0,0,0,0,0, 192.168.1.111,172.217.3.110,QUIC,3,3,1553,1537, 192.168.1.111,172.217.12.142,0,0,0,0,0, 192.168.1.111,172.217.11.46,QUIC,3,3,1566,1534, 192.168.1.111,216.58.219.206,0,0,0,0,0, 192.168.1.111,172.217.9.237,0,0,0,0,0, 192.168.1.111,172.217.11.3,0,0,0,0,0, 192.168.1.111,74.125.100.168,0,0,0,0,0, 192.168.1.111,172.217.11.10,0,0,0,0,0, 192.168.1.111,216.58.212.131,0,0,0,0,0, 192.168.1.111,172.217.19.195,0,0,0,0,0, 192.168.1.111,172.217.10.226,0,0,0,0,0, 192.168.1.111,172.217.9.227,0,0,0,0,0, 192.168.1.111,172.217.20.99,0,0,0,0,0, 192.168.1.111,172.217.13.228,0,0,0,0,0, 192.168.1.111,172.217.17.99,0,0,0,0,0, 192.168.1.111,172.217.11.38,0,0,0,0,0, 192.168.1.111,216.58.209.131,0,0,0,0,0, 192.168.1.111,172.217.20.67,0,0,0,0,0, 192.168.1.111,172.217.6.227,0,0,0,0,0, 192.168.1.111,172.217.11.42,QUIC,2,3,174,1534, 192.168.1.111,172.217.11.51,0,0,0,0,0, 192.168.1.111,0,0,0,0,0,0, 192.168.1.111,0.0.0.0,0,0,0,0,0,0,0,0,0,0,1526490906360,0.0,31732.921,0,0,0,0,0,0,0,0,0,0.0,0.0,-1
0.2,0,0,0,0, 192.168.1.111,173.194.184.10,0,0,0,0,0, 192.168.1.111,74.125.159.90,0,0,0,0,0, 192.168.1.111,172.217.11.35,0,0,0,0,0, 192.168.1.111,172.217.3.110,0,0,0,0,0, 192.168.1.111,172.217.12.142,0,0,0,0,0, 192.168.1.111,172.217.11.46,0,0,0,0,0, 192.168.1.111,216.58.219.206,0,0,0,0,0, 192.168.1.111,172.217.9.237,0,0,0,0,0, 192.168.1.111,172.217.11.3,0,0,0,0,0, 192.168.1.111,74.125.100.168,0,0,0,0,0, 192.168.1.111,172.217.11.10,0,0,0,0,0, 192.168.1.111,216.58.212.131,0,0,0,0,0, 192.168.1.111,172.217.19.195,0,0,0,0,0, 192.168.1.111,172.217.10.226,0,0,0,0,0, 192.168.1.111,172.217.9.227,0,0,0,0,0, 192.168.1.111,172.217.20.99,0,0,0,0,0, 192.168.1.111,172.217.13.228,0,0,0,0,0, 192.168.1.111,172.217.17.99,0,0,0,0,0, 192.168.1.111,172.217.11.38,0,0,0,0,0, 192.168.1.111,216.58.209.131,0,0,0,0,0, 192.168.1.111,172.217.20.67,0,0,0,0,0, 192.168.1.111,172.217.6.227,0,0,0,0,0, 192.168.1.111,172.217.11.42,0,0,0,0,0, 192.168.1.111,172.217.11.51,0,0,0,0,0, 192.168.1.111,0,0,0,0,0,0, 192.168.1.111,0.0.0.0,0,0,0,0,0,0,0,0,0,0,1526490906360,0.0,31732.921,0,0,0,0,0,0,0,0,0,0.0,0.0,-1
0.3,0,0,0,0, 192.168.1.111,173.194.184.10,0,0,0,0,0, 192.168.1.111,74.125.159.90,0,0,0,0,0, 192.168.1.111,172.217.11.35,0,0,0,0,0, 192.168.1.111,172.217.3.110,0,0,0,0,0, 192.168.1.111,172.217.12.142,0,0,0,0,0, 192.168.1.111,172.217.11.46,0,0,0,0,0, 192.168.1.111,216.58.219.206,0,0,0,0,0, 192.168.1.111,172.217.9.237,0,0,0,0,0, 192.168.1.111,172.217.11.3,0,0,0,0,0, 192.168.1.111,74.125.100.168,0,0,0,0,0, 192.168.1.111,172.217.11.10,0,0,0,0,0, 192.168.1.111,216.58.212.131,0,0,0,0,0, 192.168.1.111,172.217.19.195,0,0,0,0,0, 192.168.1.111,172.217.10.226,0,0,0,0,0, 192.168.1.111,172.217.9.227,0,0,0,0,0, 192.168.1.111,172.217.20.99,0,0,0,0,0, 192.168.1.111,172.217.13.228,0,0,0,0,0, 192.168.1.111,172.217.17.99,0,0,0,0,0, 192.168.1.111,172.217.11.38,0,0,0,0,0, 192.168.1.111,216.58.209.131,0,0,0,0,0, 192.168.1.111,172.217.20.67,0,0,0,0,0, 192.168.1.111,172.217.6.227,0,0,0,0,0, 192.168.1.111,172.217.11.42,0,0,0,0,0, 192.168.1.111,172.217.11.51,0,0,0,0,0, 192.168.1.111,0,0,0,0,0,0, 192.168.1.111,0.0.0.0,0,0,0,0,0,0,0,0,0,0,1526490906360,0.0,31732.921,0,0,0,0,0,0,0,0,0,0.0,0.0,-1
0.4,10,6,4978,4411, 192.168.1.111,173.194.184.10,0,0,0,0,0, 192.168.1.111,74.125.159.90,0,0,0,0,0, 192.168.1.111,172.217.11.35,0,0,0,0,0, 192.168.1.111,172.217.3.110,0,0,0,0,0, 192.168.1.111,172.217.12.142,0,0,0,0,0, 192.168.1.111,172.217.11.46,0,0,0,0,0, 192.168.1.111,216.58.219.206,0,0,0,0,0, 192.168.1.111,172.217.9.237,QUIC,9,5,4899,4316, 192.168.1.111,172.217.11.3,0,0,0,0,0, 192.168.1.111,74.125.100.168,0,0,0,0,0, 192.168.1.111,172.217.11.10,0,0,0,0,0, 192.168.1.111,216.58.212.131,0,0,0,0,0, 192.168.1.111,172.217.19.195,0,0,0,0,0, 192.168.1.111,172.217.10.226,0,0,0,0,0, 192.168.1.111,172.217.9.227,0,0,0,0,0, 192.168.1.111,172.217.20.99,0,0,0,0,0, 192.168.1.111,172.217.13.228,0,0,0,0,0, 192.168.1.111,172.217.17.99,0,0,0,0,0, 192.168.1.111,172.217.11.38,0,0,0,0,0, 192.168.1.111,216.58.209.131,0,0,0,0,0, 192.168.1.111,172.217.20.67,0,0,0,0,0, 192.168.1.111,172.217.6.227,0,0,0,0,0, 192.168.1.111,172.217.11.42,0,0,0,0,0, 192.168.1.111,172.217.11.51,0,0,0,0,0, 192.168.1.111,0,0,0,0,0,0, 192.168.1.111,0.0.0.0,0,1,1,79,95,0,0,0,0,0,1526490906360,0.0,31732.921,0,0,0,0,0,0,0,0,0,0.0,0.0,-1
0.5,13,13,3433,7962, 192.168.1.111,173.194.184.10,0,0,0,0,0, 192.168.1.111,74.125.159.90,0,0,0,0,0, 192.168.1.111,172.217.11.35,0,0,0,0,0, 192.168.1.111,172.217.3.110,QUIC,2,1,919,1143, 192.168.1.111,172.217.12.142,0,0,0,0,0, 192.168.1.111,172.217.11.46,0,0,0,0,0, 192.168.1.111,216.58.219.206,0,0,0,0,0, 192.168.1.111,172.217.9.237,QUIC,8,11,828,6690, 192.168.1.111,172.217.11.3,0,0,0,0,0, 192.168.1.111,74.125.100.168,0,0,0,0,0, 192.168.1.111,172.217.11.10,0,0,0,0,0, 192.168.1.111,216.58.212.131,0,0,0,0,0, 192.168.1.111,172.217.19.195,0,0,0,0,0, 192.168.1.111,172.217.10.226,0,0,0,0,0, 192.168.1.111,172.217.9.227,QUIC,1,0,1392,0, 192.168.1.111,172.217.20.99,0,0,0,0,0, 192.168.1.111,172.217.13.228,0,0,0,0,0, 192.168.1.111,172.217.17.99,0,0,0,0,0, 192.168.1.111,172.217.11.38,0,0,0,0,0, 192.168.1.111,216.58.209.131,0,0,0,0,0, 192.168.1.111,172.217.20.67,0,0,0,0,0, 192.168.1.111,172.217.6.227,0,0,0,0,0, 192.168.1.111,172.217.11.42,0,0,0,0,0, 192.168.1.111,172.217.11.51,0,0,0,0,0, 192.168.1.111,0,0,0,0,0,0, 192.168.1.111,0.0.0.0,0,2,1,294,129,0,0,0,0,0,1526490906360,0.0,31732.921,0,0,0,0,0,0,0,0,0,0.0,0.0,-1
0.6,6,6,3102,5713, 192.168.1.111,173.194.184.10,0,0,0,0,0, 192.168.1.111,74.125.159.90,0,0,0,0,0, 192.168.1.111,172.217.11.35,0,0,0,0,0, 192.168.1.111,172.217.3.110,0,0,0,0,0, 192.168.1.111,172.217.12.142,0,0,0,0,0, 192.168.1.111,172.217.11.46,0,0,0,0,0, 192.168.1.111,216.58.219.206,0,0,0,0,0, 192.168.1.111,172.217.9.237,0,0,0,0,0, 192.168.1.111,172.217.11.3,0,0,0,0,0, 192.168.1.111,74.125.100.168,0,0,0,0,0, 192.168.1.111,172.217.11.10,0,0,0,0,0, 192.168.1.111,216.58.212.131,0,0,0,0,0, 192.168.1.111,172.217.19.195,0,0,0,0,0, 192.168.1.111,172.217.10.226,0,0,0,0,0, 192.168.1.111,172.217.9.227,QUIC,6,6,3102,5713, 192.168.1.111,172.217.20.99,0,0,0,0,0, 192.168.1.111,172.217.13.228,0,0,0,0,0, 192.168.1.111,172.217.17.99,0,0,0,0,0, 192.168.1.111,172.217.11.38,0,0,0,0,0, 192.168.1.111,216.58.209.131,0,0,0,0,0, 192.168.1.111,172.217.20.67,0,0,0,0,0, 192.168.1.111,172.217.6.227,0,0,0,0,0, 192.168.1.111,172.217.11.42,0,0,0,0,0, 192.168.1.111,172.217.11.51,0,0,0,0,0, 192.168.1.111,0,0,0,0,0,0, 192.168.1.111,0.0.0.0,0,0,0,0,0,0,0,0,0,0,1526490906360,0.0,31732.921,0,0,0,0,0,0,0,0,0,0.0,0.0,-1
0.7,0,0,0,0, 192.168.1.111,173.194.184.10,0,0,0,0,0, 192.168.1.111,74.125.159.90,0,0,0,0,0, 192.168.1.111,172.217.11.35,0,0,0,0,0, 192.168.1.111,172.217.3.110,0,0,0,0,0, 192.168.1.111,172.217.12.142,0,0,0,0,0, 192.168.1.111,172.217.11.46,0,0,0,0,0, 192.168.1.111,216.58.219.206,0,0,0,0,0, 192.168.1.111,172.217.9.237,0,0,0,0,0, 192.168.1.111,172.217.11.3,0,0,0,0,0, 192.168.1.111,74.125.100.168,0,0,0,0,0, 192.168.1.111,172.217.11.10,0,0,0,0,0, 192.168.1.111,216.58.212.131,0,0,0,0,0, 192.168.1.111,172.217.19.195,0,0,0,0,0, 192.168.1.111,172.217.10.226,0,0,0,0,0, 192.168.1.111,172.217.9.227,0,0,0,0,0, 192.168.1.111,172.217.20.99,0,0,0,0,0, 192.168.1.111,172.217.13.228,0,0,0,0,0, 192.168.1.111,172.217.17.99,0,0,0,0,0, 192.168.1.111,172.217.11.38,0,0,0,0,0, 192.168.1.111,216.58.209.131,0,0,0,0,0, 192.168.1.111,172.217.20.67,0,0,0,0,0, 192.168.1.111,172.217.6.227,0,0,0,0,0, 192.168.1.111,172.217.11.42,0,0,0,0,0, 192.168.1.111,172.217.11.51,0,0,0,0,0, 192.168.1.111,0,0,0,0,0,0, 192.168.1.111,0.0.0.0,0,0,0,0,0,0,0,0,0,0,1526490906360,0.0,31732.921,0,0,0,0,0,0,0,0,0,0.0,0.0,-1
0.7999999999999999,0,0,0,0, 192.168.1.111,173.194.184.10,0,0,0,0,0, 192.168.1.111,74.125.159.90,0,0,0,0,0, 192.168.1.111,172.217.11.35,0,0,0,0,0, 192.168.1.111,172.217.3.110,0,0,0,0,0, 192.168.1.111,172.217.12.142,0,0,0,0,0, 192.168.1.111,172.217.11.46,0,0,0,0,0, 192.168.1.111,216.58.219.206,0,0,0,0,0, 192.168.1.111,172.217.9.237,0,0,0,0,0, 192.168.1.111,172.217.11.3,0,0,0,0,0, 192.168.1.111,74.125.100.168,0,0,0,0,0, 192.168.1.111,172.217.11.10,0,0,0,0,0, 192.168.1.111,216.58.212.131,0,0,0,0,0, 192.168.1.111,172.217.19.195,0,0,0,0,0, 192.168.1.111,172.217.10.226,0,0,0,0,0, 192.168.1.111,172.217.9.227,0,0,0,0,0, 192.168.1.111,172.217.20.99,0,0,0,0,0, 192.168.1.111,172.217.13.228,0,0,0,0,0, 192.168.1.111,172.217.17.99,0,0,0,0,0, 192.168.1.111,172.217.11.38,0,0,0,0,0, 192.168.1.111,216.58.209.131,0,0,0,0,0, 192.168.1.111,172.217.20.67,0,0,0,0,0, 192.168.1.111,172.217.6.227,0,0,0,0,0, 192.168.1.111,172.217.11.42,0,0,0,0,0, 192.168.1.111,172.217.11.51,0,0,0,0,0, 192.168.1.111,0,0,0,0,0,0, 192.168.1.111,0.0.0.0,0,0,0,0,0,0,0,0,0,0,1526490906360,0.0,31732.921,0,0,0,0,0,0,0,0,0,0.0,0.0,-1
0.8999999999999999,0,0,0,0, 192.168.1.111,173.194.184.10,0,0,0,0,0, 192.168.1.111,74.125.159.90,0,0,0,0,0, 192.168.1.111,172.217.11.35,0,0,0,0,0, 192.168.1.111,172.217.3.110,0,0,0,0,0, 192.168.1.111,172.217.12.142,0,0,0,0,0, 192.168.1.111,172.217.11.46,0,0,0,0,0, 192.168.1.111,216.58.219.206,0,0,0,0,0, 192.168.1.111,172.217.9.237,0,0,0,0,0, 192.168.1.111,172.217.11.3,0,0,0,0,0, 192.168.1.111,74.125.100.168,0,0,0,0,0, 192.168.1.111,172.217.11.10,0,0,0,0,0, 192.168.1.111,216.58.212.131,0,0,0,0,0, 192.168.1.111,172.217.19.195,0,0,0,0,0, 192.168.1.111,172.217.10.226,0,0,0,0,0, 192.168.1.111,172.217.9.227,0,0,0,0,0, 192.168.1.111,172.217.20.99,0,0,0,0,0, 192.168.1.111,172.217.13.228,0,0,0,0,0, 192.168.1.111,172.217.17.99,0,0,0,0,0, 192.168.1.111,172.217.11.38,0,0,0,0,0, 192.168.1.111,216.58.209.131,0,0,0,0,0, 192.168.1.111,172.217.20.67,0,0,0,0,0, 192.168.1.111,172.217.6.227,0,0,0,0,0, 192.168.1.111,172.217.11.42,0,0,0,0,0, 192.168.1.111,172.217.11.51,0,0,0,0,0, 192.168.1.111,0,0,0,0,0,0, 192.168.1.111,0.0.0.0,0,0,0,0,0,0,0,0,0,0,1526490906360,0.0,31732.921,0,0,0,0,0,0,0,0,0,0.0,0.0,-1
1.0,13,10,9081,10026, 192.168.1.111,173.194.184.10,0,0,0,0,0, 192.168.1.111,74.125.159.90,0,0,0,0,0, 192.168.1.111,172.217.11.35,0,0,0,0,0, 192.168.1.111,172.217.3.110,QUIC,1,1,239,72, 192.168.1.111,172.217.12.142,0,0,0,0,0, 192.168.1.111,172.217.11.46,0,0,0,0,0, 192.168.1.111,216.58.219.206,0,0,0,0,0, 192.168.1.111,172.217.9.237,0,0,0,0,0, 192.168.1.111,172.217.11.3,0,0,0,0,0, 192.168.1.111,74.125.100.168,0,0,0,0,0, 192.168.1.111,172.217.11.10,0,0,0,0,0, 192.168.1.111,216.58.212.131,0,0,0,0,0, 192.168.1.111,172.217.19.195,0,0,0,0,0, 192.168.1.111,172.217.10.226,QUIC,5,4,3022,4249, 192.168.1.111,172.217.9.227,0,0,0,0,0, 192.168.1.111,172.217.20.99,0,0,0,0,0, 192.168.1.111,172.217.13.228,QUIC,3,2,2864,2784, 192.168.1.111,172.217.17.99,0,0,0,0,0, 192.168.1.111,172.217.11.38,QUIC,3,2,2864,2784, 192.168.1.111,216.58.209.131,0,0,0,0,0, 192.168.1.111,172.217.20.67,0,0,0,0,0, 192.168.1.111,172.217.6.227,0,0,0,0,0, 192.168.1.111,172.217.11.42,0,0,0,0,0, 192.168.1.111,172.217.11.51,0,0,0,0,0, 192.168.1.111,0,0,0,0,0,0, 192.168.1.111,0.0.0.0,0,1,1,92,137,0,0,0,0,0,1526490906360,0.0,31732.921,0,0,0,0,0,0,0,0,0,0.0,0.0,-1
1.1,6,4,473,2930, 192.168.1.111,173.194.184.10,0,0,0,0,0, 192.168.1.111,74.125.159.90,0,0,0,0,0, 192.168.1.111,172.217.11.35,0,0,0,0,0, 192.168.1.111,172.217.3.110,0,0,0,0,0, 192.168.1.111,172.217.12.142,0,0,0,0,0, 192.168.1.111,172.217.11.46,0,0,0,0,0, 192.168.1.111,216.58.219.206,0,0,0,0,0, 192.168.1.111,172.217.9.237,0,0,0,0,0, 192.168.1.111,172.217.11.3,0,0,0,0,0, 192.168.1.111,74.125.100.168,0,0,0,0,0, 192.168.1.111,172.217.11.10,0,0,0,0,0, 192.168.1.111,216.58.212.131,0,0,0,0,0, 192.168.1.111,172.217.19.195,0,0,0,0,0, 192.168.1.111,172.217.10.226,QUIC,1,0,77,0, 192.168.1.111,172.217.9.227,0,0,0,0,0, 192.168.1.111,172.217.20.99,0,0,0,0,0, 192.168.1.111,172.217.13.228,QUIC,3,2,235,1465, 192.168.1.111,172.217.17.99,0,0,0,0,0, 192.168.1.111,172.217.11.38,QUIC,2,2,161,1465, 192.168.1.111,216.58.209.131,0,0,0,0,0, 192.168.1.111,172.217.20.67,0,0,0,0,0, 192.168.1.111,172.217.6.227,0,0,0,0,0, 192.168.1.111,172.217.11.42,0,0,0,0,0, 192.168.1.111,172.217.11.51,0,0,0,0,0, 192.168.1.111,0,0,0,0,0,0, 192.168.1.111,0.0.0.0,0,0,0,0,0,0,0,0,0,0,1526490906360,0.0,31732.921,0,0,0,0,0,0,0,0,0,0.0,0.0,-1
1.2,11,22,884,16691, 192.168.1.111,173.194.184.10,0,0,0,0,0, 192.168.1.111,74.125.159.90,0,0,0,0,0, 192.168.1.111,172.217.11.35,0,0,0,0,0, 192.168.1.111,172.217.3.110,QUIC,8,15,640,16181, 192.168.1.111,172.217.12.142,0,0,0,0,0, 192.168.1.111,172.217.11.46,0,0,0,0,0, 192.168.1.111,216.58.219.206,0,0,0,0,0, 192.168.1.111,172.217.9.237,0,0,0,0,0, 192.168.1.111,172.217.11.3,0,0,0,0,0, 192.168.1.111,74.125.100.168,0,0,0,0,0, 192.168.1.111,172.217.11.10,0,0,0,0,0, 192.168.1.111,216.58.212.131,0,0,0,0,0, 192.168.1.111,172.217.19.195,0,0,0,0,0, 192.168.1.111,172.217.10.226,QUIC,2,4,164,293, 192.168.1.111,172.217.9.227,0,0,0,0,0, 192.168.1.111,172.217.20.99,0,0,0,0,0, 192.168.1.111,172.217.13.228,QUIC,1,2,80,145, 192.168.1.111,172.217.17.99,0,0,0,0,0, 192.168.1.111,172.217.11.38,QUIC,0,1,0,72, 192.168.1.111,216.58.209.131,0,0,0,0,0, 192.168.1.111,172.217.20.67,0,0,0,0,0, 192.168.1.111,172.217.6.227,0,0,0,0,0, 192.168.1.111,172.217.11.42,0,0,0,0,0, 192.168.1.111,172.217.11.51,0,0,0,0,0, 192.168.1.111,0,0,0,0,0,0, 192.168.1.111,0.0.0.0,0,0,0,0,0,0,0,0,0,0,1526490906360,0.0,31732.921,0,0,0,0,0,0,0,0,0,0.0,0.0,-1
1.3,0,0,0,0, 192.168.1.111,173.194.184.10,0,0,0,0,0, 192.168.1.111,74.125.159.90,0,0,0,0,0, 192.168.1.111,172.217.11.35,0,0,0,0,0, 192.168.1.111,172.217.3.110,0,0,0,0,0, 192.168.1.111,172.217.12.142,0,0,0,0,0, 192.168.1.111,172.217.11.46,0,0,0,0,0, 192.168.1.111,216.58.219.206,0,0,0,0,0, 192.168.1.111,172.217.9.237,0,0,0,0,0, 192.168.1.111,172.217.11.3,0,0,0,0,0, 192.168.1.111,74.125.100.168,0,0,0,0,0, 192.168.1.111,172.217.11.10,0,0,0,0,0, 192.168.1.111,216.58.212.131,0,0,0,0,0, 192.168.1.111,172.217.19.195,0,0,0,0,0, 192.168.1.111,172.217.10.226,0,0,0,0,0, 192.168.1.111,172.217.9.227,0,0,0,0,0, 192.168.1.111,172.217.20.99,0,0,0,0,0, 192.168.1.111,172.217.13.228,0,0,0,0,0, 192.168.1.111,172.217.17.99,0,0,0,0,0, 192.168.1.111,172.217.11.38,0,0,0,0,0, 192.168.1.111,216.58.209.131,0,0,0,0,0, 192.168.1.111,172.217.20.67,0,0,0,0,0, 192.168.1.111,172.217.6.227,0,0,0,0,0, 192.168.1.111,172.217.11.42,0,0,0,0,0, 192.168.1.111,172.217.11.51,0,0,0,0,0, 192.168.1.111,0,0,0,0,0,0, 192.168.1.111,0.0.0.0,0,0,0,0,0,0,0,0,0,0,1526490906360,0.0,31732.921,0,0,0,0,0,0,0,0,0,0.0,0.0,-1
1.4,3,1,1170,243, 192.168.1.111,173.194.184.10,0,0,0,0,0, 192.168.1.111,74.125.159.90,0,0,0,0,0, 192.168.1.111,172.217.11.35,0,0,0,0,0, 192.168.1.111,172.217.3.110,0,0,0,0,0, 192.168.1.111,172.217.12.142,0,0,0,0,0, 192.168.1.111,172.217.11.46,0,0,0,0,0, 192.168.1.111,216.58.219.206,0,0,0,0,0, 192.168.1.111,172.217.9.237,0,0,0,0,0, 192.168.1.111,172.217.11.3,0,0,0,0,0, 192.168.1.111,74.125.100.168,0,0,0,0,0, 192.168.1.111,172.217.11.10,0,0,0,0,0, 192.168.1.111,216.58.212.131,0,0,0,0,0, 192.168.1.111,172.217.19.195,0,0,0,0,0, 192.168.1.111,172.217.10.226,QUIC,1,0,543,0, 192.168.1.111,172.217.9.227,0,0,0,0,0, 192.168.1.111,172.217.20.99,0,0,0,0,0, 192.168.1.111,172.217.13.228,0,0,0,0,0, 192.168.1.111,172.217.17.99,0,0,0,0,0, 192.168.1.111,172.217.11.38,QUIC,2,1,627,243, 192.168.1.111,216.58.209.131,0,0,0,0,0, 192.168.1.111,172.217.20.67,0,0,0,0,0, 192.168.1.111,172.217.6.227,0,0,0,0,0, 192.168.1.111,172.217.11.42,0,0,0,0,0, 192.168.1.111,172.217.11.51,0,0,0,0,0, 192.168.1.111,0,0,0,0,0,0, 192.168.1.111,0.0.0.0,0,0,0,0,0,0,0,0,0,0,1526490906360,0.0,31732.921,0,0,0,0,0,0,0,0,0,0.0,0.0,-1
1.5000000000000002,1,3,83,1077, 192.168.1.111,173.194.184.10,0,0,0,0,0, 192.168.1.111,74.125.159.90,0,0,0,0,0, 192.168.1.111,172.217.11.35,0,0,0,0,0, 192.168.1.111,172.217.3.110,0,0,0,0,0, 192.168.1.111,172.217.12.142,0,0,0,0,0, 192.168.1.111,172.217.11.46,0,0,0,0,0, 192.168.1.111,216.58.219.206,0,0,0,0,0, 192.168.1.111,172.217.9.237,0,0,0,0,0, 192.168.1.111,172.217.11.3,0,0,0,0,0, 192.168.1.111,74.125.100.168,0,0,0,0,0, 192.168.1.111,172.217.11.10,0,0,0,0,0, 192.168.1.111,216.58.212.131,0,0,0,0,0, 192.168.1.111,172.217.19.195,0,0,0,0,0, 192.168.1.111,172.217.10.226,QUIC,1,2,83,1008, 192.168.1.111,172.217.9.227,0,0,0,0,0, 192.168.1.111,172.217.20.99,0,0,0,0,0, 192.168.1.111,172.217.13.228,0,0,0,0,0, 192.168.1.111,172.217.17.99,0,0,0,0,0, 192.168.1.111,172.217.11.38,QUIC,0,1,0,69, 192.168.1.111,216.58.209.131,0,0,0,0,0, 192.168.1.111,172.217.20.67,0,0,0,0,0, 192.168.1.111,172.217.6.227,0,0,0,0,0, 192.168.1.111,172.217.11.42,0,0,0,0,0, 192.168.1.111,172.217.11.51,0,0,0,0,0, 192.168.1.111,0,0,0,0,0,0, 192.168.1.111,0.0.0.0,0,0,0,0,0,0,0,0,0,0,1526490906360,0.0,31732.921,0,0,0,0,0,0,0,0,0,0.0,0.0,-1
1.6000000000000003,2,3,162,1032, 192.168.1.111,173.194.184.10,0,0,0,0,0, 192.168.1.111,74.125.159.90,0,0,0,0,0, 192.168.1.111,172.217.11.35,0,0,0,0,0, 192.168.1.111,172.217.3.110,0,0,0,0,0, 192.168.1.111,172.217.12.142,0,0,0,0,0, 192.168.1.111,172.217.11.46,0,0,0,0,0, 192.168.1.111,216.58.219.206,0,0,0,0,0, 192.168.1.111,172.217.9.237,0,0,0,0,0, 192.168.1.111,172.217.11.3,0,0,0,0,0, 192.168.1.111,74.125.100.168,0,0,0,0,0, 192.168.1.111,172.217.11.10,0,0,0,0,0, 192.168.1.111,216.58.212.131,0,0,0,0,0, 192.168.1.111,172.217.19.195,0,0,0,0,0, 192.168.1.111,172.217.10.226,QUIC,1,2,80,930, 192.168.1.111,172.217.9.227,0,0,0,0,0, 192.168.1.111,172.217.20.99,0,0,0,0,0, 192.168.1.111,172.217.13.228,0,0,0,0,0, 192.168.1.111,172.217.17.99,0,0,0,0,0, 192.168.1.111,172.217.11.38,0,0,0,0,0, 192.168.1.111,216.58.209.131,0,0,0,0,0, 192.168.1.111,172.217.20.67,0,0,0,0,0, 192.168.1.111,172.217.6.227,0,0,0,0,0, 192.168.1.111,172.217.11.42,0,0,0,0,0, 192.168.1.111,172.217.11.51,0,0,0,0,0, 192.168.1.111,0,0,0,0,0,0, 192.168.1.111,0.0.0.0,0,1,0,82,0,0,0,0,0,0,1526490906360,0.0,31732.921,0,0,0,0,0,0,0,0,0,0.0,0.0,-1
1.7000000000000004,2,1,890,96, 192.168.1.111,173.194.184.10,0,0,0,0,0, 192.168.1.111,74.125.159.90,0,0,0,0,0, 192.168.1.111,172.217.11.35,0,0,0,0,0, 192.168.1.111,172.217.3.110,QUIC,2,1,890,96, 192.168.1.111,172.217.12.142,0,0,0,0,0, 192.168.1.111,172.217.11.46,0,0,0,0,0, 192.168.1.111,216.58.219.206,0,0,0,0,0, 192.168.1.111,172.217.9.237,0,0,0,0,0, 192.168.1.111,172.217.11.3,0,0,0,0,0, 192.168.1.111,74.125.100.168,0,0,0,0,0, 192.168.1.111,172.217.11.10,0,0,0,0,0, 192.168.1.111,216.58.212.131,0,0,0,0,0, 192.168.1.111,172.217.19.195,0,0,0,0,0, 192.168.1.111,172.217.10.226,0,0,0,0,0, 192.168.1.111,172.217.9.227,0,0,0,0,0, 192.168.1.111,172.217.20.99,0,0,0,0,0, 192.168.1.111,172.217.13.228,0,0,0,0,0, 192.168.1.111,172.217.17.99,0,0,0,0,0, 192.168.1.111,172.217.11.38,0,0,0,0,0, 192.168.1.111,216.58.209.131,0,0,0,0,0, 192.168.1.111,172.217.20.67,0,0,0,0,0, 192.168.1.111,172.217.6.227,0,0,0,0,0, 192.168.1.111,172.217.11.42,0,0,0,0,0, 192.168.1.111,172.217.11.51,0,0,0,0,0, 192.168.1.111,0,0,0,0,0,0, 192.168.1.111,0.0.0.0,0,0,0,0,0,0,0,0,0,0,1526490906360,0.0,31732.921,0,0,0,0,0,0,0,0,0,0.0,0.0,-1
1.8000000000000005,0,0,0,0, 192.168.1.111,173.194.184.10,0,0,0,0,0, 192.168.1.111,74.125.159.90,0,0,0,0,0, 192.168.1.111,172.217.11.35,0,0,0,0,0, 192.168.1.111,172.217.3.110,0,0,0,0,0, 192.168.1.111,172.217.12.142,0,0,0,0,0, 192.168.1.111,172.217.11.46,0,0,0,0,0, 192.168.1.111,216.58.219.206,0,0,0,0,0, 192.168.1.111,172.217.9.237,0,0,0,0,0, 192.168.1.111,172.217.11.3,0,0,0,0,0, 192.168.1.111,74.125.100.168,0,0,0,0,0, 192.168.1.111,172.217.11.10,0,0,0,0,0, 192.168.1.111,216.58.212.131,0,0,0,0,0, 192.168.1.111,172.217.19.195,0,0,0,0,0, 192.168.1.111,172.217.10.226,0,0,0,0,0, 192.168.1.111,172.217.9.227,0,0,0,0,0, 192.168.1.111,172.217.20.99,0,0,0,0,0, 192.168.1.111,172.217.13.228,0,0,0,0,0, 192.168.1.111,172.217.17.99,0,0,0,0,0, 192.168.1.111,172.217.11.38,0,0,0,0,0, 192.168.1.111,216.58.209.131,0,0,0,0,0, 192.168.1.111,172.217.20.67,0,0,0,0,0, 192.168.1.111,172.217.6.227,0,0,0,0,0, 192.168.1.111,172.217.11.42,0,0,0,0,0, 192.168.1.111,172.217.11.51,0,0,0,0,0, 192.168.1.111,0,0,0,0,0,0, 192.168.1.111,0.0.0.0,0,0,0,0,0,0,0,0,0,0,1526490906360,0.0,31732.921,0,0,0,0,0,0,0,0,0,0.0,0.0,-1
1.9000000000000008,1,1,80,191, 192.168.1.111,173.194.184.10,0,0,0,0,0, 192.168.1.111,74.125.159.90,0,0,0,0,0, 192.168.1.111,172.217.11.35,0,0,0,0,0, 192.168.1.111,172.217.3.110,QUIC,1,1,80,191, 192.168.1.111,172.217.12.142,0,0,0,0,0, 192.168.1.111,172.217.11.46,0,0,0,0,0, 192.168.1.111,216.58.219.206,0,0,0,0,0, 192.168.1.111,172.217.9.237,0,0,0,0,0, 192.168.1.111,172.217.11.3,0,0,0,0,0, 192.168.1.111,74.125.100.168,0,0,0,0,0, 192.168.1.111,172.217.11.10,0,0,0,0,0, 192.168.1.111,216.58.212.131,0,0,0,0,0, 192.168.1.111,172.217.19.195,0,0,0,0,0, 192.168.1.111,172.217.10.226,0,0,0,0,0, 192.168.1.111,172.217.9.227,0,0,0,0,0, 192.168.1.111,172.217.20.99,0,0,0,0,0, 192.168.1.111,172.217.13.228,0,0,0,0,0, 192.168.1.111,172.217.17.99,0,0,0,0,0, 192.168.1.111,172.217.11.38,0,0,0,0,0, 192.168.1.111,216.58.209.131,0,0,0,0,0, 192.168.1.111,172.217.20.67,0,0,0,0,0, 192.168.1.111,172.217.6.227,0,0,0,0,0, 192.168.1.111,172.217.11.42,0,0,0,0,0, 192.168.1.111,172.217.11.51,0,0,0,0,0, 192.168.1.111,0,0,0,0,0,0, 192.168.1.111,0.0.0.0,0,0,0,0,0,0,0,0,0,0,1526490906360,0.0,31732.921,0,0,0,0,0,0,0,0,0,0.0,0.0,-1
2.0000000000000004,1,0,426,0, 192.168.1.111,173.194.184.10,0,0,0,0,0, 192.168.1.111,74.125.159.90,0,0,0,0,0, 192.168.1.111,172.217.11.35,0,0,0,0,0, 192.168.1.111,172.217.3.110,QUIC,1,0,426,0, 192.168.1.111,172.217.12.142,0,0,0,0,0, 192.168.1.111,172.217.11.46,0,0,0,0,0, 192.168.1.111,216.58.219.206,0,0,0,0,0, 192.168.1.111,172.217.9.237,0,0,0,0,0, 192.168.1.111,172.217.11.3,0,0,0,0,0, 192.168.1.111,74.125.100.168,0,0,0,0,0, 192.168.1.111,172.217.11.10,0,0,0,0,0, 192.168.1.111,216.58.212.131,0,0,0,0,0, 192.168.1.111,172.217.19.195,0,0,0,0,0, 192.168.1.111,172.217.10.226,0,0,0,0,0, 192.168.1.111,172.217.9.227,0,0,0,0,0, 192.168.1.111,172.217.20.99,0,0,0,0,0, 192.168.1.111,172.217.13.228,0,0,0,0,0, 192.168.1.111,172.217.17.99,0,0,0,0,0, 192.168.1.111,172.217.11.38,0,0,0,0,0, 192.168.1.111,216.58.209.131,0,0,0,0,0, 192.168.1.111,172.217.20.67,0,0,0,0,0, 192.168.1.111,172.217.6.227,0,0,0,0,0, 192.168.1.111,172.217.11.42,0,0,0,0,0, 192.168.1.111,172.217.11.51,0,0,0,0,0, 192.168.1.111,0,0,0,0,0,0, 192.168.1.111,0.0.0.0,0,0,0,0,0,0,0,0,0,0,1526490906360,0.0,31732.921,0,0,0,0,0,0,0,0,0,0.0,0.0,-1
5.4999999999999964,14,93,2983,126709, 192.168.1.111,173.194.184.10,QUIC,12,92,1821,126634, 192.168.1.111,74.125.159.90,0,0,0,0,0, 192.168.1.111,172.217.11.35,0,0,0,0,0, 192.168.1.111,172.217.3.110,QUIC,2,1,1162,75, 192.168.1.111,172.217.12.142,0,0,0,0,0, 192.168.1.111,172.217.11.46,0,0,0,0,0, 192.168.1.111,216.58.219.206,0,0,0,0,0, 192.168.1.111,172.217.9.237,0,0,0,0,0, 192.168.1.111,172.217.11.3,0,0,0,0,0, 192.168.1.111,74.125.100.168,0,0,0,0,0, 192.168.1.111,172.217.11.10,0,0,0,0,0, 192.168.1.111,216.58.212.131,0,0,0,0,0, 192.168.1.111,172.217.19.195,0,0,0,0,0, 192.168.1.111,172.217.10.226,0,0,0,0,0, 192.168.1.111,172.217.9.227,0,0,0,0,0, 192.168.1.111,172.217.20.99,0,0,0,0,0, 192.168.1.111,172.217.13.228,0,0,0,0,0, 192.168.1.111,172.217.17.99,0,0,0,0,0, 192.168.1.111,172.217.11.38,0,0,0,0,0, 192.168.1.111,216.58.209.131,0,0,0,0,0, 192.168.1.111,172.217.20.67,0,0,0,0,0, 192.168.1.111,172.217.6.227,0,0,0,0,0, 192.168.1.111,172.217.11.42,0,0,0,0,0, 192.168.1.111,172.217.11.51,0,0,0,0,0, 192.168.1.111,0,0,0,0,0,0, 192.168.1.111,0.0.0.0,0,0,0,0,0,0,0,1,0,1526490910972,1526490906360,2233.008999824524,31732.921,0,0,0,0,0,1,0,0,0,1.6570001754762416,0.0704210620888004,true
1800.0999999994583,0,0,0,0, 192.168.1.111,173.194.184.10,0,0,0,0,0, 192.168.1.111,74.125.159.90,0,0,0,0,0, 192.168.1.111,172.217.11.35,0,0,0,0,0, 192.168.1.111,172.217.3.110,0,0,0,0,0, 192.168.1.111,172.217.12.142,0,0,0,0,0, 192.168.1.111,172.217.11.46,0,0,0,0,0, 192.168.1.111,216.58.219.206,0,0,0,0,0, 192.168.1.111,172.217.9.237,0,0,0,0,0, 192.168.1.111,172.217.11.3,0,0,0,0,0, 192.168.1.111,74.125.100.168,0,0,0,0,0, 192.168.1.111,172.217.11.10,0,0,0,0,0, 192.168.1.111,216.58.212.131,0,0,0,0,0, 192.168.1.111,172.217.19.195,0,0,0,0,0, 192.168.1.111,172.217.10.226,0,0,0,0,0, 192.168.1.111,172.217.9.227,0,0,0,0,0, 192.168.1.111,172.217.20.99,0,0,0,0,0, 192.168.1.111,172.217.13.228,0,0,0,0,0, 192.168.1.111,172.217.17.99,0,0,0,0,0, 192.168.1.111,172.217.11.38,0,0,0,0,0, 192.168.1.111,216.58.209.131,0,0,0,0,0, 192.168.1.111,172.217.20.67,0,0,0,0,0, 192.168.1.111,172.217.6.227,0,0,0,0,0, 192.168.1.111,172.217.11.42,0,0,0,0,0, 192.168.1.111,172.217.11.51,0,0,0,0,0, 192.168.1.111,0,0,0,0,0,0, 192.168.1.111,0.0.0.0,0,0,0,0,0,0,0,0,0,0,1526490906360,0.0,31732.921,0,0,0,0,0,0,0,0,0,0.0,0.0,-1
1800.1999999994582,0,0,0,0, 192.168.1.111,173.194.184.10,0,0,0,0,0, 192.168.1.111,74.125.159.90,0,0,0,0,0, 192.168.1.111,172.217.11.35,0,0,0,0,0, 192.168.1.111,172.217.3.110,0,0,0,0,0, 192.168.1.111,172.217.12.142,0,0,0,0,0, 192.168.1.111,172.217.11.46,0,0,0,0,0, 192.168.1.111,216.58.219.206,0,0,0,0,0, 192.168.1.111,172.217.9.237,0,0,0,0,0, 192.168.1.111,172.217.11.3,0,0,0,0,0, 192.168.1.111,74.125.100.168,0,0,0,0,0, 192.168.1.111,172.217.11.10,0,0,0,0,0, 192.168.1.111,216.58.212.131,0,0,0,0,0, 192.168.1.111,172.217.19.195,0,0,0,0,0, 192.168.1.111,172.217.10.226,0,0,0,0,0, 192.168.1.111,172.217.9.227,0,0,0,0,0, 192.168.1.111,172.217.20.99,0,0,0,0,0, 192.168.1.111,172.217.13.228,0,0,0,0,0, 192.168.1.111,172.217.17.99,0,0,0,0,0, 192.168.1.111,172.217.11.38,0,0,0,0,0, 192.168.1.111,216.58.209.131,0,0,0,0,0, 192.168.1.111,172.217.20.67,0,0,0,0,0, 192.168.1.111,172.217.6.227,0,0,0,0,0, 192.168.1.111,172.217.11.42,0,0,0,0,0, 192.168.1.111,172.217.11.51,0,0,0,0,0, 192.168.1.111,0,0,0,0,0,0, 192.168.1.111,0.0.0.0,0,0,0,0,0,0,0,0,0,0,1526490906360,0.0,31732.921,0,0,0,0,0,0,0,0,0,0.0,0.0,-1
1800.299999999458,0,0,0,0, 192.168.1.111,173.194.184.10,0,0,0,0,0, 192.168.1.111,74.125.159.90,0,0,0,0,0, 192.168.1.111,172.217.11.35,0,0,0,0,0, 192.168.1.111,172.217.3.110,0,0,0,0,0, 192.168.1.111,172.217.12.142,0,0,0,0,0, 192.168.1.111,172.217.11.46,0,0,0,0,0, 192.168.1.111,216.58.219.206,0,0,0,0,0, 192.168.1.111,172.217.9.237,0,0,0,0,0, 192.168.1.111,172.217.11.3,0,0,0,0,0, 192.168.1.111,74.125.100.168,0,0,0,0,0, 192.168.1.111,172.217.11.10,0,0,0,0,0, 192.168.1.111,216.58.212.131,0,0,0,0,0, 192.168.1.111,172.217.19.195,0,0,0,0,0, 192.168.1.111,172.217.10.226,0,0,0,0,0, 192.168.1.111,172.217.9.227,0,0,0,0,0, 192.168.1.111,172.217.20.99,0,0,0,0,0, 192.168.1.111,172.217.13.228,0,0,0,0,0, 192.168.1.111,172.217.17.99,0,0,0,0,0, 192.168.1.111,172.217.11.38,0,0,0,0,0, 192.168.1.111,216.58.209.131,0,0,0,0,0, 192.168.1.111,172.217.20.67,0,0,0,0,0, 192.168.1.111,172.217.6.227,0,0,0,0,0, 192.168.1.111,172.217.11.42,0,0,0,0,0, 192.168.1.111,172.217.11.51,0,0,0,0,0, 192.168.1.111,0,0,0,0,0,0, 192.168.1.111,0.0.0.0,0,0,0,0,0,0,0,0,0,0,1526490906360,0.0,31732.921,0,0,0,0,0,0,0,0,0,0.0,0.0,-1
1800.399999999458,0,0,0,0, 192.168.1.111,173.194.184.10,0,0,0,0,0, 192.168.1.111,74.125.159.90,0,0,0,0,0, 192.168.1.111,172.217.11.35,0,0,0,0,0, 192.168.1.111,172.217.3.110,0,0,0,0,0, 192.168.1.111,172.217.12.142,0,0,0,0,0, 192.168.1.111,172.217.11.46,0,0,0,0,0, 192.168.1.111,216.58.219.206,0,0,0,0,0, 192.168.1.111,172.217.9.237,0,0,0,0,0, 192.168.1.111,172.217.11.3,0,0,0,0,0, 192.168.1.111,74.125.100.168,0,0,0,0,0, 192.168.1.111,172.217.11.10,0,0,0,0,0, 192.168.1.111,216.58.212.131,0,0,0,0,0, 192.168.1.111,172.217.19.195,0,0,0,0,0, 192.168.1.111,172.217.10.226,0,0,0,0,0, 192.168.1.111,172.217.9.227,0,0,0,0,0, 192.168.1.111,172.217.20.99,0,0,0,0,0, 192.168.1.111,172.217.13.228,0,0,0,0,0, 192.168.1.111,172.217.17.99,0,0,0,0,0, 192.168.1.111,172.217.11.38,0,0,0,0,0, 192.168.1.111,216.58.209.131,0,0,0,0,0, 192.168.1.111,172.217.20.67,0,0,0,0,0, 192.168.1.111,172.217.6.227,0,0,0,0,0, 192.168.1.111,172.217.11.42,0,0,0,0,0, 192.168.1.111,172.217.11.51,0,0,0,0,0, 192.168.1.111,0,0,0,0,0,0, 192.168.1.111,0.0.0.0,0,0,0,0,0,0,0,0,0,0,1526490906360,0.0,31732.921,0,0,0,0,0,0,0,0,0,0.0,0.0,-1
1800.499999999458,0,0,0,0, 192.168.1.111,173.194.184.10,0,0,0,0,0, 192.168.1.111,74.125.159.90,0,0,0,0,0, 192.168.1.111,172.217.11.35,0,0,0,0,0, 192.168.1.111,172.217.3.110,0,0,0,0,0, 192.168.1.111,172.217.12.142,0,0,0,0,0, 192.168.1.111,172.217.11.46,0,0,0,0,0, 192.168.1.111,216.58.219.206,0,0,0,0,0, 192.168.1.111,172.217.9.237,0,0,0,0,0, 192.168.1.111,172.217.11.3,0,0,0,0,0, 192.168.1.111,74.125.100.168,0,0,0,0,0, 192.168.1.111,172.217.11.10,0,0,0,0,0, 192.168.1.111,216.58.212.131,0,0,0,0,0, 192.168.1.111,172.217.19.195,0,0,0,0,0, 192.168.1.111,172.217.10.226,0,0,0,0,0, 192.168.1.111,172.217.9.227,0,0,0,0,0, 192.168.1.111,172.217.20.99,0,0,0,0,0, 192.168.1.111,172.217.13.228,0,0,0,0,0, 192.168.1.111,172.217.17.99,0,0,0,0,0, 192.168.1.111,172.217.11.38,0,0,0,0,0, 192.168.1.111,216.58.209.131,0,0,0,0,0, 192.168.1.111,172.217.20.67,0,0,0,0,0, 192.168.1.111,172.217.6.227,0,0,0,0,0, 192.168.1.111,172.217.11.42,0,0,0,0,0, 192.168.1.111,172.217.11.51,0,0,0,0,0, 192.168.1.111,0,0,0,0,0,0, 192.168.1.111,0.0.0.0,0,0,0,0,0,0,0,0,0,0,1526490906360,0.0,31732.921,0,0,0,0,0,0,0,0,0,0.0,0.0,-1
1800.599999999458,0,0,0,0, 192.168.1.111,173.194.184.10,0,0,0,0,0, 192.168.1.111,74.125.159.90,0,0,0,0,0, 192.168.1.111,172.217.11.35,0,0,0,0,0, 192.168.1.111,172.217.3.110,0,0,0,0,0, 192.168.1.111,172.217.12.142,0,0,0,0,0, 192.168.1.111,172.217.11.46,0,0,0,0,0, 192.168.1.111,216.58.219.206,0,0,0,0,0, 192.168.1.111,172.217.9.237,0,0,0,0,0, 192.168.1.111,172.217.11.3,0,0,0,0,0, 192.168.1.111,74.125.100.168,0,0,0,0,0, 192.168.1.111,172.217.11.10,0,0,0,0,0, 192.168.1.111,216.58.212.131,0,0,0,0,0, 192.168.1.111,172.217.19.195,0,0,0,0,0, 192.168.1.111,172.217.10.226,0,0,0,0,0, 192.168.1.111,172.217.9.227,0,0,0,0,0, 192.168.1.111,172.217.20.99,0,0,0,0,0, 192.168.1.111,172.217.13.228,0,0,0,0,0, 192.168.1.111,172.217.17.99,0,0,0,0,0, 192.168.1.111,172.217.11.38,0,0,0,0,0, 192.168.1.111,216.58.209.131,0,0,0,0,0, 192.168.1.111,172.217.20.67,0,0,0,0,0, 192.168.1.111,172.217.6.227,0,0,0,0,0, 192.168.1.111,172.217.11.42,0,0,0,0,0, 192.168.1.111,172.217.11.51,0,0,0,0,0, 192.168.1.111,0,0,0,0,0,0, 192.168.1.111,0.0.0.0,0,0,0,0,0,0,0,0,0,0,1526490906360,0.0,31732.921,0,0,0,0,0,0,0,0,0,0.0,0.0,-1
1800.6999999994578,0,0,0,0, 192.168.1.111,173.194.184.10,0,0,0,0,0, 192.168.1.111,74.125.159.90,0,0,0,0,0, 192.168.1.111,172.217.11.35,0,0,0,0,0, 192.168.1.111,172.217.3.110,0,0,0,0,0, 192.168.1.111,172.217.12.142,0,0,0,0,0, 192.168.1.111,172.217.11.46,0,0,0,0,0, 192.168.1.111,216.58.219.206,0,0,0,0,0, 192.168.1.111,172.217.9.237,0,0,0,0,0, 192.168.1.111,172.217.11.3,0,0,0,0,0, 192.168.1.111,74.125.100.168,0,0,0,0,0, 192.168.1.111,172.217.11.10,0,0,0,0,0, 192.168.1.111,216.58.212.131,0,0,0,0,0, 192.168.1.111,172.217.19.195,0,0,0,0,0, 192.168.1.111,172.217.10.226,0,0,0,0,0, 192.168.1.111,172.217.9.227,0,0,0,0,0, 192.168.1.111,172.217.20.99,0,0,0,0,0, 192.168.1.111,172.217.13.228,0,0,0,0,0, 192.168.1.111,172.217.17.99,0,0,0,0,0, 192.168.1.111,172.217.11.38,0,0,0,0,0, 192.168.1.111,216.58.209.131,0,0,0,0,0, 192.168.1.111,172.217.20.67,0,0,0,0,0, 192.168.1.111,172.217.6.227,0,0,0,0,0, 192.168.1.111,172.217.11.42,0,0,0,0,0, 192.168.1.111,172.217.11.51,0,0,0,0,0, 192.168.1.111,0,0,0,0,0,0, 192.168.1.111,0.0.0.0,0,0,0,0,0,0,0,0,0,0,1526490906360,0.0,31732.921,0,0,0,0,0,0,0,0,0,0.0,0.0,-1
1800.7999999994577,0,0,0,0, 192.168.1.111,173.194.184.10,0,0,0,0,0, 192.168.1.111,74.125.159.90,0,0,0,0,0, 192.168.1.111,172.217.11.35,0,0,0,0,0, 192.168.1.111,172.217.3.110,0,0,0,0,0, 192.168.1.111,172.217.12.142,0,0,0,0,0, 192.168.1.111,172.217.11.46,0,0,0,0,0, 192.168.1.111,216.58.219.206,0,0,0,0,0, 192.168.1.111,172.217.9.237,0,0,0,0,0, 192.168.1.111,172.217.11.3,0,0,0,0,0, 192.168.1.111,74.125.100.168,0,0,0,0,0, 192.168.1.111,172.217.11.10,0,0,0,0,0, 192.168.1.111,216.58.212.131,0,0,0,0,0, 192.168.1.111,172.217.19.195,0,0,0,0,0, 192.168.1.111,172.217.10.226,0,0,0,0,0, 192.168.1.111,172.217.9.227,0,0,0,0,0, 192.168.1.111,172.217.20.99,0,0,0,0,0, 192.168.1.111,172.217.13.228,0,0,0,0,0, 192.168.1.111,172.217.17.99,0,0,0,0,0, 192.168.1.111,172.217.11.38,0,0,0,0,0, 192.168.1.111,216.58.209.131,0,0,0,0,0, 192.168.1.111,172.217.20.67,0,0,0,0,0, 192.168.1.111,172.217.6.227,0,0,0,0,0, 192.168.1.111,172.217.11.42,0,0,0,0,0, 192.168.1.111,172.217.11.51,0,0,0,0,0, 192.168.1.111,0,0,0,0,0,0, 192.168.1.111,0.0.0.0,0,0,0,0,0,0,0,0,0,0,1526490906360,0.0,31732.921,0,0,0,0,0,0,0,0,0,0.0,0.0,-1
1800.8999999994576,0,0,0,0, 192.168.1.111,173.194.184.10,0,0,0,0,0, 192.168.1.111,74.125.159.90,0,0,0,0,0, 192.168.1.111,172.217.11.35,0,0,0,0,0, 192.168.1.111,172.217.3.110,0,0,0,0,0, 192.168.1.111,172.217.12.142,0,0,0,0,0, 192.168.1.111,172.217.11.46,0,0,0,0,0, 192.168.1.111,216.58.219.206,0,0,0,0,0, 192.168.1.111,172.217.9.237,0,0,0,0,0, 192.168.1.111,172.217.11.3,0,0,0,0,0, 192.168.1.111,74.125.100.168,0,0,0,0,0, 192.168.1.111,172.217.11.10,0,0,0,0,0, 192.168.1.111,216.58.212.131,0,0,0,0,0, 192.168.1.111,172.217.19.195,0,0,0,0,0, 192.168.1.111,172.217.10.226,0,0,0,0,0, 192.168.1.111,172.217.9.227,0,0,0,0,0, 192.168.1.111,172.217.20.99,0,0,0,0,0, 192.168.1.111,172.217.13.228,0,0,0,0,0, 192.168.1.111,172.217.17.99,0,0,0,0,0, 192.168.1.111,172.217.11.38,0,0,0,0,0, 192.168.1.111,216.58.209.131,0,0,0,0,0, 192.168.1.111,172.217.20.67,0,0,0,0,0, 192.168.1.111,172.217.6.227,0,0,0,0,0, 192.168.1.111,172.217.11.42,0,0,0,0,0, 192.168.1.111,172.217.11.51,0,0,0,0,0, 192.168.1.111,0,0,0,0,0,0, 192.168.1.111,0.0.0.0,0,0,0,0,0,0,0,0,0,0,1526490906360,0.0,31732.921,0,0,0,0,0,0,0,0,0,0.0,0.0,-1
0.0,1,0,79,0, 192.168.1.111,173.194.184.10,0,0,0,0,0, 192.168.1.111,172.217.11.3,0,0,0,0,0, 192.168.1.111,172.217.6.238,0,0,0,0,0, 192.168.1.111,216.58.219.238,0,0,0,0,0, 192.168.1.111,172.217.11.46,0,0,0,0,0, 192.168.1.111,172.217.11.14,0,0,0,0,0, 192.168.1.111,172.217.10.98,0,0,0,0,0, 192.168.1.111,172.217.9.243,0,0,0,0,0, 192.168.1.111,172.217.11.35,0,0,0,0,0, 192.168.1.111,173.194.191.167,0,0,0,0,0, 192.168.1.111,172.217.11.6,0,0,0,0,0, 192.168.1.111,172.217.13.228,0,0,0,0,0, 192.168.1.111,172.217.13.234,0,0,0,0,0, 192.168.1.111,172.217.9.237,0,0,0,0,0, 192.168.1.111,172.217.11.10,0,0,0,0,0, 192.168.1.111,216.58.207.227,0,0,0,0,0, 192.168.1.111,172.217.22.163,0,0,0,0,0, 192.168.1.111,216.58.212.131,0,0,0,0,0, 192.168.1.111,172.217.17.99,0,0,0,0,0, 192.168.1.111,172.217.11.19,0,0,0,0,0, 192.168.1.111,0,0,0,0,0,0, 192.168.1.111,0,0,0,0,0,0, 192.168.1.111,0,0,0,0,0,0, 192.168.1.111,0,0,0,0,0,0, 192.168.1.111,0,0,0,0,0,0, 192.168.1.111,0.0.0.0,0,1,0,79,0,0,0,0,0,0,1526501275059,0.0,31732.921,0,0,0,0,0,0,0,0,0,0.0,0.0,-1
0.1,4,4,4256,2962, 192.168.1.111,173.194.184.10,0,0,0,0,0, 192.168.1.111,172.217.11.3,0,0,0,0,0, 192.168.1.111,172.217.6.238,0,0,0,0,0, 192.168.1.111,216.58.219.238,0,0,0,0,0, 192.168.1.111,172.217.11.46,0,0,0,0,0, 192.168.1.111,172.217.11.14,0,0,0,0,0, 192.168.1.111,172.217.10.98,0,0,0,0,0, 192.168.1.111,172.217.9.243,0,0,0,0,0, 192.168.1.111,172.217.11.35,0,0,0,0,0, 192.168.1.111,173.194.191.167,0,0,0,0,0, 192.168.1.111,172.217.11.6,0,0,0,0,0, 192.168.1.111,172.217.13.228,0,0,0,0,0, 192.168.1.111,172.217.13.234,0,0,0,0,0, 192.168.1.111,172.217.9.237,QUIC,4,3,4256,2867, 192.168.1.111,172.217.11.10,0,0,0,0,0, 192.168.1.111,216.58.207.227,0,0,0,0,0, 192.168.1.111,172.217.22.163,0,0,0,0,0, 192.168.1.111,216.58.212.131,0,0,0,0,0, 192.168.1.111,172.217.17.99,0,0,0,0,0, 192.168.1.111,172.217.11.19,0,0,0,0,0, 192.168.1.111,0,0,0,0,0,0, 192.168.1.111,0,0,0,0,0,0, 192.168.1.111,0,0,0,0,0,0, 192.168.1.111,0,0,0,0,0,0, 192.168.1.111,0,0,0,0,0,0, 192.168.1.111,0.0.0.0,0,0,1,0,95,0,0,0,0,0,1526501275059,0.0,31732.921,0,0,0,0,0,0,0,0,0,0.0,0.0,-1
0.2,17,19,10048,13833, 192.168.1.111,173.194.184.10,0,0,0,0,0, 192.168.1.111,172.217.11.3,QUIC,1,0,1392,0, 192.168.1.111,172.217.6.238,QUIC,5,6,3784,5451, 192.168.1.111,216.58.219.238,0,0,0,0,0, 192.168.1.111,172.217.11.46,0,0,0,0,0, 192.168.1.111,172.217.11.14,0,0,0,0,0, 192.168.1.111,172.217.10.98,0,0,0,0,0, 192.168.1.111,172.217.9.243,0,0,0,0,0, 192.168.1.111,172.217.11.35,0,0,0,0,0, 192.168.1.111,173.194.191.167,0,0,0,0,0, 192.168.1.111,172.217.11.6,0,0,0,0,0, 192.168.1.111,172.217.13.228,0,0,0,0,0, 192.168.1.111,172.217.13.234,0,0,0,0,0, 192.168.1.111,172.217.9.237,QUIC,5,5,1461,2949, 192.168.1.111,172.217.11.10,QUIC,6,8,3411,5433, 192.168.1.111,216.58.207.227,0,0,0,0,0, 192.168.1.111,172.217.22.163,0,0,0,0,0, 192.168.1.111,216.58.212.131,0,0,0,0,0, 192.168.1.111,172.217.17.99,0,0,0,0,0, 192.168.1.111,172.217.11.19,0,0,0,0,0, 192.168.1.111,0,0,0,0,0,0, 192.168.1.111,0,0,0,0,0,0, 192.168.1.111,0,0,0,0,0,0, 192.168.1.111,0,0,0,0,0,0, 192.168.1.111,0,0,0,0,0,0, 192.168.1.111,0.0.0.0,0,0,0,0,0,0,0,0,0,0,1526501275059,0.0,31732.921,0,0,0,0,0,0,0,0,0,0.0,0.0,-1
0.3,6,4,1790,4249, 192.168.1.111,173.194.184.10,0,0,0,0,0, 192.168.1.111,172.217.11.3,QUIC,4,4,1633,4249, 192.168.1.111,172.217.6.238,QUIC,1,0,80,0, 192.168.1.111,216.58.219.238,0,0,0,0,0, 192.168.1.111,172.217.11.46,0,0,0,0,0, 192.168.1.111,172.217.11.14,0,0,0,0,0, 192.168.1.111,172.217.10.98,0,0,0,0,0, 192.168.1.111,172.217.9.243,0,0,0,0,0, 192.168.1.111,172.217.11.35,0,0,0,0,0, 192.168.1.111,173.194.191.167,0,0,0,0,0, 192.168.1.111,172.217.11.6,0,0,0,0,0, 192.168.1.111,172.217.13.228,0,0,0,0,0, 192.168.1.111,172.217.13.234,0,0,0,0,0, 192.168.1.111,172.217.9.237,0,0,0,0,0, 192.168.1.111,172.217.11.10,QUIC,1,0,77,0, 192.168.1.111,216.58.207.227,0,0,0,0,0, 192.168.1.111,172.217.22.163,0,0,0,0,0, 192.168.1.111,216.58.212.131,0,0,0,0,0, 192.168.1.111,172.217.17.99,0,0,0,0,0, 192.168.1.111,172.217.11.19,0,0,0,0,0, 192.168.1.111,0,0,0,0,0,0, 192.168.1.111,0,0,0,0,0,0, 192.168.1.111,0,0,0,0,0,0, 192.168.1.111,0,0,0,0,0,0, 192.168.1.111,0,0,0,0,0,0, 192.168.1.111,0.0.0.0,0,0,0,0,0,0,0,0,0,0,1526501275059,0.0,31732.921,0,0,0,0,0,0,0,0,0,0.0,0.0,-1
0.4,0,1,0,72, 192.168.1.111,173.194.184.10,0,0,0,0,0, 192.168.1.111,172.217.11.3,QUIC,0,1,0,72, 192.168.1.111,172.217.6.238,0,0,0,0,0, 192.168.1.111,216.58.219.238,0,0,0,0,0, 192.168.1.111,172.217.11.46,0,0,0,0,0, 192.168.1.111,172.217.11.14,0,0,0,0,0, 192.168.1.111,172.217.10.98,0,0,0,0,0, 192.168.1.111,172.217.9.243,0,0,0,0,0, 192.168.1.111,172.217.11.35,0,0,0,0,0, 192.168.1.111,173.194.191.167,0,0,0,0,0, 192.168.1.111,172.217.11.6,0,0,0,0,0, 192.168.1.111,172.217.13.228,0,0,0,0,0, 192.168.1.111,172.217.13.234,0,0,0,0,0, 192.168.1.111,172.217.9.237,0,0,0,0,0, 192.168.1.111,172.217.11.10,0,0,0,0,0, 192.168.1.111,216.58.207.227,0,0,0,0,0, 192.168.1.111,172.217.22.163,0,0,0,0,0, 192.168.1.111,216.58.212.131,0,0,0,0,0, 192.168.1.111,172.217.17.99,0,0,0,0,0, 192.168.1.111,172.217.11.19,0,0,0,0,0, 192.168.1.111,0,0,0,0,0,0, 192.168.1.111,0,0,0,0,0,0, 192.168.1.111,0,0,0,0,0,0, 192.168.1.111,0,0,0,0,0,0, 192.168.1.111,0,0,0,0,0,0, 192.168.1.111,0.0.0.0,0,0,0,0,0,0,0,0,0,0,1526501275059,0.0,31732.921,0,0,0,0,0,0,0,0,0,0.0,0.0,-1
0.5,0,0,0,0, 192.168.1.111,173.194.184.10,0,0,0,0,0, 192.168.1.111,172.217.11.3,0,0,0,0,0, 192.168.1.111,172.217.6.238,0,0,0,0,0, 192.168.1.111,216.58.219.238,0,0,0,0,0, 192.168.1.111,172.217.11.46,0,0,0,0,0, 192.168.1.111,172.217.11.14,0,0,0,0,0, 192.168.1.111,172.217.10.98,0,0,0,0,0, 192.168.1.111,172.217.9.243,0,0,0,0,0, 192.168.1.111,172.217.11.35,0,0,0,0,0, 192.168.1.111,173.194.191.167,0,0,0,0,0, 192.168.1.111,172.217.11.6,0,0,0,0,0, 192.168.1.111,172.217.13.228,0,0,0,0,0, 192.168.1.111,172.217.13.234,0,0,0,0,0, 192.168.1.111,172.217.9.237,0,0,0,0,0, 192.168.1.111,172.217.11.10,0,0,0,0,0, 192.168.1.111,216.58.207.227,0,0,0,0,0, 192.168.1.111,172.217.22.163,0,0,0,0,0, 192.168.1.111,216.58.212.131,0,0,0,0,0, 192.168.1.111,172.217.17.99,0,0,0,0,0, 192.168.1.111,172.217.11.19,0,0,0,0,0, 192.168.1.111,0,0,0,0,0,0, 192.168.1.111,0,0,0,0,0,0, 192.168.1.111,0,0,0,0,0,0, 192.168.1.111,0,0,0,0,0,0, 192.168.1.111,0,0,0,0,0,0, 192.168.1.111,0.0.0.0,0,0,0,0,0,0,0,0,0,0,1526501275059,0.0,31732.921,0,0,0,0,0,0,0,0,0,0.0,0.0,-1
0.6,0,0,0,0, 192.168.1.111,173.194.184.10,0,0,0,0,0, 192.168.1.111,172.217.11.3,0,0,0,0,0, 192.168.1.111,172.217.6.238,0,0,0,0,0, 192.168.1.111,216.58.219.238,0,0,0,0,0, 192.168.1.111,172.217.11.46,0,0,0,0,0, 192.168.1.111,172.217.11.14,0,0,0,0,0, 192.168.1.111,172.217.10.98,0,0,0,0,0, 192.168.1.111,172.217.9.243,0,0,0,0,0, 192.168.1.111,172.217.11.35,0,0,0,0,0, 192.168.1.111,173.194.191.167,0,0,0,0,0, 192.168.1.111,172.217.11.6,0,0,0,0,0, 192.168.1.111,172.217.13.228,0,0,0,0,0, 192.168.1.111,172.217.13.234,0,0,0,0,0, 192.168.1.111,172.217.9.237,0,0,0,0,0, 192.168.1.111,172.217.11.10,0,0,0,0,0, 192.168.1.111,216.58.207.227,0,0,0,0,0, 192.168.1.111,172.217.22.163,0,0,0,0,0, 192.168.1.111,216.58.212.131,0,0,0,0,0, 192.168.1.111,172.217.17.99,0,0,0,0,0, 192.168.1.111,172.217.11.19,0,0,0,0,0, 192.168.1.111,0,0,0,0,0,0, 192.168.1.111,0,0,0,0,0,0, 192.168.1.111,0,0,0,0,0,0, 192.168.1.111,0,0,0,0,0,0, 192.168.1.111,0,0,0,0,0,0, 192.168.1.111,0.0.0.0,0,0,0,0,0,0,0,0,0,0,1526501275059,0.0,31732.921,0,0,0,0,0,0,0,0,0,0.0,0.0,-1
0.7,0,0,0,0, 192.168.1.111,173.194.184.10,0,0,0,0,0, 192.168.1.111,172.217.11.3,0,0,0,0,0, 192.168.1.111,172.217.6.238,0,0,0,0,0, 192.168.1.111,216.58.219.238,0,0,0,0,0, 192.168.1.111,172.217.11.46,0,0,0,0,0, 192.168.1.111,172.217.11.14,0,0,0,0,0, 192.168.1.111,172.217.10.98,0,0,0,0,0, 192.168.1.111,172.217.9.243,0,0,0,0,0, 192.168.1.111,172.217.11.35,0,0,0,0,0, 192.168.1.111,173.194.191.167,0,0,0,0,0, 192.168.1.111,172.217.11.6,0,0,0,0,0, 192.168.1.111,172.217.13.228,0,0,0,0,0, 192.168.1.111,172.217.13.234,0,0,0,0,0, 192.168.1.111,172.217.9.237,0,0,0,0,0, 192.168.1.111,172.217.11.10,0,0,0,0,0, 192.168.1.111,216.58.207.227,0,0,0,0,0, 192.168.1.111,172.217.22.163,0,0,0,0,0, 192.168.1.111,216.58.212.131,0,0,0,0,0, 192.168.1.111,172.217.17.99,0,0,0,0,0, 192.168.1.111,172.217.11.19,0,0,0,0,0, 192.168.1.111,0,0,0,0,0,0, 192.168.1.111,0,0,0,0,0,0, 192.168.1.111,0,0,0,0,0,0, 192.168.1.111,0,0,0,0,0,0, 192.168.1.111,0,0,0,0,0,0, 192.168.1.111,0.0.0.0,0,0,0,0,0,0,0,0,0,0,1526501275059,0.0,31732.921,0,0,0,0,0,0,0,0,0,0.0,0.0,-1
0.7999999999999999,0,0,0,0, 192.168.1.111,173.194.184.10,0,0,0,0,0, 192.168.1.111,172.217.11.3,0,0,0,0,0, 192.168.1.111,172.217.6.238,0,0,0,0,0, 192.168.1.111,216.58.219.238,0,0,0,0,0, 192.168.1.111,172.217.11.46,0,0,0,0,0, 192.168.1.111,172.217.11.14,0,0,0,0,0, 192.168.1.111,172.217.10.98,0,0,0,0,0, 192.168.1.111,172.217.9.243,0,0,0,0,0, 192.168.1.111,172.217.11.35,0,0,0,0,0, 192.168.1.111,173.194.191.167,0,0,0,0,0, 192.168.1.111,172.217.11.6,0,0,0,0,0, 192.168.1.111,172.217.13.228,0,0,0,0,0, 192.168.1.111,172.217.13.234,0,0,0,0,0, 192.168.1.111,172.217.9.237,0,0,0,0,0, 192.168.1.111,172.217.11.10,0,0,0,0,0, 192.168.1.111,216.58.207.227,0,0,0,0,0, 192.168.1.111,172.217.22.163,0,0,0,0,0, 192.168.1.111,216.58.212.131,0,0,0,0,0, 192.168.1.111,172.217.17.99,0,0,0,0,0, 192.168.1.111,172.217.11.19,0,0,0,0,0, 192.168.1.111,0,0,0,0,0,0, 192.168.1.111,0,0,0,0,0,0, 192.168.1.111,0,0,0,0,0,0, 192.168.1.111,0,0,0,0,0,0, 192.168.1.111,0,0,0,0,0,0, 192.168.1.111,0.0.0.0,0,0,0,0,0,0,0,0,0,0,1526501275059,0.0,31732.921,0,0,0,0,0,0,0,0,0,0.0,0.0,-1
0.8999999999999999,0,0,0,0, 192.168.1.111,173.194.184.10,0,0,0,0,0, 192.168.1.111,172.217.11.3,0,0,0,0,0, 192.168.1.111,172.217.6.238,0,0,0,0,0, 192.168.1.111,216.58.219.238,0,0,0,0,0, 192.168.1.111,172.217.11.46,0,0,0,0,0, 192.168.1.111,172.217.11.14,0,0,0,0,0, 192.168.1.111,172.217.10.98,0,0,0,0,0, 192.168.1.111,172.217.9.243,0,0,0,0,0, 192.168.1.111,172.217.11.35,0,0,0,0,0, 192.168.1.111,173.194.191.167,0,0,0,0,0, 192.168.1.111,172.217.11.6,0,0,0,0,0, 192.168.1.111,172.217.13.228,0,0,0,0,0, 192.168.1.111,172.217.13.234,0,0,0,0,0, 192.168.1.111,172.217.9.237,0,0,0,0,0, 192.168.1.111,172.217.11.10,0,0,0,0,0, 192.168.1.111,216.58.207.227,0,0,0,0,0, 192.168.1.111,172.217.22.163,0,0,0,0,0, 192.168.1.111,216.58.212.131,0,0,0,0,0, 192.168.1.111,172.217.17.99,0,0,0,0,0, 192.168.1.111,172.217.11.19,0,0,0,0,0, 192.168.1.111,0,0,0,0,0,0, 192.168.1.111,0,0,0,0,0,0, 192.168.1.111,0,0,0,0,0,0, 192.168.1.111,0,0,0,0,0,0, 192.168.1.111,0,0,0,0,0,0, 192.168.1.111,0.0.0.0,0,0,0,0,0,0,0,0,0,0,1526501275059,0.0,31732.921,0,0,0,0,0,0,0,0,0,0.0,0.0,-1
1.0,8,1,8673,102, 192.168.1.111,173.194.184.10,0,0,0,0,0, 192.168.1.111,172.217.11.3,0,0,0,0,0, 192.168.1.111,172.217.6.238,QUIC,1,0,239,0, 192.168.1.111,216.58.219.238,0,0,0,0,0, 192.168.1.111,172.217.11.46,0,0,0,0,0, 192.168.1.111,172.217.11.14,0,0,0,0,0, 192.168.1.111,172.217.10.98,QUIC,2,0,2784,0, 192.168.1.111,172.217.9.243,0,0,0,0,0, 192.168.1.111,172.217.11.35,0,0,0,0,0, 192.168.1.111,173.194.191.167,0,0,0,0,0, 192.168.1.111,172.217.11.6,QUIC,2,0,2784,0, 192.168.1.111,172.217.13.228,QUIC,2,0,2784,0, 192.168.1.111,172.217.13.234,0,0,0,0,0, 192.168.1.111,172.217.9.237,0,0,0,0,0, 192.168.1.111,172.217.11.10,0,0,0,0,0, 192.168.1.111,216.58.207.227,0,0,0,0,0, 192.168.1.111,172.217.22.163,0,0,0,0,0, 192.168.1.111,216.58.212.131,0,0,0,0,0, 192.168.1.111,172.217.17.99,0,0,0,0,0, 192.168.1.111,172.217.11.19,0,0,0,0,0, 192.168.1.111,0,0,0,0,0,0, 192.168.1.111,0,0,0,0,0,0, 192.168.1.111,0,0,0,0,0,0, 192.168.1.111,0,0,0,0,0,0, 192.168.1.111,0,0,0,0,0,0, 192.168.1.111,0.0.0.0,0,1,0,82,0,0,0,0,0,0,1526501275059,0.0,31732.921,0,0,0,0,0,0,0,0,0,0.0,0.0,-1
1.1,3,2,1711,2784, 192.168.1.111,173.194.184.10,0,0,0,0,0, 192.168.1.111,172.217.11.3,0,0,0,0,0, 192.168.1.111,172.217.6.238,QUIC,1,0,239,0, 192.168.1.111,216.58.219.238,0,0,0,0,0, 192.168.1.111,172.217.11.46,0,0,0,0,0, 192.168.1.111,172.217.11.14,0,0,0,0,0, 192.168.1.111,172.217.10.98,QUIC,2,2,1472,2784, 192.168.1.111,172.217.9.243,0,0,0,0,0, 192.168.1.111,172.217.11.35,0,0,0,0,0, 192.168.1.111,173.194.191.167,0,0,0,0,0, 192.168.1.111,172.217.11.6,0,0,0,0,0, 192.168.1.111,172.217.13.228,0,0,0,0,0, 192.168.1.111,172.217.13.234,0,0,0,0,0, 192.168.1.111,172.217.9.237,0,0,0,0,0, 192.168.1.111,172.217.11.10,0,0,0,0,0, 192.168.1.111,216.58.207.227,0,0,0,0,0, 192.168.1.111,172.217.22.163,0,0,0,0,0, 192.168.1.111,216.58.212.131,0,0,0,0,0, 192.168.1.111,172.217.17.99,0,0,0,0,0, 192.168.1.111,172.217.11.19,0,0,0,0,0, 192.168.1.111,0,0,0,0,0,0, 192.168.1.111,0,0,0,0,0,0, 192.168.1.111,0,0,0,0,0,0, 192.168.1.111,0,0,0,0,0,0, 192.168.1.111,0,0,0,0,0,0, 192.168.1.111,0.0.0.0,0,0,0,0,0,0,0,0,0,0,1526501275059,0.0,31732.921,0,0,0,0,0,0,0,0,0,0.0,0.0,-1
1.2,7,5,5970,5648, 192.168.1.111,173.194.184.10,0,0,0,0,0, 192.168.1.111,172.217.11.3,0,0,0,0,0, 192.168.1.111,172.217.6.238,QUIC,1,0,239,0, 192.168.1.111,216.58.219.238,0,0,0,0,0, 192.168.1.111,172.217.11.46,0,0,0,0,0, 192.168.1.111,172.217.11.14,0,0,0,0,0, 192.168.1.111,172.217.10.98,0,0,0,0,0, 192.168.1.111,172.217.9.243,0,0,0,0,0, 192.168.1.111,172.217.11.35,0,0,0,0,0, 192.168.1.111,173.194.191.167,0,0,0,0,0, 192.168.1.111,172.217.11.6,QUIC,3,3,2867,2864, 192.168.1.111,172.217.13.228,QUIC,3,2,2864,2784, 192.168.1.111,172.217.13.234,0,0,0,0,0, 192.168.1.111,172.217.9.237,0,0,0,0,0, 192.168.1.111,172.217.11.10,0,0,0,0,0, 192.168.1.111,216.58.207.227,0,0,0,0,0, 192.168.1.111,172.217.22.163,0,0,0,0,0, 192.168.1.111,216.58.212.131,0,0,0,0,0, 192.168.1.111,172.217.17.99,0,0,0,0,0, 192.168.1.111,172.217.11.19,0,0,0,0,0, 192.168.1.111,0,0,0,0,0,0, 192.168.1.111,0,0,0,0,0,0, 192.168.1.111,0,0,0,0,0,0, 192.168.1.111,0,0,0,0,0,0, 192.168.1.111,0,0,0,0,0,0, 192.168.1.111,0.0.0.0,0,0,0,0,0,0,0,0,0,0,1526501275059,0.0,31732.921,0,0,0,0,0,0,0,0,0,0.0,0.0,-1
1.3,2,6,160,4405, 192.168.1.111,173.194.184.10,0,0,0,0,0, 192.168.1.111,172.217.11.3,0,0,0,0,0, 192.168.1.111,172.217.6.238,QUIC,2,4,160,4251, 192.168.1.111,216.58.219.238,0,0,0,0,0, 192.168.1.111,172.217.11.46,0,0,0,0,0, 192.168.1.111,172.217.11.14,0,0,0,0,0, 192.168.1.111,172.217.10.98,QUIC,0,1,0,77, 192.168.1.111,172.217.9.243,0,0,0,0,0, 192.168.1.111,172.217.11.35,0,0,0,0,0, 192.168.1.111,173.194.191.167,0,0,0,0,0, 192.168.1.111,172.217.11.6,0,0,0,0,0, 192.168.1.111,172.217.13.228,QUIC,0,1,0,77, 192.168.1.111,172.217.13.234,0,0,0,0,0, 192.168.1.111,172.217.9.237,0,0,0,0,0, 192.168.1.111,172.217.11.10,0,0,0,0,0, 192.168.1.111,216.58.207.227,0,0,0,0,0, 192.168.1.111,172.217.22.163,0,0,0,0,0, 192.168.1.111,216.58.212.131,0,0,0,0,0, 192.168.1.111,172.217.17.99,0,0,0,0,0, 192.168.1.111,172.217.11.19,0,0,0,0,0, 192.168.1.111,0,0,0,0,0,0, 192.168.1.111,0,0,0,0,0,0, 192.168.1.111,0,0,0,0,0,0, 192.168.1.111,0,0,0,0,0,0, 192.168.1.111,0,0,0,0,0,0, 192.168.1.111,0.0.0.0,0,0,0,0,0,0,0,0,0,0,1526501275059,0.0,31732.921,0,0,0,0,0,0,0,0,0,0.0,0.0,-1
1.4,0,0,0,0, 192.168.1.111,173.194.184.10,0,0,0,0,0, 192.168.1.111,172.217.11.3,0,0,0,0,0, 192.168.1.111,172.217.6.238,0,0,0,0,0, 192.168.1.111,216.58.219.238,0,0,0,0,0, 192.168.1.111,172.217.11.46,0,0,0,0,0, 192.168.1.111,172.217.11.14,0,0,0,0,0, 192.168.1.111,172.217.10.98,0,0,0,0,0, 192.168.1.111,172.217.9.243,0,0,0,0,0, 192.168.1.111,172.217.11.35,0,0,0,0,0, 192.168.1.111,173.194.191.167,0,0,0,0,0, 192.168.1.111,172.217.11.6,0,0,0,0,0, 192.168.1.111,172.217.13.228,0,0,0,0,0, 192.168.1.111,172.217.13.234,0,0,0,0,0, 192.168.1.111,172.217.9.237,0,0,0,0,0, 192.168.1.111,172.217.11.10,0,0,0,0,0, 192.168.1.111,216.58.207.227,0,0,0,0,0, 192.168.1.111,172.217.22.163,0,0,0,0,0, 192.168.1.111,216.58.212.131,0,0,0,0,0, 192.168.1.111,172.217.17.99,0,0,0,0,0, 192.168.1.111,172.217.11.19,0,0,0,0,0, 192.168.1.111,0,0,0,0,0,0, 192.168.1.111,0,0,0,0,0,0, 192.168.1.111,0,0,0,0,0,0, 192.168.1.111,0,0,0,0,0,0, 192.168.1.111,0,0,0,0,0,0, 192.168.1.111,0.0.0.0,0,0,0,0,0,0,0,0,0,0,1526501275059,0.0,31732.921,0,0,0,0,0,0,0,0,0,0.0,0.0,-1
1.5000000000000002,2,0,2784,0, 192.168.1.111,173.194.184.10,0,0,0,0,0, 192.168.1.111,172.217.11.3,0,0,0,0,0, 192.168.1.111,172.217.6.238,0,0,0,0,0, 192.168.1.111,216.58.219.238,0,0,0,0,0, 192.168.1.111,172.217.11.46,0,0,0,0,0, 192.168.1.111,172.217.11.14,0,0,0,0,0, 192.168.1.111,172.217.10.98,QUIC,1,0,1392,0, 192.168.1.111,172.217.9.243,0,0,0,0,0, 192.168.1.111,172.217.11.35,0,0,0,0,0, 192.168.1.111,173.194.191.167,0,0,0,0,0, 192.168.1.111,172.217.11.6,QUIC,1,0,1392,0, 192.168.1.111,172.217.13.228,0,0,0,0,0, 192.168.1.111,172.217.13.234,0,0,0,0,0, 192.168.1.111,172.217.9.237,0,0,0,0,0, 192.168.1.111,172.217.11.10,0,0,0,0,0, 192.168.1.111,216.58.207.227,0,0,0,0,0, 192.168.1.111,172.217.22.163,0,0,0,0,0, 192.168.1.111,216.58.212.131,0,0,0,0,0, 192.168.1.111,172.217.17.99,0,0,0,0,0, 192.168.1.111,172.217.11.19,0,0,0,0,0, 192.168.1.111,0,0,0,0,0,0, 192.168.1.111,0,0,0,0,0,0, 192.168.1.111,0,0,0,0,0,0, 192.168.1.111,0,0,0,0,0,0, 192.168.1.111,0,0,0,0,0,0, 192.168.1.111,0.0.0.0,0,0,0,0,0,0,0,0,0,0,1526501275059,0.0,31732.921,0,0,0,0,0,0,0,0,0,0.0,0.0,-1
1.6000000000000003,23,33,2800,31962, 192.168.1.111,173.194.184.10,0,0,0,0,0, 192.168.1.111,172.217.11.3,0,0,0,0,0, 192.168.1.111,172.217.6.238,QUIC,10,16,818,16226, 192.168.1.111,216.58.219.238,0,0,0,0,0, 192.168.1.111,172.217.11.46,0,0,0,0,0, 192.168.1.111,172.217.11.14,0,0,0,0,0, 192.168.1.111,172.217.10.98,QUIC,6,7,944,7085, 192.168.1.111,172.217.9.243,0,0,0,0,0, 192.168.1.111,172.217.11.35,0,0,0,0,0, 192.168.1.111,173.194.191.167,0,0,0,0,0, 192.168.1.111,172.217.11.6,QUIC,4,5,791,4332, 192.168.1.111,172.217.13.228,QUIC,3,5,247,4319, 192.168.1.111,172.217.13.234,0,0,0,0,0, 192.168.1.111,172.217.9.237,0,0,0,0,0, 192.168.1.111,172.217.11.10,0,0,0,0,0, 192.168.1.111,216.58.207.227,0,0,0,0,0, 192.168.1.111,172.217.22.163,0,0,0,0,0, 192.168.1.111,216.58.212.131,0,0,0,0,0, 192.168.1.111,172.217.17.99,0,0,0,0,0, 192.168.1.111,172.217.11.19,0,0,0,0,0, 192.168.1.111,0,0,0,0,0,0, 192.168.1.111,0,0,0,0,0,0, 192.168.1.111,0,0,0,0,0,0, 192.168.1.111,0,0,0,0,0,0, 192.168.1.111,0,0,0,0,0,0, 192.168.1.111,0.0.0.0,0,0,0,0,0,0,0,0,0,0,1526501275059,0.0,31732.921,0,0,0,0,0,0,0,0,0,0.0,0.0,-1
1.7000000000000004,0,0,0,0, 192.168.1.111,173.194.184.10,0,0,0,0,0, 192.168.1.111,172.217.11.3,0,0,0,0,0, 192.168.1.111,172.217.6.238,0,0,0,0,0, 192.168.1.111,216.58.219.238,0,0,0,0,0, 192.168.1.111,172.217.11.46,0,0,0,0,0, 192.168.1.111,172.217.11.14,0,0,0,0,0, 192.168.1.111,172.217.10.98,0,0,0,0,0, 192.168.1.111,172.217.9.243,0,0,0,0,0, 192.168.1.111,172.217.11.35,0,0,0,0,0, 192.168.1.111,173.194.191.167,0,0,0,0,0, 192.168.1.111,172.217.11.6,0,0,0,0,0, 192.168.1.111,172.217.13.228,0,0,0,0,0, 192.168.1.111,172.217.13.234,0,0,0,0,0, 192.168.1.111,172.217.9.237,0,0,0,0,0, 192.168.1.111,172.217.11.10,0,0,0,0,0, 192.168.1.111,216.58.207.227,0,0,0,0,0, 192.168.1.111,172.217.22.163,0,0,0,0,0, 192.168.1.111,216.58.212.131,0,0,0,0,0, 192.168.1.111,172.217.17.99,0,0,0,0,0, 192.168.1.111,172.217.11.19,0,0,0,0,0, 192.168.1.111,0,0,0,0,0,0, 192.168.1.111,0,0,0,0,0,0, 192.168.1.111,0,0,0,0,0,0, 192.168.1.111,0,0,0,0,0,0, 192.168.1.111,0,0,0,0,0,0, 192.168.1.111,0.0.0.0,0,0,0,0,0,0,0,0,0,0,1526501275059,0.0,31732.921,0,0,0,0,0,0,0,0,0,0.0,0.0,-1
1.8000000000000005,5,6,1765,1466, 192.168.1.111,173.194.184.10,0,0,0,0,0, 192.168.1.111,172.217.11.3,0,0,0,0,0, 192.168.1.111,172.217.6.238,QUIC,2,0,890,0, 192.168.1.111,216.58.219.238,0,0,0,0,0, 192.168.1.111,172.217.11.46,0,0,0,0,0, 192.168.1.111,172.217.11.14,0,0,0,0,0, 192.168.1.111,172.217.10.98,QUIC,1,3,80,1077, 192.168.1.111,172.217.9.243,0,0,0,0,0, 192.168.1.111,172.217.11.35,0,0,0,0,0, 192.168.1.111,173.194.191.167,0,0,0,0,0, 192.168.1.111,172.217.11.6,QUIC,1,3,83,389, 192.168.1.111,172.217.13.228,QUIC,1,0,712,0, 192.168.1.111,172.217.13.234,0,0,0,0,0, 192.168.1.111,172.217.9.237,0,0,0,0,0, 192.168.1.111,172.217.11.10,0,0,0,0,0, 192.168.1.111,216.58.207.227,0,0,0,0,0, 192.168.1.111,172.217.22.163,0,0,0,0,0, 192.168.1.111,216.58.212.131,0,0,0,0,0, 192.168.1.111,172.217.17.99,0,0,0,0,0, 192.168.1.111,172.217.11.19,0,0,0,0,0, 192.168.1.111,0,0,0,0,0,0, 192.168.1.111,0,0,0,0,0,0, 192.168.1.111,0,0,0,0,0,0, 192.168.1.111,0,0,0,0,0,0, 192.168.1.111,0,0,0,0,0,0, 192.168.1.111,0.0.0.0,0,0,0,0,0,0,0,0,0,0,1526501275059,0.0,31732.921,0,0,0,0,0,0,0,0,0,0.0,0.0,-1
1.9000000000000008,1,3,78,281, 192.168.1.111,173.194.184.10,0,0,0,0,0, 192.168.1.111,172.217.11.3,0,0,0,0,0, 192.168.1.111,172.217.6.238,QUIC,0,1,0,108, 192.168.1.111,216.58.219.238,0,0,0,0,0, 192.168.1.111,172.217.11.46,0,0,0,0,0, 192.168.1.111,172.217.11.14,0,0,0,0,0, 192.168.1.111,172.217.10.98,0,0,0,0,0, 192.168.1.111,172.217.9.243,0,0,0,0,0, 192.168.1.111,172.217.11.35,0,0,0,0,0, 192.168.1.111,173.194.191.167,0,0,0,0,0, 192.168.1.111,172.217.11.6,0,0,0,0,0, 192.168.1.111,172.217.13.228,QUIC,0,1,0,75, 192.168.1.111,172.217.13.234,0,0,0,0,0, 192.168.1.111,172.217.9.237,0,0,0,0,0, 192.168.1.111,172.217.11.10,0,0,0,0,0, 192.168.1.111,216.58.207.227,0,0,0,0,0, 192.168.1.111,172.217.22.163,0,0,0,0,0, 192.168.1.111,216.58.212.131,0,0,0,0,0, 192.168.1.111,172.217.17.99,0,0,0,0,0, 192.168.1.111,172.217.11.19,0,0,0,0,0, 192.168.1.111,0,0,0,0,0,0, 192.168.1.111,0,0,0,0,0,0, 192.168.1.111,0,0,0,0,0,0, 192.168.1.111,0,0,0,0,0,0, 192.168.1.111,0,0,0,0,0,0, 192.168.1.111,0.0.0.0,0,1,0,78,0,0,0,0,0,0,1526501275059,0.0,31732.921,0,0,0,0,0,0,0,0,0,0.0,0.0,-1
2.0000000000000004,2,3,160,774, 192.168.1.111,173.194.184.10,0,0,0,0,0, 192.168.1.111,172.217.11.3,0,0,0,0,0, 192.168.1.111,172.217.6.238,0,0,0,0,0, 192.168.1.111,216.58.219.238,0,0,0,0,0, 192.168.1.111,172.217.11.46,0,0,0,0,0, 192.168.1.111,172.217.11.14,0,0,0,0,0, 192.168.1.111,172.217.10.98,0,0,0,0,0, 192.168.1.111,172.217.9.243,0,0,0,0,0, 192.168.1.111,172.217.11.35,0,0,0,0,0, 192.168.1.111,173.194.191.167,0,0,0,0,0, 192.168.1.111,172.217.11.6,0,0,0,0,0, 192.168.1.111,172.217.13.228,QUIC,2,3,160,774, 192.168.1.111,172.217.13.234,0,0,0,0,0, 192.168.1.111,172.217.9.237,0,0,0,0,0, 192.168.1.111,172.217.11.10,0,0,0,0,0, 192.168.1.111,216.58.207.227,0,0,0,0,0, 192.168.1.111,172.217.22.163,0,0,0,0,0, 192.168.1.111,216.58.212.131,0,0,0,0,0, 192.168.1.111,172.217.17.99,0,0,0,0,0, 192.168.1.111,172.217.11.19,0,0,0,0,0, 192.168.1.111,0,0,0,0,0,0, 192.168.1.111,0,0,0,0,0,0, 192.168.1.111,0,0,0,0,0,0, 192.168.1.111,0,0,0,0,0,0, 192.168.1.111,0,0,0,0,0,0, 192.168.1.111,0.0.0.0,0,0,0,0,0,0,0,0,0,0,1526501275059,0.0,31732.921,0,0,0,0,0,0,0,0,0,0.0,0.0,-1
2.1000000000000005,2,1,507,191, 192.168.1.111,173.194.184.10,0,0,0,0,0, 192.168.1.111,172.217.11.3,0,0,0,0,0, 192.168.1.111,172.217.6.238,QUIC,2,1,507,191, 192.168.1.111,216.58.219.238,0,0,0,0,0, 192.168.1.111,172.217.11.46,0,0,0,0,0, 192.168.1.111,172.217.11.14,0,0,0,0,0, 192.168.1.111,172.217.10.98,0,0,0,0,0, 192.168.1.111,172.217.9.243,0,0,0,0,0, 192.168.1.111,172.217.11.35,0,0,0,0,0, 192.168.1.111,173.194.191.167,0,0,0,0,0, 192.168.1.111,172.217.11.6,0,0,0,0,0, 192.168.1.111,172.217.13.228,0,0,0,0,0, 192.168.1.111,172.217.13.234,0,0,0,0,0, 192.168.1.111,172.217.9.237,0,0,0,0,0, 192.168.1.111,172.217.11.10,0,0,0,0,0, 192.168.1.111,216.58.207.227,0,0,0,0,0, 192.168.1.111,172.217.22.163,0,0,0,0,0, 192.168.1.111,216.58.212.131,0,0,0,0,0, 192.168.1.111,172.217.17.99,0,0,0,0,0, 192.168.1.111,172.217.11.19,0,0,0,0,0, 192.168.1.111,0,0,0,0,0,0, 192.168.1.111,0,0,0,0,0,0, 192.168.1.111,0,0,0,0,0,0, 192.168.1.111,0,0,0,0,0,0, 192.168.1.111,0,0,0,0,0,0, 192.168.1.111,0.0.0.0,0,0,0,0,0,0,0,0,0,0,1526501275059,0.0,31732.921,0,0,0,0,0,0,0,0,0,0.0,0.0,-1
4.200000000000001,12,18,2541,21117, 192.168.1.111,173.194.184.10,QUIC,9,15,1295,20880, 192.168.1.111,172.217.11.3,0,0,0,0,0, 192.168.1.111,172.217.6.238,QUIC,3,3,1246,237, 192.168.1.111,216.58.219.238,0,0,0,0,0, 192.168.1.111,172.217.11.46,0,0,0,0,0, 192.168.1.111,172.217.11.14,0,0,0,0,0, 192.168.1.111,172.217.10.98,0,0,0,0,0, 192.168.1.111,172.217.9.243,0,0,0,0,0, 192.168.1.111,172.217.11.35,0,0,0,0,0, 192.168.1.111,173.194.191.167,0,0,0,0,0, 192.168.1.111,172.217.11.6,0,0,0,0,0, 192.168.1.111,172.217.13.228,0,0,0,0,0, 192.168.1.111,172.217.13.234,0,0,0,0,0, 192.168.1.111,172.217.9.237,0,0,0,0,0, 192.168.1.111,172.217.11.10,0,0,0,0,0, 192.168.1.111,216.58.207.227,0,0,0,0,0, 192.168.1.111,172.217.22.163,0,0,0,0,0, 192.168.1.111,216.58.212.131,0,0,0,0,0, 192.168.1.111,172.217.17.99,0,0,0,0,0, 192.168.1.111,172.217.11.19,0,0,0,0,0, 192.168.1.111,0,0,0,0,0,0, 192.168.1.111,0,0,0,0,0,0, 192.168.1.111,0,0,0,0,0,0, 192.168.1.111,0,0,0,0,0,0, 192.168.1.111,0,0,0,0,0,0, 192.168.1.111,0.0.0.0,0,0,0,0,0,1,0,1,0,1526501278301,1526501275059,3986.0,31732.921,0,0,0,0,1,0,0,0,0,5.132999999999356,0.1257726321506929,true
1800.0999999994583,0,0,0,0, 192.168.1.111,173.194.184.10,0,0,0,0,0, 192.168.1.111,172.217.11.3,0,0,0,0,0, 192.168.1.111,172.217.6.238,0,0,0,0,0, 192.168.1.111,216.58.219.238,0,0,0,0,0, 192.168.1.111,172.217.11.46,0,0,0,0,0, 192.168.1.111,172.217.11.14,0,0,0,0,0, 192.168.1.111,172.217.10.98,0,0,0,0,0, 192.168.1.111,172.217.9.243,0,0,0,0,0, 192.168.1.111,172.217.11.35,0,0,0,0,0, 192.168.1.111,173.194.191.167,0,0,0,0,0, 192.168.1.111,172.217.11.6,0,0,0,0,0, 192.168.1.111,172.217.13.228,0,0,0,0,0, 192.168.1.111,172.217.13.234,0,0,0,0,0, 192.168.1.111,172.217.9.237,0,0,0,0,0, 192.168.1.111,172.217.11.10,0,0,0,0,0, 192.168.1.111,216.58.207.227,0,0,0,0,0, 192.168.1.111,172.217.22.163,0,0,0,0,0, 192.168.1.111,216.58.212.131,0,0,0,0,0, 192.168.1.111,172.217.17.99,0,0,0,0,0, 192.168.1.111,172.217.11.19,0,0,0,0,0, 192.168.1.111,0,0,0,0,0,0, 192.168.1.111,0,0,0,0,0,0, 192.168.1.111,0,0,0,0,0,0, 192.168.1.111,0,0,0,0,0,0, 192.168.1.111,0,0,0,0,0,0, 192.168.1.111,0.0.0.0,0,0,0,0,0,0,0,0,0,0,1526501275059,0.0,31732.921,0,0,0,0,0,0,0,0,0,0.0,0.0,-1
1800.1999999994582,0,0,0,0, 192.168.1.111,173.194.184.10,0,0,0,0,0, 192.168.1.111,172.217.11.3,0,0,0,0,0, 192.168.1.111,172.217.6.238,0,0,0,0,0, 192.168.1.111,216.58.219.238,0,0,0,0,0, 192.168.1.111,172.217.11.46,0,0,0,0,0, 192.168.1.111,172.217.11.14,0,0,0,0,0, 192.168.1.111,172.217.10.98,0,0,0,0,0, 192.168.1.111,172.217.9.243,0,0,0,0,0, 192.168.1.111,172.217.11.35,0,0,0,0,0, 192.168.1.111,173.194.191.167,0,0,0,0,0, 192.168.1.111,172.217.11.6,0,0,0,0,0, 192.168.1.111,172.217.13.228,0,0,0,0,0, 192.168.1.111,172.217.13.234,0,0,0,0,0, 192.168.1.111,172.217.9.237,0,0,0,0,0, 192.168.1.111,172.217.11.10,0,0,0,0,0, 192.168.1.111,216.58.207.227,0,0,0,0,0, 192.168.1.111,172.217.22.163,0,0,0,0,0, 192.168.1.111,216.58.212.131,0,0,0,0,0, 192.168.1.111,172.217.17.99,0,0,0,0,0, 192.168.1.111,172.217.11.19,0,0,0,0,0, 192.168.1.111,0,0,0,0,0,0, 192.168.1.111,0,0,0,0,0,0, 192.168.1.111,0,0,0,0,0,0, 192.168.1.111,0,0,0,0,0,0, 192.168.1.111,0,0,0,0,0,0, 192.168.1.111,0.0.0.0,0,0,0,0,0,0,0,0,0,0,1526501275059,0.0,31732.921,0,0,0,0,0,0,0,0,0,0.0,0.0,-1
1800.299999999458,0,0,0,0, 192.168.1.111,173.194.184.10,0,0,0,0,0, 192.168.1.111,172.217.11.3,0,0,0,0,0, 192.168.1.111,172.217.6.238,0,0,0,0,0, 192.168.1.111,216.58.219.238,0,0,0,0,0, 192.168.1.111,172.217.11.46,0,0,0,0,0, 192.168.1.111,172.217.11.14,0,0,0,0,0, 192.168.1.111,172.217.10.98,0,0,0,0,0, 192.168.1.111,172.217.9.243,0,0,0,0,0, 192.168.1.111,172.217.11.35,0,0,0,0,0, 192.168.1.111,173.194.191.167,0,0,0,0,0, 192.168.1.111,172.217.11.6,0,0,0,0,0, 192.168.1.111,172.217.13.228,0,0,0,0,0, 192.168.1.111,172.217.13.234,0,0,0,0,0, 192.168.1.111,172.217.9.237,0,0,0,0,0, 192.168.1.111,172.217.11.10,0,0,0,0,0, 192.168.1.111,216.58.207.227,0,0,0,0,0, 192.168.1.111,172.217.22.163,0,0,0,0,0, 192.168.1.111,216.58.212.131,0,0,0,0,0, 192.168.1.111,172.217.17.99,0,0,0,0,0, 192.168.1.111,172.217.11.19,0,0,0,0,0, 192.168.1.111,0,0,0,0,0,0, 192.168.1.111,0,0,0,0,0,0, 192.168.1.111,0,0,0,0,0,0, 192.168.1.111,0,0,0,0,0,0, 192.168.1.111,0,0,0,0,0,0, 192.168.1.111,0.0.0.0,0,0,0,0,0,0,0,0,0,0,1526501275059,0.0,31732.921,0,0,0,0,0,0,0,0,0,0.0,0.0,-1
1800.399999999458,0,0,0,0, 192.168.1.111,173.194.184.10,0,0,0,0,0, 192.168.1.111,172.217.11.3,0,0,0,0,0, 192.168.1.111,172.217.6.238,0,0,0,0,0, 192.168.1.111,216.58.219.238,0,0,0,0,0, 192.168.1.111,172.217.11.46,0,0,0,0,0, 192.168.1.111,172.217.11.14,0,0,0,0,0, 192.168.1.111,172.217.10.98,0,0,0,0,0, 192.168.1.111,172.217.9.243,0,0,0,0,0, 192.168.1.111,172.217.11.35,0,0,0,0,0, 192.168.1.111,173.194.191.167,0,0,0,0,0, 192.168.1.111,172.217.11.6,0,0,0,0,0, 192.168.1.111,172.217.13.228,0,0,0,0,0, 192.168.1.111,172.217.13.234,0,0,0,0,0, 192.168.1.111,172.217.9.237,0,0,0,0,0, 192.168.1.111,172.217.11.10,0,0,0,0,0, 192.168.1.111,216.58.207.227,0,0,0,0,0, 192.168.1.111,172.217.22.163,0,0,0,0,0, 192.168.1.111,216.58.212.131,0,0,0,0,0, 192.168.1.111,172.217.17.99,0,0,0,0,0, 192.168.1.111,172.217.11.19,0,0,0,0,0, 192.168.1.111,0,0,0,0,0,0, 192.168.1.111,0,0,0,0,0,0, 192.168.1.111,0,0,0,0,0,0, 192.168.1.111,0,0,0,0,0,0, 192.168.1.111,0,0,0,0,0,0, 192.168.1.111,0.0.0.0,0,0,0,0,0,0,0,0,0,0,1526501275059,0.0,31732.921,0,0,0,0,0,0,0,0,0,0.0,0.0,-1
1800.499999999458,0,0,0,0, 192.168.1.111,173.194.184.10,0,0,0,0,0, 192.168.1.111,172.217.11.3,0,0,0,0,0, 192.168.1.111,172.217.6.238,0,0,0,0,0, 192.168.1.111,216.58.219.238,0,0,0,0,0, 192.168.1.111,172.217.11.46,0,0,0,0,0, 192.168.1.111,172.217.11.14,0,0,0,0,0, 192.168.1.111,172.217.10.98,0,0,0,0,0, 192.168.1.111,172.217.9.243,0,0,0,0,0, 192.168.1.111,172.217.11.35,0,0,0,0,0, 192.168.1.111,173.194.191.167,0,0,0,0,0, 192.168.1.111,172.217.11.6,0,0,0,0,0, 192.168.1.111,172.217.13.228,0,0,0,0,0, 192.168.1.111,172.217.13.234,0,0,0,0,0, 192.168.1.111,172.217.9.237,0,0,0,0,0, 192.168.1.111,172.217.11.10,0,0,0,0,0, 192.168.1.111,216.58.207.227,0,0,0,0,0, 192.168.1.111,172.217.22.163,0,0,0,0,0, 192.168.1.111,216.58.212.131,0,0,0,0,0, 192.168.1.111,172.217.17.99,0,0,0,0,0, 192.168.1.111,172.217.11.19,0,0,0,0,0, 192.168.1.111,0,0,0,0,0,0, 192.168.1.111,0,0,0,0,0,0, 192.168.1.111,0,0,0,0,0,0, 192.168.1.111,0,0,0,0,0,0, 192.168.1.111,0,0,0,0,0,0, 192.168.1.111,0.0.0.0,0,0,0,0,0,0,0,0,0,0,1526501275059,0.0,31732.921,0,0,0,0,0,0,0,0,0,0.0,0.0,-1
1800.599999999458,0,0,0,0, 192.168.1.111,173.194.184.10,0,0,0,0,0, 192.168.1.111,172.217.11.3,0,0,0,0,0, 192.168.1.111,172.217.6.238,0,0,0,0,0, 192.168.1.111,216.58.219.238,0,0,0,0,0, 192.168.1.111,172.217.11.46,0,0,0,0,0, 192.168.1.111,172.217.11.14,0,0,0,0,0, 192.168.1.111,172.217.10.98,0,0,0,0,0, 192.168.1.111,172.217.9.243,0,0,0,0,0, 192.168.1.111,172.217.11.35,0,0,0,0,0, 192.168.1.111,173.194.191.167,0,0,0,0,0, 192.168.1.111,172.217.11.6,0,0,0,0,0, 192.168.1.111,172.217.13.228,0,0,0,0,0, 192.168.1.111,172.217.13.234,0,0,0,0,0, 192.168.1.111,172.217.9.237,0,0,0,0,0, 192.168.1.111,172.217.11.10,0,0,0,0,0, 192.168.1.111,216.58.207.227,0,0,0,0,0, 192.168.1.111,172.217.22.163,0,0,0,0,0, 192.168.1.111,216.58.212.131,0,0,0,0,0, 192.168.1.111,172.217.17.99,0,0,0,0,0, 192.168.1.111,172.217.11.19,0,0,0,0,0, 192.168.1.111,0,0,0,0,0,0, 192.168.1.111,0,0,0,0,0,0, 192.168.1.111,0,0,0,0,0,0, 192.168.1.111,0,0,0,0,0,0, 192.168.1.111,0,0,0,0,0,0, 192.168.1.111,0.0.0.0,0,0,0,0,0,0,0,0,0,0,1526501275059,0.0,31732.921,0,0,0,0,0,0,0,0,0,0.0,0.0,-1
1800.6999999994578,0,0,0,0, 192.168.1.111,173.194.184.10,0,0,0,0,0, 192.168.1.111,172.217.11.3,0,0,0,0,0, 192.168.1.111,172.217.6.238,0,0,0,0,0, 192.168.1.111,216.58.219.238,0,0,0,0,0, 192.168.1.111,172.217.11.46,0,0,0,0,0, 192.168.1.111,172.217.11.14,0,0,0,0,0, 192.168.1.111,172.217.10.98,0,0,0,0,0, 192.168.1.111,172.217.9.243,0,0,0,0,0, 192.168.1.111,172.217.11.35,0,0,0,0,0, 192.168.1.111,173.194.191.167,0,0,0,0,0, 192.168.1.111,172.217.11.6,0,0,0,0,0, 192.168.1.111,172.217.13.228,0,0,0,0,0, 192.168.1.111,172.217.13.234,0,0,0,0,0, 192.168.1.111,172.217.9.237,0,0,0,0,0, 192.168.1.111,172.217.11.10,0,0,0,0,0, 192.168.1.111,216.58.207.227,0,0,0,0,0, 192.168.1.111,172.217.22.163,0,0,0,0,0, 192.168.1.111,216.58.212.131,0,0,0,0,0, 192.168.1.111,172.217.17.99,0,0,0,0,0, 192.168.1.111,172.217.11.19,0,0,0,0,0, 192.168.1.111,0,0,0,0,0,0, 192.168.1.111,0,0,0,0,0,0, 192.168.1.111,0,0,0,0,0,0, 192.168.1.111,0,0,0,0,0,0, 192.168.1.111,0,0,0,0,0,0, 192.168.1.111,0.0.0.0,0,0,0,0,0,0,0,0,0,0,1526501275059,0.0,31732.921,0,0,0,0,0,0,0,0,0,0.0,0.0,-1
1800.7999999994577,0,0,0,0, 192.168.1.111,173.194.184.10,0,0,0,0,0, 192.168.1.111,172.217.11.3,0,0,0,0,0, 192.168.1.111,172.217.6.238,0,0,0,0,0, 192.168.1.111,216.58.219.238,0,0,0,0,0, 192.168.1.111,172.217.11.46,0,0,0,0,0, 192.168.1.111,172.217.11.14,0,0,0,0,0, 192.168.1.111,172.217.10.98,0,0,0,0,0, 192.168.1.111,172.217.9.243,0,0,0,0,0, 192.168.1.111,172.217.11.35,0,0,0,0,0, 192.168.1.111,173.194.191.167,0,0,0,0,0, 192.168.1.111,172.217.11.6,0,0,0,0,0, 192.168.1.111,172.217.13.228,0,0,0,0,0, 192.168.1.111,172.217.13.234,0,0,0,0,0, 192.168.1.111,172.217.9.237,0,0,0,0,0, 192.168.1.111,172.217.11.10,0,0,0,0,0, 192.168.1.111,216.58.207.227,0,0,0,0,0, 192.168.1.111,172.217.22.163,0,0,0,0,0, 192.168.1.111,216.58.212.131,0,0,0,0,0, 192.168.1.111,172.217.17.99,0,0,0,0,0, 192.168.1.111,172.217.11.19,0,0,0,0,0, 192.168.1.111,0,0,0,0,0,0, 192.168.1.111,0,0,0,0,0,0, 192.168.1.111,0,0,0,0,0,0, 192.168.1.111,0,0,0,0,0,0, 192.168.1.111,0,0,0,0,0,0, 192.168.1.111,0.0.0.0,0,0,0,0,0,0,0,0,0,0,1526501275059,0.0,31732.921,0,0,0,0,0,0,0,0,0,0.0,0.0,-1
1800.8999999994576,0,0,0,0, 192.168.1.111,173.194.184.10,0,0,0,0,0, 192.168.1.111,172.217.11.3,0,0,0,0,0, 192.168.1.111,172.217.6.238,0,0,0,0,0, 192.168.1.111,216.58.219.238,0,0,0,0,0, 192.168.1.111,172.217.11.46,0,0,0,0,0, 192.168.1.111,172.217.11.14,0,0,0,0,0, 192.168.1.111,172.217.10.98,0,0,0,0,0, 192.168.1.111,172.217.9.243,0,0,0,0,0, 192.168.1.111,172.217.11.35,0,0,0,0,0, 192.168.1.111,173.194.191.167,0,0,0,0,0, 192.168.1.111,172.217.11.6,0,0,0,0,0, 192.168.1.111,172.217.13.228,0,0,0,0,0, 192.168.1.111,172.217.13.234,0,0,0,0,0, 192.168.1.111,172.217.9.237,0,0,0,0,0, 192.168.1.111,172.217.11.10,0,0,0,0,0, 192.168.1.111,216.58.207.227,0,0,0,0,0, 192.168.1.111,172.217.22.163,0,0,0,0,0, 192.168.1.111,216.58.212.131,0,0,0,0,0, 192.168.1.111,172.217.17.99,0,0,0,0,0, 192.168.1.111,172.217.11.19,0,0,0,0,0, 192.168.1.111,0,0,0,0,0,0, 192.168.1.111,0,0,0,0,0,0, 192.168.1.111,0,0,0,0,0,0, 192.168.1.111,0,0,0,0,0,0, 192.168.1.111,0,0,0,0,0,0, 192.168.1.111,0.0.0.0,0,0,0,0,0,0,0,0,0,0,1526501275059,0.0,31732.921,0,0,0,0,0,0,0,0,0,0.0,0.0,-1
0.0,1,0,75,0, 192.168.1.111,173.194.184.232,0,0,0,0,0, 192.168.1.111,74.125.159.41,0,0,0,0,0, 192.168.1.111,172.217.9.227,0,0,0,0,0, 192.168.1.111,172.217.11.35,0,0,0,0,0, 192.168.1.111,172.217.6.206,0,0,0,0,0, 192.168.1.111,172.217.12.150,0,0,0,0,0, 192.168.1.111,172.217.11.42,0,0,0,0,0, 192.168.1.111,216.58.212.195,0,0,0,0,0, 192.168.1.111,172.217.12.130,0,0,0,0,0, 192.168.1.111,172.217.6.227,0,0,0,0,0, 192.168.1.111,172.217.13.228,0,0,0,0,0, 192.168.1.111,74.125.155.233,0,0,0,0,0, 192.168.1.111,173.194.7.55,0,0,0,0,0, 192.168.1.111,172.217.135.39,0,0,0,0,0, 192.168.1.111,172.217.11.45,0,0,0,0,0, 192.168.1.111,172.217.11.46,0,0,0,0,0, 192.168.1.111,172.217.11.38,0,0,0,0,0, 192.168.1.111,172.217.11.33,0,0,0,0,0, 192.168.1.111,172.217.9.238,0,0,0,0,0, 192.168.1.111,172.217.11.51,0,0,0,0,0, 192.168.1.111,216.58.207.227,0,0,0,0,0, 192.168.1.111,0,0,0,0,0,0, 192.168.1.111,0,0,0,0,0,0, 192.168.1.111,0,0,0,0,0,0, 192.168.1.111,0,0,0,0,0,0, 192.168.1.111,0.0.0.0,0,1,0,75,0,0,0,0,0,0,1526580574506,0.0,2058.621,0,0,0,0,0,0,0,0,0,0.0,0.0,-1
0.1,6,7,3093,3319, 192.168.1.111,173.194.184.232,0,0,0,0,0, 192.168.1.111,74.125.159.41,0,0,0,0,0, 192.168.1.111,172.217.9.227,0,0,0,0,0, 192.168.1.111,172.217.11.35,0,0,0,0,0, 192.168.1.111,172.217.6.206,0,0,0,0,0, 192.168.1.111,172.217.12.150,0,0,0,0,0, 192.168.1.111,172.217.11.42,0,0,0,0,0, 192.168.1.111,216.58.212.195,0,0,0,0,0, 192.168.1.111,172.217.12.130,0,0,0,0,0, 192.168.1.111,172.217.6.227,0,0,0,0,0, 192.168.1.111,172.217.13.228,QUIC,2,2,2784,2784, 192.168.1.111,74.125.155.233,0,0,0,0,0, 192.168.1.111,173.194.7.55,0,0,0,0,0, 192.168.1.111,172.217.135.39,0,0,0,0,0, 192.168.1.111,172.217.11.45,0,0,0,0,0, 192.168.1.111,172.217.11.46,0,0,0,0,0, 192.168.1.111,172.217.11.38,0,0,0,0,0, 192.168.1.111,172.217.11.33,0,0,0,0,0, 192.168.1.111,172.217.9.238,0,0,0,0,0, 192.168.1.111,172.217.11.51,0,0,0,0,0, 192.168.1.111,216.58.207.227,0,0,0,0,0, 192.168.1.111,0,0,0,0,0,0, 192.168.1.111,0,0,0,0,0,0, 192.168.1.111,0,0,0,0,0,0, 192.168.1.111,0,0,0,0,0,0, 192.168.1.111,0.0.0.0,0,4,5,309,535,0,0,0,0,0,1526580574506,0.0,2058.621,0,0,0,0,0,0,0,0,0,0.0,0.0,-1
0.2,5,3,409,282, 192.168.1.111,173.194.184.232,0,0,0,0,0, 192.168.1.111,74.125.159.41,0,0,0,0,0, 192.168.1.111,172.217.9.227,0,0,0,0,0, 192.168.1.111,172.217.11.35,TCP,1,0,78,0, 192.168.1.111,172.217.6.206,0,0,0,0,0, 192.168.1.111,172.217.12.150,0,0,0,0,0, 192.168.1.111,172.217.11.42,TCP,1,0,78,0, 192.168.1.111,216.58.212.195,0,0,0,0,0, 192.168.1.111,172.217.12.130,0,0,0,0,0, 192.168.1.111,172.217.6.227,0,0,0,0,0, 192.168.1.111,172.217.13.228,QUIC,1,1,80,77, 192.168.1.111,74.125.155.233,0,0,0,0,0, 192.168.1.111,173.194.7.55,0,0,0,0,0, 192.168.1.111,172.217.135.39,0,0,0,0,0, 192.168.1.111,172.217.11.45,0,0,0,0,0, 192.168.1.111,172.217.11.46,0,0,0,0,0, 192.168.1.111,172.217.11.38,0,0,0,0,0, 192.168.1.111,172.217.11.33,0,0,0,0,0, 192.168.1.111,172.217.9.238,0,0,0,0,0, 192.168.1.111,172.217.11.51,0,0,0,0,0, 192.168.1.111,216.58.207.227,0,0,0,0,0, 192.168.1.111,0,0,0,0,0,0, 192.168.1.111,0,0,0,0,0,0, 192.168.1.111,0,0,0,0,0,0, 192.168.1.111,0,0,0,0,0,0, 192.168.1.111,0.0.0.0,0,2,2,173,205,0,0,0,0,0,1526580574506,0.0,2058.621,0,0,0,0,0,0,0,0,0,0.0,0.0,-1
0.3,21,16,4707,7166, 192.168.1.111,173.194.184.232,0,0,0,0,0, 192.168.1.111,74.125.159.41,0,0,0,0,0, 192.168.1.111,172.217.9.227,0,0,0,0,0, 192.168.1.111,172.217.11.35,TCP,10,8,1673,3583, 192.168.1.111,172.217.6.206,0,0,0,0,0, 192.168.1.111,172.217.12.150,0,0,0,0,0, 192.168.1.111,172.217.11.42,TCP,10,8,1642,3583, 192.168.1.111,216.58.212.195,0,0,0,0,0, 192.168.1.111,172.217.12.130,0,0,0,0,0, 192.168.1.111,172.217.6.227,0,0,0,0,0, 192.168.1.111,172.217.13.228,QUIC,1,0,1392,0, 192.168.1.111,74.125.155.233,0,0,0,0,0, 192.168.1.111,173.194.7.55,0,0,0,0,0, 192.168.1.111,172.217.135.39,0,0,0,0,0, 192.168.1.111,172.217.11.45,0,0,0,0,0, 192.168.1.111,172.217.11.46,0,0,0,0,0, 192.168.1.111,172.217.11.38,0,0,0,0,0, 192.168.1.111,172.217.11.33,0,0,0,0,0, 192.168.1.111,172.217.9.238,0,0,0,0,0, 192.168.1.111,172.217.11.51,0,0,0,0,0, 192.168.1.111,216.58.207.227,0,0,0,0,0, 192.168.1.111,0,0,0,0,0,0, 192.168.1.111,0,0,0,0,0,0, 192.168.1.111,0,0,0,0,0,0, 192.168.1.111,0,0,0,0,0,0, 192.168.1.111,0.0.0.0,0,0,0,0,0,0,0,0,0,0,1526580574506,0.0,2058.621,0,0,0,0,0,0,0,0,0,0.0,0.0,-1
0.4,12,13,972,4198, 192.168.1.111,173.194.184.232,0,0,0,0,0, 192.168.1.111,74.125.159.41,0,0,0,0,0, 192.168.1.111,172.217.9.227,0,0,0,0,0, 192.168.1.111,172.217.11.35,TCP,4,4,310,606, 192.168.1.111,172.217.6.206,0,0,0,0,0, 192.168.1.111,172.217.12.150,0,0,0,0,0, 192.168.1.111,172.217.11.42,TCP,6,6,488,2058, 192.168.1.111,216.58.212.195,0,0,0,0,0, 192.168.1.111,172.217.12.130,0,0,0,0,0, 192.168.1.111,172.217.6.227,0,0,0,0,0, 192.168.1.111,172.217.13.228,QUIC,2,3,174,1534, 192.168.1.111,74.125.155.233,0,0,0,0,0, 192.168.1.111,173.194.7.55,0,0,0,0,0, 192.168.1.111,172.217.135.39,0,0,0,0,0, 192.168.1.111,172.217.11.45,0,0,0,0,0, 192.168.1.111,172.217.11.46,0,0,0,0,0, 192.168.1.111,172.217.11.38,0,0,0,0,0, 192.168.1.111,172.217.11.33,0,0,0,0,0, 192.168.1.111,172.217.9.238,0,0,0,0,0, 192.168.1.111,172.217.11.51,0,0,0,0,0, 192.168.1.111,216.58.207.227,0,0,0,0,0, 192.168.1.111,0,0,0,0,0,0, 192.168.1.111,0,0,0,0,0,0, 192.168.1.111,0,0,0,0,0,0, 192.168.1.111,0,0,0,0,0,0, 192.168.1.111,0.0.0.0,0,0,0,0,0,0,0,0,0,0,1526580574506,0.0,2058.621,0,0,0,0,0,0,0,0,0,0.0,0.0,-1
0.5,0,0,0,0, 192.168.1.111,173.194.184.232,0,0,0,0,0, 192.168.1.111,74.125.159.41,0,0,0,0,0, 192.168.1.111,172.217.9.227,0,0,0,0,0, 192.168.1.111,172.217.11.35,0,0,0,0,0, 192.168.1.111,172.217.6.206,0,0,0,0,0, 192.168.1.111,172.217.12.150,0,0,0,0,0, 192.168.1.111,172.217.11.42,0,0,0,0,0, 192.168.1.111,216.58.212.195,0,0,0,0,0, 192.168.1.111,172.217.12.130,0,0,0,0,0, 192.168.1.111,172.217.6.227,0,0,0,0,0, 192.168.1.111,172.217.13.228,0,0,0,0,0, 192.168.1.111,74.125.155.233,0,0,0,0,0, 192.168.1.111,173.194.7.55,0,0,0,0,0, 192.168.1.111,172.217.135.39,0,0,0,0,0, 192.168.1.111,172.217.11.45,0,0,0,0,0, 192.168.1.111,172.217.11.46,0,0,0,0,0, 192.168.1.111,172.217.11.38,0,0,0,0,0, 192.168.1.111,172.217.11.33,0,0,0,0,0, 192.168.1.111,172.217.9.238,0,0,0,0,0, 192.168.1.111,172.217.11.51,0,0,0,0,0, 192.168.1.111,216.58.207.227,0,0,0,0,0, 192.168.1.111,0,0,0,0,0,0, 192.168.1.111,0,0,0,0,0,0, 192.168.1.111,0,0,0,0,0,0, 192.168.1.111,0,0,0,0,0,0, 192.168.1.111,0.0.0.0,0,0,0,0,0,0,0,0,0,0,1526580574506,0.0,2058.621,0,0,0,0,0,0,0,0,0,0.0,0.0,-1
0.6,0,0,0,0, 192.168.1.111,173.194.184.232,0,0,0,0,0, 192.168.1.111,74.125.159.41,0,0,0,0,0, 192.168.1.111,172.217.9.227,0,0,0,0,0, 192.168.1.111,172.217.11.35,0,0,0,0,0, 192.168.1.111,172.217.6.206,0,0,0,0,0, 192.168.1.111,172.217.12.150,0,0,0,0,0, 192.168.1.111,172.217.11.42,0,0,0,0,0, 192.168.1.111,216.58.212.195,0,0,0,0,0, 192.168.1.111,172.217.12.130,0,0,0,0,0, 192.168.1.111,172.217.6.227,0,0,0,0,0, 192.168.1.111,172.217.13.228,0,0,0,0,0, 192.168.1.111,74.125.155.233,0,0,0,0,0, 192.168.1.111,173.194.7.55,0,0,0,0,0, 192.168.1.111,172.217.135.39,0,0,0,0,0, 192.168.1.111,172.217.11.45,0,0,0,0,0, 192.168.1.111,172.217.11.46,0,0,0,0,0, 192.168.1.111,172.217.11.38,0,0,0,0,0, 192.168.1.111,172.217.11.33,0,0,0,0,0, 192.168.1.111,172.217.9.238,0,0,0,0,0, 192.168.1.111,172.217.11.51,0,0,0,0,0, 192.168.1.111,216.58.207.227,0,0,0,0,0, 192.168.1.111,0,0,0,0,0,0, 192.168.1.111,0,0,0,0,0,0, 192.168.1.111,0,0,0,0,0,0, 192.168.1.111,0,0,0,0,0,0, 192.168.1.111,0.0.0.0,0,0,0,0,0,0,0,0,0,0,1526580574506,0.0,2058.621,0,0,0,0,0,0,0,0,0,0.0,0.0,-1
0.7,0,0,0,0, 192.168.1.111,173.194.184.232,0,0,0,0,0, 192.168.1.111,74.125.159.41,0,0,0,0,0, 192.168.1.111,172.217.9.227,0,0,0,0,0, 192.168.1.111,172.217.11.35,0,0,0,0,0, 192.168.1.111,172.217.6.206,0,0,0,0,0, 192.168.1.111,172.217.12.150,0,0,0,0,0, 192.168.1.111,172.217.11.42,0,0,0,0,0, 192.168.1.111,216.58.212.195,0,0,0,0,0, 192.168.1.111,172.217.12.130,0,0,0,0,0, 192.168.1.111,172.217.6.227,0,0,0,0,0, 192.168.1.111,172.217.13.228,0,0,0,0,0, 192.168.1.111,74.125.155.233,0,0,0,0,0, 192.168.1.111,173.194.7.55,0,0,0,0,0, 192.168.1.111,172.217.135.39,0,0,0,0,0, 192.168.1.111,172.217.11.45,0,0,0,0,0, 192.168.1.111,172.217.11.46,0,0,0,0,0, 192.168.1.111,172.217.11.38,0,0,0,0,0, 192.168.1.111,172.217.11.33,0,0,0,0,0, 192.168.1.111,172.217.9.238,0,0,0,0,0, 192.168.1.111,172.217.11.51,0,0,0,0,0, 192.168.1.111,216.58.207.227,0,0,0,0,0, 192.168.1.111,0,0,0,0,0,0, 192.168.1.111,0,0,0,0,0,0, 192.168.1.111,0,0,0,0,0,0, 192.168.1.111,0,0,0,0,0,0, 192.168.1.111,0.0.0.0,0,0,0,0,0,0,0,0,0,0,1526580574506,0.0,2058.621,0,0,0,0,0,0,0,0,0,0.0,0.0,-1
0.7999999999999999,0,0,0,0, 192.168.1.111,173.194.184.232,0,0,0,0,0, 192.168.1.111,74.125.159.41,0,0,0,0,0, 192.168.1.111,172.217.9.227,0,0,0,0,0, 192.168.1.111,172.217.11.35,0,0,0,0,0, 192.168.1.111,172.217.6.206,0,0,0,0,0, 192.168.1.111,172.217.12.150,0,0,0,0,0, 192.168.1.111,172.217.11.42,0,0,0,0,0, 192.168.1.111,216.58.212.195,0,0,0,0,0, 192.168.1.111,172.217.12.130,0,0,0,0,0, 192.168.1.111,172.217.6.227,0,0,0,0,0, 192.168.1.111,172.217.13.228,0,0,0,0,0, 192.168.1.111,74.125.155.233,0,0,0,0,0, 192.168.1.111,173.194.7.55,0,0,0,0,0, 192.168.1.111,172.217.135.39,0,0,0,0,0, 192.168.1.111,172.217.11.45,0,0,0,0,0, 192.168.1.111,172.217.11.46,0,0,0,0,0, 192.168.1.111,172.217.11.38,0,0,0,0,0, 192.168.1.111,172.217.11.33,0,0,0,0,0, 192.168.1.111,172.217.9.238,0,0,0,0,0, 192.168.1.111,172.217.11.51,0,0,0,0,0, 192.168.1.111,216.58.207.227,0,0,0,0,0, 192.168.1.111,0,0,0,0,0,0, 192.168.1.111,0,0,0,0,0,0, 192.168.1.111,0,0,0,0,0,0, 192.168.1.111,0,0,0,0,0,0, 192.168.1.111,0.0.0.0,0,0,0,0,0,0,0,0,0,0,1526580574506,0.0,2058.621,0,0,0,0,0,0,0,0,0,0.0,0.0,-1
0.8999999999999999,0,0,0,0, 192.168.1.111,173.194.184.232,0,0,0,0,0, 192.168.1.111,74.125.159.41,0,0,0,0,0, 192.168.1.111,172.217.9.227,0,0,0,0,0, 192.168.1.111,172.217.11.35,0,0,0,0,0, 192.168.1.111,172.217.6.206,0,0,0,0,0, 192.168.1.111,172.217.12.150,0,0,0,0,0, 192.168.1.111,172.217.11.42,0,0,0,0,0, 192.168.1.111,216.58.212.195,0,0,0,0,0, 192.168.1.111,172.217.12.130,0,0,0,0,0, 192.168.1.111,172.217.6.227,0,0,0,0,0, 192.168.1.111,172.217.13.228,0,0,0,0,0, 192.168.1.111,74.125.155.233,0,0,0,0,0, 192.168.1.111,173.194.7.55,0,0,0,0,0, 192.168.1.111,172.217.135.39,0,0,0,0,0, 192.168.1.111,172.217.11.45,0,0,0,0,0, 192.168.1.111,172.217.11.46,0,0,0,0,0, 192.168.1.111,172.217.11.38,0,0,0,0,0, 192.168.1.111,172.217.11.33,0,0,0,0,0, 192.168.1.111,172.217.9.238,0,0,0,0,0, 192.168.1.111,172.217.11.51,0,0,0,0,0, 192.168.1.111,216.58.207.227,0,0,0,0,0, 192.168.1.111,0,0,0,0,0,0, 192.168.1.111,0,0,0,0,0,0, 192.168.1.111,0,0,0,0,0,0, 192.168.1.111,0,0,0,0,0,0, 192.168.1.111,0.0.0.0,0,0,0,0,0,0,0,0,0,0,1526580574506,0.0,2058.621,0,0,0,0,0,0,0,0,0,0.0,0.0,-1
1.0,0,0,0,0, 192.168.1.111,173.194.184.232,0,0,0,0,0, 192.168.1.111,74.125.159.41,0,0,0,0,0, 192.168.1.111,172.217.9.227,0,0,0,0,0, 192.168.1.111,172.217.11.35,0,0,0,0,0, 192.168.1.111,172.217.6.206,0,0,0,0,0, 192.168.1.111,172.217.12.150,0,0,0,0,0, 192.168.1.111,172.217.11.42,0,0,0,0,0, 192.168.1.111,216.58.212.195,0,0,0,0,0, 192.168.1.111,172.217.12.130,0,0,0,0,0, 192.168.1.111,172.217.6.227,0,0,0,0,0, 192.168.1.111,172.217.13.228,0,0,0,0,0, 192.168.1.111,74.125.155.233,0,0,0,0,0, 192.168.1.111,173.194.7.55,0,0,0,0,0, 192.168.1.111,172.217.135.39,0,0,0,0,0, 192.168.1.111,172.217.11.45,0,0,0,0,0, 192.168.1.111,172.217.11.46,0,0,0,0,0, 192.168.1.111,172.217.11.38,0,0,0,0,0, 192.168.1.111,172.217.11.33,0,0,0,0,0, 192.168.1.111,172.217.9.238,0,0,0,0,0, 192.168.1.111,172.217.11.51,0,0,0,0,0, 192.168.1.111,216.58.207.227,0,0,0,0,0, 192.168.1.111,0,0,0,0,0,0, 192.168.1.111,0,0,0,0,0,0, 192.168.1.111,0,0,0,0,0,0, 192.168.1.111,0,0,0,0,0,0, 192.168.1.111,0.0.0.0,0,0,0,0,0,0,0,0,0,0,1526580574506,0.0,2058.621,0,0,0,0,0,0,0,0,0,0.0,0.0,-1
1.1,0,0,0,0, 192.168.1.111,173.194.184.232,0,0,0,0,0, 192.168.1.111,74.125.159.41,0,0,0,0,0, 192.168.1.111,172.217.9.227,0,0,0,0,0, 192.168.1.111,172.217.11.35,0,0,0,0,0, 192.168.1.111,172.217.6.206,0,0,0,0,0, 192.168.1.111,172.217.12.150,0,0,0,0,0, 192.168.1.111,172.217.11.42,0,0,0,0,0, 192.168.1.111,216.58.212.195,0,0,0,0,0, 192.168.1.111,172.217.12.130,0,0,0,0,0, 192.168.1.111,172.217.6.227,0,0,0,0,0, 192.168.1.111,172.217.13.228,0,0,0,0,0, 192.168.1.111,74.125.155.233,0,0,0,0,0, 192.168.1.111,173.194.7.55,0,0,0,0,0, 192.168.1.111,172.217.135.39,0,0,0,0,0, 192.168.1.111,172.217.11.45,0,0,0,0,0, 192.168.1.111,172.217.11.46,0,0,0,0,0, 192.168.1.111,172.217.11.38,0,0,0,0,0, 192.168.1.111,172.217.11.33,0,0,0,0,0, 192.168.1.111,172.217.9.238,0,0,0,0,0, 192.168.1.111,172.217.11.51,0,0,0,0,0, 192.168.1.111,216.58.207.227,0,0,0,0,0, 192.168.1.111,0,0,0,0,0,0, 192.168.1.111,0,0,0,0,0,0, 192.168.1.111,0,0,0,0,0,0, 192.168.1.111,0,0,0,0,0,0, 192.168.1.111,0.0.0.0,0,0,0,0,0,0,0,0,0,0,1526580574506,0.0,2058.621,0,0,0,0,0,0,0,0,0,0.0,0.0,-1
1.2,0,0,0,0, 192.168.1.111,173.194.184.232,0,0,0,0,0, 192.168.1.111,74.125.159.41,0,0,0,0,0, 192.168.1.111,172.217.9.227,0,0,0,0,0, 192.168.1.111,172.217.11.35,0,0,0,0,0, 192.168.1.111,172.217.6.206,0,0,0,0,0, 192.168.1.111,172.217.12.150,0,0,0,0,0, 192.168.1.111,172.217.11.42,0,0,0,0,0, 192.168.1.111,216.58.212.195,0,0,0,0,0, 192.168.1.111,172.217.12.130,0,0,0,0,0, 192.168.1.111,172.217.6.227,0,0,0,0,0, 192.168.1.111,172.217.13.228,0,0,0,0,0, 192.168.1.111,74.125.155.233,0,0,0,0,0, 192.168.1.111,173.194.7.55,0,0,0,0,0, 192.168.1.111,172.217.135.39,0,0,0,0,0, 192.168.1.111,172.217.11.45,0,0,0,0,0, 192.168.1.111,172.217.11.46,0,0,0,0,0, 192.168.1.111,172.217.11.38,0,0,0,0,0, 192.168.1.111,172.217.11.33,0,0,0,0,0, 192.168.1.111,172.217.9.238,0,0,0,0,0, 192.168.1.111,172.217.11.51,0,0,0,0,0, 192.168.1.111,216.58.207.227,0,0,0,0,0, 192.168.1.111,0,0,0,0,0,0, 192.168.1.111,0,0,0,0,0,0, 192.168.1.111,0,0,0,0,0,0, 192.168.1.111,0,0,0,0,0,0, 192.168.1.111,0.0.0.0,0,0,0,0,0,0,0,0,0,0,1526580574506,0.0,2058.621,0,0,0,0,0,0,0,0,0,0.0,0.0,-1
1.3,0,0,0,0, 192.168.1.111,173.194.184.232,0,0,0,0,0, 192.168.1.111,74.125.159.41,0,0,0,0,0, 192.168.1.111,172.217.9.227,0,0,0,0,0, 192.168.1.111,172.217.11.35,0,0,0,0,0, 192.168.1.111,172.217.6.206,0,0,0,0,0, 192.168.1.111,172.217.12.150,0,0,0,0,0, 192.168.1.111,172.217.11.42,0,0,0,0,0, 192.168.1.111,216.58.212.195,0,0,0,0,0, 192.168.1.111,172.217.12.130,0,0,0,0,0, 192.168.1.111,172.217.6.227,0,0,0,0,0, 192.168.1.111,172.217.13.228,0,0,0,0,0, 192.168.1.111,74.125.155.233,0,0,0,0,0, 192.168.1.111,173.194.7.55,0,0,0,0,0, 192.168.1.111,172.217.135.39,0,0,0,0,0, 192.168.1.111,172.217.11.45,0,0,0,0,0, 192.168.1.111,172.217.11.46,0,0,0,0,0, 192.168.1.111,172.217.11.38,0,0,0,0,0, 192.168.1.111,172.217.11.33,0,0,0,0,0, 192.168.1.111,172.217.9.238,0,0,0,0,0, 192.168.1.111,172.217.11.51,0,0,0,0,0, 192.168.1.111,216.58.207.227,0,0,0,0,0, 192.168.1.111,0,0,0,0,0,0, 192.168.1.111,0,0,0,0,0,0, 192.168.1.111,0,0,0,0,0,0, 192.168.1.111,0,0,0,0,0,0, 192.168.1.111,0.0.0.0,0,0,0,0,0,0,0,0,0,0,1526580574506,0.0,2058.621,0,0,0,0,0,0,0,0,0,0.0,0.0,-1
1.4,0,0,0,0, 192.168.1.111,173.194.184.232,0,0,0,0,0, 192.168.1.111,74.125.159.41,0,0,0,0,0, 192.168.1.111,172.217.9.227,0,0,0,0,0, 192.168.1.111,172.217.11.35,0,0,0,0,0, 192.168.1.111,172.217.6.206,0,0,0,0,0, 192.168.1.111,172.217.12.150,0,0,0,0,0, 192.168.1.111,172.217.11.42,0,0,0,0,0, 192.168.1.111,216.58.212.195,0,0,0,0,0, 192.168.1.111,172.217.12.130,0,0,0,0,0, 192.168.1.111,172.217.6.227,0,0,0,0,0, 192.168.1.111,172.217.13.228,0,0,0,0,0, 192.168.1.111,74.125.155.233,0,0,0,0,0, 192.168.1.111,173.194.7.55,0,0,0,0,0, 192.168.1.111,172.217.135.39,0,0,0,0,0, 192.168.1.111,172.217.11.45,0,0,0,0,0, 192.168.1.111,172.217.11.46,0,0,0,0,0, 192.168.1.111,172.217.11.38,0,0,0,0,0, 192.168.1.111,172.217.11.33,0,0,0,0,0, 192.168.1.111,172.217.9.238,0,0,0,0,0, 192.168.1.111,172.217.11.51,0,0,0,0,0, 192.168.1.111,216.58.207.227,0,0,0,0,0, 192.168.1.111,0,0,0,0,0,0, 192.168.1.111,0,0,0,0,0,0, 192.168.1.111,0,0,0,0,0,0, 192.168.1.111,0,0,0,0,0,0, 192.168.1.111,0.0.0.0,0,0,0,0,0,0,0,0,0,0,1526580574506,0.0,2058.621,0,0,0,0,0,0,0,0,0,0.0,0.0,-1
1.5000000000000002,0,0,0,0, 192.168.1.111,173.194.184.232,0,0,0,0,0, 192.168.1.111,74.125.159.41,0,0,0,0,0, 192.168.1.111,172.217.9.227,0,0,0,0,0, 192.168.1.111,172.217.11.35,0,0,0,0,0, 192.168.1.111,172.217.6.206,0,0,0,0,0, 192.168.1.111,172.217.12.150,0,0,0,0,0, 192.168.1.111,172.217.11.42,0,0,0,0,0, 192.168.1.111,216.58.212.195,0,0,0,0,0, 192.168.1.111,172.217.12.130,0,0,0,0,0, 192.168.1.111,172.217.6.227,0,0,0,0,0, 192.168.1.111,172.217.13.228,0,0,0,0,0, 192.168.1.111,74.125.155.233,0,0,0,0,0, 192.168.1.111,173.194.7.55,0,0,0,0,0, 192.168.1.111,172.217.135.39,0,0,0,0,0, 192.168.1.111,172.217.11.45,0,0,0,0,0, 192.168.1.111,172.217.11.46,0,0,0,0,0, 192.168.1.111,172.217.11.38,0,0,0,0,0, 192.168.1.111,172.217.11.33,0,0,0,0,0, 192.168.1.111,172.217.9.238,0,0,0,0,0, 192.168.1.111,172.217.11.51,0,0,0,0,0, 192.168.1.111,216.58.207.227,0,0,0,0,0, 192.168.1.111,0,0,0,0,0,0, 192.168.1.111,0,0,0,0,0,0, 192.168.1.111,0,0,0,0,0,0, 192.168.1.111,0,0,0,0,0,0, 192.168.1.111,0.0.0.0,0,0,0,0,0,0,0,0,0,0,1526580574506,0.0,2058.621,0,0,0,0,0,0,0,0,0,0.0,0.0,-1
1.6000000000000003,0,0,0,0, 192.168.1.111,173.194.184.232,0,0,0,0,0, 192.168.1.111,74.125.159.41,0,0,0,0,0, 192.168.1.111,172.217.9.227,0,0,0,0,0, 192.168.1.111,172.217.11.35,0,0,0,0,0, 192.168.1.111,172.217.6.206,0,0,0,0,0, 192.168.1.111,172.217.12.150,0,0,0,0,0, 192.168.1.111,172.217.11.42,0,0,0,0,0, 192.168.1.111,216.58.212.195,0,0,0,0,0, 192.168.1.111,172.217.12.130,0,0,0,0,0, 192.168.1.111,172.217.6.227,0,0,0,0,0, 192.168.1.111,172.217.13.228,0,0,0,0,0, 192.168.1.111,74.125.155.233,0,0,0,0,0, 192.168.1.111,173.194.7.55,0,0,0,0,0, 192.168.1.111,172.217.135.39,0,0,0,0,0, 192.168.1.111,172.217.11.45,0,0,0,0,0, 192.168.1.111,172.217.11.46,0,0,0,0,0, 192.168.1.111,172.217.11.38,0,0,0,0,0, 192.168.1.111,172.217.11.33,0,0,0,0,0, 192.168.1.111,172.217.9.238,0,0,0,0,0, 192.168.1.111,172.217.11.51,0,0,0,0,0, 192.168.1.111,216.58.207.227,0,0,0,0,0, 192.168.1.111,0,0,0,0,0,0, 192.168.1.111,0,0,0,0,0,0, 192.168.1.111,0,0,0,0,0,0, 192.168.1.111,0,0,0,0,0,0, 192.168.1.111,0.0.0.0,0,0,0,0,0,0,0,0,0,0,1526580574506,0.0,2058.621,0,0,0,0,0,0,0,0,0,0.0,0.0,-1
1.7000000000000004,0,0,0,0, 192.168.1.111,173.194.184.232,0,0,0,0,0, 192.168.1.111,74.125.159.41,0,0,0,0,0, 192.168.1.111,172.217.9.227,0,0,0,0,0, 192.168.1.111,172.217.11.35,0,0,0,0,0, 192.168.1.111,172.217.6.206,0,0,0,0,0, 192.168.1.111,172.217.12.150,0,0,0,0,0, 192.168.1.111,172.217.11.42,0,0,0,0,0, 192.168.1.111,216.58.212.195,0,0,0,0,0, 192.168.1.111,172.217.12.130,0,0,0,0,0, 192.168.1.111,172.217.6.227,0,0,0,0,0, 192.168.1.111,172.217.13.228,0,0,0,0,0, 192.168.1.111,74.125.155.233,0,0,0,0,0, 192.168.1.111,173.194.7.55,0,0,0,0,0, 192.168.1.111,172.217.135.39,0,0,0,0,0, 192.168.1.111,172.217.11.45,0,0,0,0,0, 192.168.1.111,172.217.11.46,0,0,0,0,0, 192.168.1.111,172.217.11.38,0,0,0,0,0, 192.168.1.111,172.217.11.33,0,0,0,0,0, 192.168.1.111,172.217.9.238,0,0,0,0,0, 192.168.1.111,172.217.11.51,0,0,0,0,0, 192.168.1.111,216.58.207.227,0,0,0,0,0, 192.168.1.111,0,0,0,0,0,0, 192.168.1.111,0,0,0,0,0,0, 192.168.1.111,0,0,0,0,0,0, 192.168.1.111,0,0,0,0,0,0, 192.168.1.111,0.0.0.0,0,0,0,0,0,0,0,0,0,0,1526580574506,0.0,2058.621,0,0,0,0,0,0,0,0,0,0.0,0.0,-1
1.8000000000000005,0,0,0,0, 192.168.1.111,173.194.184.232,0,0,0,0,0, 192.168.1.111,74.125.159.41,0,0,0,0,0, 192.168.1.111,172.217.9.227,0,0,0,0,0, 192.168.1.111,172.217.11.35,0,0,0,0,0, 192.168.1.111,172.217.6.206,0,0,0,0,0, 192.168.1.111,172.217.12.150,0,0,0,0,0, 192.168.1.111,172.217.11.42,0,0,0,0,0, 192.168.1.111,216.58.212.195,0,0,0,0,0, 192.168.1.111,172.217.12.130,0,0,0,0,0, 192.168.1.111,172.217.6.227,0,0,0,0,0, 192.168.1.111,172.217.13.228,0,0,0,0,0, 192.168.1.111,74.125.155.233,0,0,0,0,0, 192.168.1.111,173.194.7.55,0,0,0,0,0, 192.168.1.111,172.217.135.39,0,0,0,0,0, 192.168.1.111,172.217.11.45,0,0,0,0,0, 192.168.1.111,172.217.11.46,0,0,0,0,0, 192.168.1.111,172.217.11.38,0,0,0,0,0, 192.168.1.111,172.217.11.33,0,0,0,0,0, 192.168.1.111,172.217.9.238,0,0,0,0,0, 192.168.1.111,172.217.11.51,0,0,0,0,0, 192.168.1.111,216.58.207.227,0,0,0,0,0, 192.168.1.111,0,0,0,0,0,0, 192.168.1.111,0,0,0,0,0,0, 192.168.1.111,0,0,0,0,0,0, 192.168.1.111,0,0,0,0,0,0, 192.168.1.111,0.0.0.0,0,0,0,0,0,0,0,0,0,0,1526580574506,0.0,2058.621,0,0,0,0,0,0,0,0,0,0.0,0.0,-1
1.9000000000000008,0,0,0,0, 192.168.1.111,173.194.184.232,0,0,0,0,0, 192.168.1.111,74.125.159.41,0,0,0,0,0, 192.168.1.111,172.217.9.227,0,0,0,0,0, 192.168.1.111,172.217.11.35,0,0,0,0,0, 192.168.1.111,172.217.6.206,0,0,0,0,0, 192.168.1.111,172.217.12.150,0,0,0,0,0, 192.168.1.111,172.217.11.42,0,0,0,0,0, 192.168.1.111,216.58.212.195,0,0,0,0,0, 192.168.1.111,172.217.12.130,0,0,0,0,0, 192.168.1.111,172.217.6.227,0,0,0,0,0, 192.168.1.111,172.217.13.228,0,0,0,0,0, 192.168.1.111,74.125.155.233,0,0,0,0,0, 192.168.1.111,173.194.7.55,0,0,0,0,0, 192.168.1.111,172.217.135.39,0,0,0,0,0, 192.168.1.111,172.217.11.45,0,0,0,0,0, 192.168.1.111,172.217.11.46,0,0,0,0,0, 192.168.1.111,172.217.11.38,0,0,0,0,0, 192.168.1.111,172.217.11.33,0,0,0,0,0, 192.168.1.111,172.217.9.238,0,0,0,0,0, 192.168.1.111,172.217.11.51,0,0,0,0,0, 192.168.1.111,216.58.207.227,0,0,0,0,0, 192.168.1.111,0,0,0,0,0,0, 192.168.1.111,0,0,0,0,0,0, 192.168.1.111,0,0,0,0,0,0, 192.168.1.111,0,0,0,0,0,0, 192.168.1.111,0.0.0.0,0,0,0,0,0,0,0,0,0,0,1526580574506,0.0,2058.621,0,0,0,0,0,0,0,0,0,0.0,0.0,-1
2.0000000000000004,0,1,0,42, 192.168.1.111,173.194.184.232,0,0,0,0,0, 192.168.1.111,74.125.159.41,0,0,0,0,0, 192.168.1.111,172.217.9.227,0,0,0,0,0, 192.168.1.111,172.217.11.35,0,0,0,0,0, 192.168.1.111,172.217.6.206,0,0,0,0,0, 192.168.1.111,172.217.12.150,0,0,0,0,0, 192.168.1.111,172.217.11.42,0,0,0,0,0, 192.168.1.111,216.58.212.195,0,0,0,0,0, 192.168.1.111,172.217.12.130,0,0,0,0,0, 192.168.1.111,172.217.6.227,0,0,0,0,0, 192.168.1.111,172.217.13.228,0,0,0,0,0, 192.168.1.111,74.125.155.233,0,0,0,0,0, 192.168.1.111,173.194.7.55,0,0,0,0,0, 192.168.1.111,172.217.135.39,0,0,0,0,0, 192.168.1.111,172.217.11.45,0,0,0,0,0, 192.168.1.111,172.217.11.46,0,0,0,0,0, 192.168.1.111,172.217.11.38,0,0,0,0,0, 192.168.1.111,172.217.11.33,0,0,0,0,0, 192.168.1.111,172.217.9.238,0,0,0,0,0, 192.168.1.111,172.217.11.51,0,0,0,0,0, 192.168.1.111,216.58.207.227,0,0,0,0,0, 192.168.1.111,0,0,0,0,0,0, 192.168.1.111,0,0,0,0,0,0, 192.168.1.111,0,0,0,0,0,0, 192.168.1.111,0,0,0,0,0,0, 192.168.1.111,0.0.0.0,0,0,1,0,42,0,0,0,0,0,1526580574506,0.0,2058.621,0,0,0,0,0,0,0,0,0,0.0,0.0,-1
2.1000000000000005,0,0,0,0, 192.168.1.111,173.194.184.232,0,0,0,0,0, 192.168.1.111,74.125.159.41,0,0,0,0,0, 192.168.1.111,172.217.9.227,0,0,0,0,0, 192.168.1.111,172.217.11.35,0,0,0,0,0, 192.168.1.111,172.217.6.206,0,0,0,0,0, 192.168.1.111,172.217.12.150,0,0,0,0,0, 192.168.1.111,172.217.11.42,0,0,0,0,0, 192.168.1.111,216.58.212.195,0,0,0,0,0, 192.168.1.111,172.217.12.130,0,0,0,0,0, 192.168.1.111,172.217.6.227,0,0,0,0,0, 192.168.1.111,172.217.13.228,0,0,0,0,0, 192.168.1.111,74.125.155.233,0,0,0,0,0, 192.168.1.111,173.194.7.55,0,0,0,0,0, 192.168.1.111,172.217.135.39,0,0,0,0,0, 192.168.1.111,172.217.11.45,0,0,0,0,0, 192.168.1.111,172.217.11.46,0,0,0,0,0, 192.168.1.111,172.217.11.38,0,0,0,0,0, 192.168.1.111,172.217.11.33,0,0,0,0,0, 192.168.1.111,172.217.9.238,0,0,0,0,0, 192.168.1.111,172.217.11.51,0,0,0,0,0, 192.168.1.111,216.58.207.227,0,0,0,0,0, 192.168.1.111,0,0,0,0,0,0, 192.168.1.111,0,0,0,0,0,0, 192.168.1.111,0,0,0,0,0,0, 192.168.1.111,0,0,0,0,0,0, 192.168.1.111,0.0.0.0,0,0,0,0,0,0,0,0,0,0,1526580574506,0.0,2058.621,0,0,0,0,0,0,0,0,0,0.0,0.0,-1
2.2000000000000006,0,0,0,0, 192.168.1.111,173.194.184.232,0,0,0,0,0, 192.168.1.111,74.125.159.41,0,0,0,0,0, 192.168.1.111,172.217.9.227,0,0,0,0,0, 192.168.1.111,172.217.11.35,0,0,0,0,0, 192.168.1.111,172.217.6.206,0,0,0,0,0, 192.168.1.111,172.217.12.150,0,0,0,0,0, 192.168.1.111,172.217.11.42,0,0,0,0,0, 192.168.1.111,216.58.212.195,0,0,0,0,0, 192.168.1.111,172.217.12.130,0,0,0,0,0, 192.168.1.111,172.217.6.227,0,0,0,0,0, 192.168.1.111,172.217.13.228,0,0,0,0,0, 192.168.1.111,74.125.155.233,0,0,0,0,0, 192.168.1.111,173.194.7.55,0,0,0,0,0, 192.168.1.111,172.217.135.39,0,0,0,0,0, 192.168.1.111,172.217.11.45,0,0,0,0,0, 192.168.1.111,172.217.11.46,0,0,0,0,0, 192.168.1.111,172.217.11.38,0,0,0,0,0, 192.168.1.111,172.217.11.33,0,0,0,0,0, 192.168.1.111,172.217.9.238,0,0,0,0,0, 192.168.1.111,172.217.11.51,0,0,0,0,0, 192.168.1.111,216.58.207.227,0,0,0,0,0, 192.168.1.111,0,0,0,0,0,0, 192.168.1.111,0,0,0,0,0,0, 192.168.1.111,0,0,0,0,0,0, 192.168.1.111,0,0,0,0,0,0, 192.168.1.111,0.0.0.0,0,0,0,0,0,0,0,0,0,0,1526580574506,0.0,2058.621,0,0,0,0,0,0,0,0,0,0.0,0.0,-1
2.3000000000000007,0,0,0,0, 192.168.1.111,173.194.184.232,0,0,0,0,0, 192.168.1.111,74.125.159.41,0,0,0,0,0, 192.168.1.111,172.217.9.227,0,0,0,0,0, 192.168.1.111,172.217.11.35,0,0,0,0,0, 192.168.1.111,172.217.6.206,0,0,0,0,0, 192.168.1.111,172.217.12.150,0,0,0,0,0, 192.168.1.111,172.217.11.42,0,0,0,0,0, 192.168.1.111,216.58.212.195,0,0,0,0,0, 192.168.1.111,172.217.12.130,0,0,0,0,0, 192.168.1.111,172.217.6.227,0,0,0,0,0, 192.168.1.111,172.217.13.228,0,0,0,0,0, 192.168.1.111,74.125.155.233,0,0,0,0,0, 192.168.1.111,173.194.7.55,0,0,0,0,0, 192.168.1.111,172.217.135.39,0,0,0,0,0, 192.168.1.111,172.217.11.45,0,0,0,0,0, 192.168.1.111,172.217.11.46,0,0,0,0,0, 192.168.1.111,172.217.11.38,0,0,0,0,0, 192.168.1.111,172.217.11.33,0,0,0,0,0, 192.168.1.111,172.217.9.238,0,0,0,0,0, 192.168.1.111,172.217.11.51,0,0,0,0,0, 192.168.1.111,216.58.207.227,0,0,0,0,0, 192.168.1.111,0,0,0,0,0,0, 192.168.1.111,0,0,0,0,0,0, 192.168.1.111,0,0,0,0,0,0, 192.168.1.111,0,0,0,0,0,0, 192.168.1.111,0.0.0.0,0,0,0,0,0,0,0,0,0,0,1526580574506,0.0,2058.621,0,0,0,0,0,0,0,0,0,0.0,0.0,-1
2.400000000000001,0,0,0,0, 192.168.1.111,173.194.184.232,0,0,0,0,0, 192.168.1.111,74.125.159.41,0,0,0,0,0, 192.168.1.111,172.217.9.227,0,0,0,0,0, 192.168.1.111,172.217.11.35,0,0,0,0,0, 192.168.1.111,172.217.6.206,0,0,0,0,0, 192.168.1.111,172.217.12.150,0,0,0,0,0, 192.168.1.111,172.217.11.42,0,0,0,0,0, 192.168.1.111,216.58.212.195,0,0,0,0,0, 192.168.1.111,172.217.12.130,0,0,0,0,0, 192.168.1.111,172.217.6.227,0,0,0,0,0, 192.168.1.111,172.217.13.228,0,0,0,0,0, 192.168.1.111,74.125.155.233,0,0,0,0,0, 192.168.1.111,173.194.7.55,0,0,0,0,0, 192.168.1.111,172.217.135.39,0,0,0,0,0, 192.168.1.111,172.217.11.45,0,0,0,0,0, 192.168.1.111,172.217.11.46,0,0,0,0,0, 192.168.1.111,172.217.11.38,0,0,0,0,0, 192.168.1.111,172.217.11.33,0,0,0,0,0, 192.168.1.111,172.217.9.238,0,0,0,0,0, 192.168.1.111,172.217.11.51,0,0,0,0,0, 192.168.1.111,216.58.207.227,0,0,0,0,0, 192.168.1.111,0,0,0,0,0,0, 192.168.1.111,0,0,0,0,0,0, 192.168.1.111,0,0,0,0,0,0, 192.168.1.111,0,0,0,0,0,0, 192.168.1.111,0.0.0.0,0,0,0,0,0,0,0,0,0,0,1526580574506,0.0,2058.621,0,0,0,0,0,0,0,0,0,0.0,0.0,-1
2.500000000000001,0,0,0,0, 192.168.1.111,173.194.184.232,0,0,0,0,0, 192.168.1.111,74.125.159.41,0,0,0,0,0, 192.168.1.111,172.217.9.227,0,0,0,0,0, 192.168.1.111,172.217.11.35,0,0,0,0,0, 192.168.1.111,172.217.6.206,0,0,0,0,0, 192.168.1.111,172.217.12.150,0,0,0,0,0, 192.168.1.111,172.217.11.42,0,0,0,0,0, 192.168.1.111,216.58.212.195,0,0,0,0,0, 192.168.1.111,172.217.12.130,0,0,0,0,0, 192.168.1.111,172.217.6.227,0,0,0,0,0, 192.168.1.111,172.217.13.228,0,0,0,0,0, 192.168.1.111,74.125.155.233,0,0,0,0,0, 192.168.1.111,173.194.7.55,0,0,0,0,0, 192.168.1.111,172.217.135.39,0,0,0,0,0, 192.168.1.111,172.217.11.45,0,0,0,0,0, 192.168.1.111,172.217.11.46,0,0,0,0,0, 192.168.1.111,172.217.11.38,0,0,0,0,0, 192.168.1.111,172.217.11.33,0,0,0,0,0, 192.168.1.111,172.217.9.238,0,0,0,0,0, 192.168.1.111,172.217.11.51,0,0,0,0,0, 192.168.1.111,216.58.207.227,0,0,0,0,0, 192.168.1.111,0,0,0,0,0,0, 192.168.1.111,0,0,0,0,0,0, 192.168.1.111,0,0,0,0,0,0, 192.168.1.111,0,0,0,0,0,0, 192.168.1.111,0.0.0.0,0,0,0,0,0,0,0,0,0,0,1526580574506,0.0,2058.621,0,0,0,0,0,0,0,0,0,0.0,0.0,-1
2.600000000000001,0,0,0,0, 192.168.1.111,173.194.184.232,0,0,0,0,0, 192.168.1.111,74.125.159.41,0,0,0,0,0, 192.168.1.111,172.217.9.227,0,0,0,0,0, 192.168.1.111,172.217.11.35,0,0,0,0,0, 192.168.1.111,172.217.6.206,0,0,0,0,0, 192.168.1.111,172.217.12.150,0,0,0,0,0, 192.168.1.111,172.217.11.42,0,0,0,0,0, 192.168.1.111,216.58.212.195,0,0,0,0,0, 192.168.1.111,172.217.12.130,0,0,0,0,0, 192.168.1.111,172.217.6.227,0,0,0,0,0, 192.168.1.111,172.217.13.228,0,0,0,0,0, 192.168.1.111,74.125.155.233,0,0,0,0,0, 192.168.1.111,173.194.7.55,0,0,0,0,0, 192.168.1.111,172.217.135.39,0,0,0,0,0, 192.168.1.111,172.217.11.45,0,0,0,0,0, 192.168.1.111,172.217.11.46,0,0,0,0,0, 192.168.1.111,172.217.11.38,0,0,0,0,0, 192.168.1.111,172.217.11.33,0,0,0,0,0, 192.168.1.111,172.217.9.238,0,0,0,0,0, 192.168.1.111,172.217.11.51,0,0,0,0,0, 192.168.1.111,216.58.207.227,0,0,0,0,0, 192.168.1.111,0,0,0,0,0,0, 192.168.1.111,0,0,0,0,0,0, 192.168.1.111,0,0,0,0,0,0, 192.168.1.111,0,0,0,0,0,0, 192.168.1.111,0.0.0.0,0,0,0,0,0,0,0,0,0,0,1526580574506,0.0,2058.621,0,0,0,0,0,0,0,0,0,0.0,0.0,-1
2.700000000000001,7,3,6295,1532, 192.168.1.111,173.194.184.232,0,0,0,0,0, 192.168.1.111,74.125.159.41,0,0,0,0,0, 192.168.1.111,172.217.9.227,0,0,0,0,0, 192.168.1.111,172.217.11.35,0,0,0,0,0, 192.168.1.111,172.217.6.206,QUIC,2,0,2784,0, 192.168.1.111,172.217.12.150,0,0,0,0,0, 192.168.1.111,172.217.11.42,QUIC,1,1,1392,1392, 192.168.1.111,216.58.212.195,0,0,0,0,0, 192.168.1.111,172.217.12.130,0,0,0,0,0, 192.168.1.111,172.217.6.227,0,0,0,0,0, 192.168.1.111,172.217.13.228,0,0,0,0,0, 192.168.1.111,74.125.155.233,0,0,0,0,0, 192.168.1.111,173.194.7.55,0,0,0,0,0, 192.168.1.111,172.217.135.39,0,0,0,0,0, 192.168.1.111,172.217.11.45,0,0,0,0,0, 192.168.1.111,172.217.11.46,0,0,0,0,0, 192.168.1.111,172.217.11.38,0,0,0,0,0, 192.168.1.111,172.217.11.33,0,0,0,0,0, 192.168.1.111,172.217.9.238,QUIC,1,0,1392,0, 192.168.1.111,172.217.11.51,TCP,3,2,727,140, 192.168.1.111,216.58.207.227,0,0,0,0,0, 192.168.1.111,0,0,0,0,0,0, 192.168.1.111,0,0,0,0,0,0, 192.168.1.111,0,0,0,0,0,0, 192.168.1.111,0,0,0,0,0,0, 192.168.1.111,0.0.0.0,0,0,0,0,0,0,0,0,0,0,1526580574506,0.0,2058.621,0,0,0,0,0,0,0,0,0,0.0,0.0,-1
2.800000000000001,15,17,5192,14624, 192.168.1.111,173.194.184.232,0,0,0,0,0, 192.168.1.111,74.125.159.41,0,0,0,0,0, 192.168.1.111,172.217.9.227,0,0,0,0,0, 192.168.1.111,172.217.11.35,0,0,0,0,0, 192.168.1.111,172.217.6.206,QUIC,3,5,1569,4326, 192.168.1.111,172.217.12.150,0,0,0,0,0, 192.168.1.111,172.217.11.42,QUIC,4,4,1633,2929, 192.168.1.111,216.58.212.195,0,0,0,0,0, 192.168.1.111,172.217.12.130,0,0,0,0,0, 192.168.1.111,172.217.6.227,0,0,0,0,0, 192.168.1.111,172.217.13.228,0,0,0,0,0, 192.168.1.111,74.125.155.233,0,0,0,0,0, 192.168.1.111,173.194.7.55,0,0,0,0,0, 192.168.1.111,172.217.135.39,0,0,0,0,0, 192.168.1.111,172.217.11.45,0,0,0,0,0, 192.168.1.111,172.217.11.46,0,0,0,0,0, 192.168.1.111,172.217.11.38,0,0,0,0,0, 192.168.1.111,172.217.11.33,0,0,0,0,0, 192.168.1.111,172.217.9.238,QUIC,4,4,1633,4249, 192.168.1.111,172.217.11.51,TCP,4,4,357,3120, 192.168.1.111,216.58.207.227,0,0,0,0,0, 192.168.1.111,0,0,0,0,0,0, 192.168.1.111,0,0,0,0,0,0, 192.168.1.111,0,0,0,0,0,0, 192.168.1.111,0,0,0,0,0,0, 192.168.1.111,0.0.0.0,0,0,0,0,0,0,0,0,0,0,1526580574506,0.0,2058.621,0,0,0,0,0,0,0,0,0,0.0,0.0,-1
2.900000000000001,1,2,77,141, 192.168.1.111,173.194.184.232,0,0,0,0,0, 192.168.1.111,74.125.159.41,0,0,0,0,0, 192.168.1.111,172.217.9.227,0,0,0,0,0, 192.168.1.111,172.217.11.35,0,0,0,0,0, 192.168.1.111,172.217.6.206,QUIC,1,1,77,69, 192.168.1.111,172.217.12.150,0,0,0,0,0, 192.168.1.111,172.217.11.42,0,0,0,0,0, 192.168.1.111,216.58.212.195,0,0,0,0,0, 192.168.1.111,172.217.12.130,0,0,0,0,0, 192.168.1.111,172.217.6.227,0,0,0,0,0, 192.168.1.111,172.217.13.228,0,0,0,0,0, 192.168.1.111,74.125.155.233,0,0,0,0,0, 192.168.1.111,173.194.7.55,0,0,0,0,0, 192.168.1.111,172.217.135.39,0,0,0,0,0, 192.168.1.111,172.217.11.45,0,0,0,0,0, 192.168.1.111,172.217.11.46,0,0,0,0,0, 192.168.1.111,172.217.11.38,0,0,0,0,0, 192.168.1.111,172.217.11.33,0,0,0,0,0, 192.168.1.111,172.217.9.238,QUIC,0,1,0,72, 192.168.1.111,172.217.11.51,0,0,0,0,0, 192.168.1.111,216.58.207.227,0,0,0,0,0, 192.168.1.111,0,0,0,0,0,0, 192.168.1.111,0,0,0,0,0,0, 192.168.1.111,0,0,0,0,0,0, 192.168.1.111,0,0,0,0,0,0, 192.168.1.111,0.0.0.0,0,0,0,0,0,0,0,0,0,0,1526580574506,0.0,2058.621,0,0,0,0,0,0,0,0,0,0.0,0.0,-1
3.0000000000000013,1,1,78,98, 192.168.1.111,173.194.184.232,0,0,0,0,0, 192.168.1.111,74.125.159.41,0,0,0,0,0, 192.168.1.111,172.217.9.227,0,0,0,0,0, 192.168.1.111,172.217.11.35,0,0,0,0,0, 192.168.1.111,172.217.6.206,0,0,0,0,0, 192.168.1.111,172.217.12.150,0,0,0,0,0, 192.168.1.111,172.217.11.42,0,0,0,0,0, 192.168.1.111,216.58.212.195,0,0,0,0,0, 192.168.1.111,172.217.12.130,0,0,0,0,0, 192.168.1.111,172.217.6.227,0,0,0,0,0, 192.168.1.111,172.217.13.228,0,0,0,0,0, 192.168.1.111,74.125.155.233,0,0,0,0,0, 192.168.1.111,173.194.7.55,0,0,0,0,0, 192.168.1.111,172.217.135.39,0,0,0,0,0, 192.168.1.111,172.217.11.45,0,0,0,0,0, 192.168.1.111,172.217.11.46,0,0,0,0,0, 192.168.1.111,172.217.11.38,0,0,0,0,0, 192.168.1.111,172.217.11.33,0,0,0,0,0, 192.168.1.111,172.217.9.238,0,0,0,0,0, 192.168.1.111,172.217.11.51,0,0,0,0,0, 192.168.1.111,216.58.207.227,0,0,0,0,0, 192.168.1.111,0,0,0,0,0,0, 192.168.1.111,0,0,0,0,0,0, 192.168.1.111,0,0,0,0,0,0, 192.168.1.111,0,0,0,0,0,0, 192.168.1.111,0.0.0.0,0,1,0,78,0,0,0,0,0,0,1526580574506,0.0,2058.621,0,0,0,0,0,0,0,0,0,0.0,0.0,-1
3.1000000000000014,0,0,0,0, 192.168.1.111,173.194.184.232,0,0,0,0,0, 192.168.1.111,74.125.159.41,0,0,0,0,0, 192.168.1.111,172.217.9.227,0,0,0,0,0, 192.168.1.111,172.217.11.35,0,0,0,0,0, 192.168.1.111,172.217.6.206,0,0,0,0,0, 192.168.1.111,172.217.12.150,0,0,0,0,0, 192.168.1.111,172.217.11.42,0,0,0,0,0, 192.168.1.111,216.58.212.195,0,0,0,0,0, 192.168.1.111,172.217.12.130,0,0,0,0,0, 192.168.1.111,172.217.6.227,0,0,0,0,0, 192.168.1.111,172.217.13.228,0,0,0,0,0, 192.168.1.111,74.125.155.233,0,0,0,0,0, 192.168.1.111,173.194.7.55,0,0,0,0,0, 192.168.1.111,172.217.135.39,0,0,0,0,0, 192.168.1.111,172.217.11.45,0,0,0,0,0, 192.168.1.111,172.217.11.46,0,0,0,0,0, 192.168.1.111,172.217.11.38,0,0,0,0,0, 192.168.1.111,172.217.11.33,0,0,0,0,0, 192.168.1.111,172.217.9.238,0,0,0,0,0, 192.168.1.111,172.217.11.51,0,0,0,0,0, 192.168.1.111,216.58.207.227,0,0,0,0,0, 192.168.1.111,0,0,0,0,0,0, 192.168.1.111,0,0,0,0,0,0, 192.168.1.111,0,0,0,0,0,0, 192.168.1.111,0,0,0,0,0,0, 192.168.1.111,0.0.0.0,0,0,0,0,0,0,0,0,0,0,1526580574506,0.0,2058.621,0,0,0,0,0,0,0,0,0,0.0,0.0,-1
3.200000000000001,0,0,0,0, 192.168.1.111,173.194.184.232,0,0,0,0,0, 192.168.1.111,74.125.159.41,0,0,0,0,0, 192.168.1.111,172.217.9.227,0,0,0,0,0, 192.168.1.111,172.217.11.35,0,0,0,0,0, 192.168.1.111,172.217.6.206,0,0,0,0,0, 192.168.1.111,172.217.12.150,0,0,0,0,0, 192.168.1.111,172.217.11.42,0,0,0,0,0, 192.168.1.111,216.58.212.195,0,0,0,0,0, 192.168.1.111,172.217.12.130,0,0,0,0,0, 192.168.1.111,172.217.6.227,0,0,0,0,0, 192.168.1.111,172.217.13.228,0,0,0,0,0, 192.168.1.111,74.125.155.233,0,0,0,0,0, 192.168.1.111,173.194.7.55,0,0,0,0,0, 192.168.1.111,172.217.135.39,0,0,0,0,0, 192.168.1.111,172.217.11.45,0,0,0,0,0, 192.168.1.111,172.217.11.46,0,0,0,0,0, 192.168.1.111,172.217.11.38,0,0,0,0,0, 192.168.1.111,172.217.11.33,0,0,0,0,0, 192.168.1.111,172.217.9.238,0,0,0,0,0, 192.168.1.111,172.217.11.51,0,0,0,0,0, 192.168.1.111,216.58.207.227,0,0,0,0,0, 192.168.1.111,0,0,0,0,0,0, 192.168.1.111,0,0,0,0,0,0, 192.168.1.111,0,0,0,0,0,0, 192.168.1.111,0,0,0,0,0,0, 192.168.1.111,0.0.0.0,0,0,0,0,0,0,0,0,0,0,1526580574506,0.0,2058.621,0,0,0,0,0,0,0,0,0,0.0,0.0,-1
3.3000000000000016,0,0,0,0, 192.168.1.111,173.194.184.232,0,0,0,0,0, 192.168.1.111,74.125.159.41,0,0,0,0,0, 192.168.1.111,172.217.9.227,0,0,0,0,0, 192.168.1.111,172.217.11.35,0,0,0,0,0, 192.168.1.111,172.217.6.206,0,0,0,0,0, 192.168.1.111,172.217.12.150,0,0,0,0,0, 192.168.1.111,172.217.11.42,0,0,0,0,0, 192.168.1.111,216.58.212.195,0,0,0,0,0, 192.168.1.111,172.217.12.130,0,0,0,0,0, 192.168.1.111,172.217.6.227,0,0,0,0,0, 192.168.1.111,172.217.13.228,0,0,0,0,0, 192.168.1.111,74.125.155.233,0,0,0,0,0, 192.168.1.111,173.194.7.55,0,0,0,0,0, 192.168.1.111,172.217.135.39,0,0,0,0,0, 192.168.1.111,172.217.11.45,0,0,0,0,0, 192.168.1.111,172.217.11.46,0,0,0,0,0, 192.168.1.111,172.217.11.38,0,0,0,0,0, 192.168.1.111,172.217.11.33,0,0,0,0,0, 192.168.1.111,172.217.9.238,0,0,0,0,0, 192.168.1.111,172.217.11.51,0,0,0,0,0, 192.168.1.111,216.58.207.227,0,0,0,0,0, 192.168.1.111,0,0,0,0,0,0, 192.168.1.111,0,0,0,0,0,0, 192.168.1.111,0,0,0,0,0,0, 192.168.1.111,0,0,0,0,0,0, 192.168.1.111,0.0.0.0,0,0,0,0,0,0,0,0,0,0,1526580574506,0.0,2058.621,0,0,0,0,0,0,0,0,0,0.0,0.0,-1
3.4000000000000017,0,0,0,0, 192.168.1.111,173.194.184.232,0,0,0,0,0, 192.168.1.111,74.125.159.41,0,0,0,0,0, 192.168.1.111,172.217.9.227,0,0,0,0,0, 192.168.1.111,172.217.11.35,0,0,0,0,0, 192.168.1.111,172.217.6.206,0,0,0,0,0, 192.168.1.111,172.217.12.150,0,0,0,0,0, 192.168.1.111,172.217.11.42,0,0,0,0,0, 192.168.1.111,216.58.212.195,0,0,0,0,0, 192.168.1.111,172.217.12.130,0,0,0,0,0, 192.168.1.111,172.217.6.227,0,0,0,0,0, 192.168.1.111,172.217.13.228,0,0,0,0,0, 192.168.1.111,74.125.155.233,0,0,0,0,0, 192.168.1.111,173.194.7.55,0,0,0,0,0, 192.168.1.111,172.217.135.39,0,0,0,0,0, 192.168.1.111,172.217.11.45,0,0,0,0,0, 192.168.1.111,172.217.11.46,0,0,0,0,0, 192.168.1.111,172.217.11.38,0,0,0,0,0, 192.168.1.111,172.217.11.33,0,0,0,0,0, 192.168.1.111,172.217.9.238,0,0,0,0,0, 192.168.1.111,172.217.11.51,0,0,0,0,0, 192.168.1.111,216.58.207.227,0,0,0,0,0, 192.168.1.111,0,0,0,0,0,0, 192.168.1.111,0,0,0,0,0,0, 192.168.1.111,0,0,0,0,0,0, 192.168.1.111,0,0,0,0,0,0, 192.168.1.111,0.0.0.0,0,0,0,0,0,0,0,0,0,0,1526580574506,0.0,2058.621,0,0,0,0,0,0,0,0,0,0.0,0.0,-1
3.5000000000000018,4,3,2260,2879, 192.168.1.111,173.194.184.232,0,0,0,0,0, 192.168.1.111,74.125.159.41,0,0,0,0,0, 192.168.1.111,172.217.9.227,0,0,0,0,0, 192.168.1.111,172.217.11.35,0,0,0,0,0, 192.168.1.111,172.217.6.206,0,0,0,0,0, 192.168.1.111,172.217.12.150,0,0,0,0,0, 192.168.1.111,172.217.11.42,0,0,0,0,0, 192.168.1.111,216.58.212.195,0,0,0,0,0, 192.168.1.111,172.217.12.130,0,0,0,0,0, 192.168.1.111,172.217.6.227,0,0,0,0,0, 192.168.1.111,172.217.13.228,QUIC,1,0,709,0, 192.168.1.111,74.125.155.233,0,0,0,0,0, 192.168.1.111,173.194.7.55,0,0,0,0,0, 192.168.1.111,172.217.135.39,0,0,0,0,0, 192.168.1.111,172.217.11.45,QUIC,2,2,1472,2784, 192.168.1.111,172.217.11.46,0,0,0,0,0, 192.168.1.111,172.217.11.38,0,0,0,0,0, 192.168.1.111,172.217.11.33,0,0,0,0,0, 192.168.1.111,172.217.9.238,0,0,0,0,0, 192.168.1.111,172.217.11.51,0,0,0,0,0, 192.168.1.111,216.58.207.227,0,0,0,0,0, 192.168.1.111,0,0,0,0,0,0, 192.168.1.111,0,0,0,0,0,0, 192.168.1.111,0,0,0,0,0,0, 192.168.1.111,0,0,0,0,0,0, 192.168.1.111,0.0.0.0,0,1,1,79,95,0,0,0,0,0,1526580574506,0.0,2058.621,0,0,0,0,0,0,0,0,0,0.0,0.0,-1
3.600000000000002,8,9,3011,3566, 192.168.1.111,173.194.184.232,0,0,0,0,0, 192.168.1.111,74.125.159.41,0,0,0,0,0, 192.168.1.111,172.217.9.227,0,0,0,0,0, 192.168.1.111,172.217.11.35,0,0,0,0,0, 192.168.1.111,172.217.6.206,0,0,0,0,0, 192.168.1.111,172.217.12.150,0,0,0,0,0, 192.168.1.111,172.217.11.42,0,0,0,0,0, 192.168.1.111,216.58.212.195,0,0,0,0,0, 192.168.1.111,172.217.12.130,0,0,0,0,0, 192.168.1.111,172.217.6.227,0,0,0,0,0, 192.168.1.111,172.217.13.228,QUIC,1,3,86,655, 192.168.1.111,74.125.155.233,0,0,0,0,0, 192.168.1.111,173.194.7.55,0,0,0,0,0, 192.168.1.111,172.217.135.39,0,0,0,0,0, 192.168.1.111,172.217.11.45,QUIC,7,6,2925,2911, 192.168.1.111,172.217.11.46,0,0,0,0,0, 192.168.1.111,172.217.11.38,0,0,0,0,0, 192.168.1.111,172.217.11.33,0,0,0,0,0, 192.168.1.111,172.217.9.238,0,0,0,0,0, 192.168.1.111,172.217.11.51,0,0,0,0,0, 192.168.1.111,216.58.207.227,0,0,0,0,0, 192.168.1.111,0,0,0,0,0,0, 192.168.1.111,0,0,0,0,0,0, 192.168.1.111,0,0,0,0,0,0, 192.168.1.111,0,0,0,0,0,0, 192.168.1.111,0.0.0.0,0,0,0,0,0,0,0,0,0,0,1526580574506,0.0,2058.621,0,0,0,0,0,0,0,0,0,0.0,0.0,-1
3.700000000000002,0,0,0,0, 192.168.1.111,173.194.184.232,0,0,0,0,0, 192.168.1.111,74.125.159.41,0,0,0,0,0, 192.168.1.111,172.217.9.227,0,0,0,0,0, 192.168.1.111,172.217.11.35,0,0,0,0,0, 192.168.1.111,172.217.6.206,0,0,0,0,0, 192.168.1.111,172.217.12.150,0,0,0,0,0, 192.168.1.111,172.217.11.42,0,0,0,0,0, 192.168.1.111,216.58.212.195,0,0,0,0,0, 192.168.1.111,172.217.12.130,0,0,0,0,0, 192.168.1.111,172.217.6.227,0,0,0,0,0, 192.168.1.111,172.217.13.228,0,0,0,0,0, 192.168.1.111,74.125.155.233,0,0,0,0,0, 192.168.1.111,173.194.7.55,0,0,0,0,0, 192.168.1.111,172.217.135.39,0,0,0,0,0, 192.168.1.111,172.217.11.45,0,0,0,0,0, 192.168.1.111,172.217.11.46,0,0,0,0,0, 192.168.1.111,172.217.11.38,0,0,0,0,0, 192.168.1.111,172.217.11.33,0,0,0,0,0, 192.168.1.111,172.217.9.238,0,0,0,0,0, 192.168.1.111,172.217.11.51,0,0,0,0,0, 192.168.1.111,216.58.207.227,0,0,0,0,0, 192.168.1.111,0,0,0,0,0,0, 192.168.1.111,0,0,0,0,0,0, 192.168.1.111,0,0,0,0,0,0, 192.168.1.111,0,0,0,0,0,0, 192.168.1.111,0.0.0.0,0,0,0,0,0,0,0,0,0,0,1526580574506,0.0,2058.621,0,0,0,0,0,0,0,0,0,0.0,0.0,-1
3.800000000000002,1,0,845,0, 192.168.1.111,173.194.184.232,0,0,0,0,0, 192.168.1.111,74.125.159.41,0,0,0,0,0, 192.168.1.111,172.217.9.227,0,0,0,0,0, 192.168.1.111,172.217.11.35,0,0,0,0,0, 192.168.1.111,172.217.6.206,QUIC,1,0,845,0, 192.168.1.111,172.217.12.150,0,0,0,0,0, 192.168.1.111,172.217.11.42,0,0,0,0,0, 192.168.1.111,216.58.212.195,0,0,0,0,0, 192.168.1.111,172.217.12.130,0,0,0,0,0, 192.168.1.111,172.217.6.227,0,0,0,0,0, 192.168.1.111,172.217.13.228,0,0,0,0,0, 192.168.1.111,74.125.155.233,0,0,0,0,0, 192.168.1.111,173.194.7.55,0,0,0,0,0, 192.168.1.111,172.217.135.39,0,0,0,0,0, 192.168.1.111,172.217.11.45,0,0,0,0,0, 192.168.1.111,172.217.11.46,0,0,0,0,0, 192.168.1.111,172.217.11.38,0,0,0,0,0, 192.168.1.111,172.217.11.33,0,0,0,0,0, 192.168.1.111,172.217.9.238,0,0,0,0,0, 192.168.1.111,172.217.11.51,0,0,0,0,0, 192.168.1.111,216.58.207.227,0,0,0,0,0, 192.168.1.111,0,0,0,0,0,0, 192.168.1.111,0,0,0,0,0,0, 192.168.1.111,0,0,0,0,0,0, 192.168.1.111,0,0,0,0,0,0, 192.168.1.111,0.0.0.0,0,0,0,0,0,0,0,0,0,0,1526580574506,0.0,2058.621,0,0,0,0,0,0,0,0,0,0.0,0.0,-1
3.900000000000002,2,1,1472,1266, 192.168.1.111,173.194.184.232,0,0,0,0,0, 192.168.1.111,74.125.159.41,0,0,0,0,0, 192.168.1.111,172.217.9.227,0,0,0,0,0, 192.168.1.111,172.217.11.35,QUIC,1,0,1392,0, 192.168.1.111,172.217.6.206,QUIC,1,1,80,1266, 192.168.1.111,172.217.12.150,0,0,0,0,0, 192.168.1.111,172.217.11.42,0,0,0,0,0, 192.168.1.111,216.58.212.195,0,0,0,0,0, 192.168.1.111,172.217.12.130,0,0,0,0,0, 192.168.1.111,172.217.6.227,0,0,0,0,0, 192.168.1.111,172.217.13.228,0,0,0,0,0, 192.168.1.111,74.125.155.233,0,0,0,0,0, 192.168.1.111,173.194.7.55,0,0,0,0,0, 192.168.1.111,172.217.135.39,0,0,0,0,0, 192.168.1.111,172.217.11.45,0,0,0,0,0, 192.168.1.111,172.217.11.46,0,0,0,0,0, 192.168.1.111,172.217.11.38,0,0,0,0,0, 192.168.1.111,172.217.11.33,0,0,0,0,0, 192.168.1.111,172.217.9.238,0,0,0,0,0, 192.168.1.111,172.217.11.51,0,0,0,0,0, 192.168.1.111,216.58.207.227,0,0,0,0,0, 192.168.1.111,0,0,0,0,0,0, 192.168.1.111,0,0,0,0,0,0, 192.168.1.111,0,0,0,0,0,0, 192.168.1.111,0,0,0,0,0,0, 192.168.1.111,0.0.0.0,0,0,0,0,0,0,0,0,0,0,1526580574506,0.0,2058.621,0,0,0,0,0,0,0,0,0,0.0,0.0,-1
4.000000000000002,6,7,3116,4496, 192.168.1.111,173.194.184.232,0,0,0,0,0, 192.168.1.111,74.125.159.41,0,0,0,0,0, 192.168.1.111,172.217.9.227,0,0,0,0,0, 192.168.1.111,172.217.11.35,QUIC,5,6,3038,4398, 192.168.1.111,172.217.6.206,0,0,0,0,0, 192.168.1.111,172.217.12.150,0,0,0,0,0, 192.168.1.111,172.217.11.42,0,0,0,0,0, 192.168.1.111,216.58.212.195,0,0,0,0,0, 192.168.1.111,172.217.12.130,0,0,0,0,0, 192.168.1.111,172.217.6.227,0,0,0,0,0, 192.168.1.111,172.217.13.228,0,0,0,0,0, 192.168.1.111,74.125.155.233,0,0,0,0,0, 192.168.1.111,173.194.7.55,0,0,0,0,0, 192.168.1.111,172.217.135.39,0,0,0,0,0, 192.168.1.111,172.217.11.45,0,0,0,0,0, 192.168.1.111,172.217.11.46,0,0,0,0,0, 192.168.1.111,172.217.11.38,0,0,0,0,0, 192.168.1.111,172.217.11.33,0,0,0,0,0, 192.168.1.111,172.217.9.238,0,0,0,0,0, 192.168.1.111,172.217.11.51,0,0,0,0,0, 192.168.1.111,216.58.207.227,0,0,0,0,0, 192.168.1.111,0,0,0,0,0,0, 192.168.1.111,0,0,0,0,0,0, 192.168.1.111,0,0,0,0,0,0, 192.168.1.111,0,0,0,0,0,0, 192.168.1.111,0.0.0.0,0,1,0,78,0,0,0,0,0,0,1526580574506,0.0,2058.621,0,0,0,0,0,0,0,0,0,0.0,0.0,-1
4.100000000000001,0,0,0,0, 192.168.1.111,173.194.184.232,0,0,0,0,0, 192.168.1.111,74.125.159.41,0,0,0,0,0, 192.168.1.111,172.217.9.227,0,0,0,0,0, 192.168.1.111,172.217.11.35,0,0,0,0,0, 192.168.1.111,172.217.6.206,0,0,0,0,0, 192.168.1.111,172.217.12.150,0,0,0,0,0, 192.168.1.111,172.217.11.42,0,0,0,0,0, 192.168.1.111,216.58.212.195,0,0,0,0,0, 192.168.1.111,172.217.12.130,0,0,0,0,0, 192.168.1.111,172.217.6.227,0,0,0,0,0, 192.168.1.111,172.217.13.228,0,0,0,0,0, 192.168.1.111,74.125.155.233,0,0,0,0,0, 192.168.1.111,173.194.7.55,0,0,0,0,0, 192.168.1.111,172.217.135.39,0,0,0,0,0, 192.168.1.111,172.217.11.45,0,0,0,0,0, 192.168.1.111,172.217.11.46,0,0,0,0,0, 192.168.1.111,172.217.11.38,0,0,0,0,0, 192.168.1.111,172.217.11.33,0,0,0,0,0, 192.168.1.111,172.217.9.238,0,0,0,0,0, 192.168.1.111,172.217.11.51,0,0,0,0,0, 192.168.1.111,216.58.207.227,0,0,0,0,0, 192.168.1.111,0,0,0,0,0,0, 192.168.1.111,0,0,0,0,0,0, 192.168.1.111,0,0,0,0,0,0, 192.168.1.111,0,0,0,0,0,0, 192.168.1.111,0.0.0.0,0,0,0,0,0,0,0,0,0,0,1526580574506,0.0,2058.621,0,0,0,0,0,0,0,0,0,0.0,0.0,-1
4.200000000000001,46,49,4698,56786, 192.168.1.111,173.194.184.232,0,0,0,0,0, 192.168.1.111,74.125.159.41,0,0,0,0,0, 192.168.1.111,172.217.9.227,TCP,46,49,4698,56786, 192.168.1.111,172.217.11.35,0,0,0,0,0, 192.168.1.111,172.217.6.206,0,0,0,0,0, 192.168.1.111,172.217.12.150,0,0,0,0,0, 192.168.1.111,172.217.11.42,0,0,0,0,0, 192.168.1.111,216.58.212.195,0,0,0,0,0, 192.168.1.111,172.217.12.130,0,0,0,0,0, 192.168.1.111,172.217.6.227,0,0,0,0,0, 192.168.1.111,172.217.13.228,0,0,0,0,0, 192.168.1.111,74.125.155.233,0,0,0,0,0, 192.168.1.111,173.194.7.55,0,0,0,0,0, 192.168.1.111,172.217.135.39,0,0,0,0,0, 192.168.1.111,172.217.11.45,0,0,0,0,0, 192.168.1.111,172.217.11.46,0,0,0,0,0, 192.168.1.111,172.217.11.38,0,0,0,0,0, 192.168.1.111,172.217.11.33,0,0,0,0,0, 192.168.1.111,172.217.9.238,0,0,0,0,0, 192.168.1.111,172.217.11.51,0,0,0,0,0, 192.168.1.111,216.58.207.227,0,0,0,0,0, 192.168.1.111,0,0,0,0,0,0, 192.168.1.111,0,0,0,0,0,0, 192.168.1.111,0,0,0,0,0,0, 192.168.1.111,0,0,0,0,0,0, 192.168.1.111,0.0.0.0,0,0,0,0,0,0,0,0,0,0,1526580574506,0.0,2058.621,0,0,0,0,0,0,0,0,0,0.0,0.0,-1
4.300000000000001,57,73,16000,101962, 192.168.1.111,173.194.184.232,0,0,0,0,0, 192.168.1.111,74.125.159.41,0,0,0,0,0, 192.168.1.111,172.217.9.227,TCP,43,69,2884,101417, 192.168.1.111,172.217.11.35,QUIC,2,0,2784,0, 192.168.1.111,172.217.6.206,QUIC,1,0,239,0, 192.168.1.111,172.217.12.150,0,0,0,0,0, 192.168.1.111,172.217.11.42,0,0,0,0,0, 192.168.1.111,216.58.212.195,0,0,0,0,0, 192.168.1.111,172.217.12.130,QUIC,2,0,2784,0, 192.168.1.111,172.217.6.227,0,0,0,0,0, 192.168.1.111,172.217.13.228,0,0,0,0,0, 192.168.1.111,74.125.155.233,QUIC,1,0,1392,0, 192.168.1.111,173.194.7.55,QUIC,1,0,1392,0, 192.168.1.111,172.217.135.39,QUIC,1,0,1392,0, 192.168.1.111,172.217.11.45,0,0,0,0,0, 192.168.1.111,172.217.11.46,0,0,0,0,0, 192.168.1.111,172.217.11.38,QUIC,1,0,1392,0, 192.168.1.111,172.217.11.33,QUIC,1,0,1392,0, 192.168.1.111,172.217.9.238,0,0,0,0,0, 192.168.1.111,172.217.11.51,0,0,0,0,0, 192.168.1.111,216.58.207.227,0,0,0,0,0, 192.168.1.111,0,0,0,0,0,0, 192.168.1.111,0,0,0,0,0,0, 192.168.1.111,0,0,0,0,0,0, 192.168.1.111,0,0,0,0,0,0, 192.168.1.111,0.0.0.0,0,4,4,349,545,0,0,0,0,0,1526580574506,0.0,2058.621,0,0,0,0,0,0,0,0,0,0.0,0.0,-1
4.4,26,47,12594,50241, 192.168.1.111,173.194.184.232,0,0,0,0,0, 192.168.1.111,74.125.159.41,0,0,0,0,0, 192.168.1.111,172.217.9.227,0,0,0,0,0, 192.168.1.111,172.217.11.35,QUIC,3,6,1566,4395, 192.168.1.111,172.217.6.206,QUIC,7,16,563,16310, 192.168.1.111,172.217.12.150,0,0,0,0,0, 192.168.1.111,172.217.11.42,0,0,0,0,0, 192.168.1.111,216.58.212.195,0,0,0,0,0, 192.168.1.111,172.217.12.130,QUIC,6,6,3105,7033, 192.168.1.111,172.217.6.227,0,0,0,0,0, 192.168.1.111,172.217.13.228,0,0,0,0,0, 192.168.1.111,74.125.155.233,QUIC,2,5,1472,5645, 192.168.1.111,173.194.7.55,QUIC,2,5,1472,5645, 192.168.1.111,172.217.135.39,QUIC,2,5,1472,5645, 192.168.1.111,172.217.11.45,0,0,0,0,0, 192.168.1.111,172.217.11.46,0,0,0,0,0, 192.168.1.111,172.217.11.38,QUIC,2,2,1472,2784, 192.168.1.111,172.217.11.33,QUIC,2,2,1472,2784, 192.168.1.111,172.217.9.238,0,0,0,0,0, 192.168.1.111,172.217.11.51,0,0,0,0,0, 192.168.1.111,216.58.207.227,0,0,0,0,0, 192.168.1.111,0,0,0,0,0,0, 192.168.1.111,0,0,0,0,0,0, 192.168.1.111,0,0,0,0,0,0, 192.168.1.111,0,0,0,0,0,0, 192.168.1.111,0.0.0.0,0,0,0,0,0,0,0,0,0,0,1526580574506,0.0,2058.621,0,0,0,0,0,0,0,0,0,0.0,0.0,-1
4.5,13,15,1082,9006, 192.168.1.111,173.194.184.232,0,0,0,0,0, 192.168.1.111,74.125.159.41,0,0,0,0,0, 192.168.1.111,172.217.9.227,0,0,0,0,0, 192.168.1.111,172.217.11.35,0,0,0,0,0, 192.168.1.111,172.217.6.206,QUIC,1,0,77,0, 192.168.1.111,172.217.12.150,0,0,0,0,0, 192.168.1.111,172.217.11.42,0,0,0,0,0, 192.168.1.111,216.58.212.195,0,0,0,0,0, 192.168.1.111,172.217.12.130,QUIC,2,4,161,1609, 192.168.1.111,172.217.6.227,0,0,0,0,0, 192.168.1.111,172.217.13.228,0,0,0,0,0, 192.168.1.111,74.125.155.233,QUIC,2,2,174,1465, 192.168.1.111,173.194.7.55,QUIC,2,2,174,1465, 192.168.1.111,172.217.135.39,QUIC,2,2,174,1465, 192.168.1.111,172.217.11.45,0,0,0,0,0, 192.168.1.111,172.217.11.46,0,0,0,0,0, 192.168.1.111,172.217.11.38,QUIC,2,2,161,1465, 192.168.1.111,172.217.11.33,QUIC,2,3,161,1537, 192.168.1.111,172.217.9.238,0,0,0,0,0, 192.168.1.111,172.217.11.51,0,0,0,0,0, 192.168.1.111,216.58.207.227,0,0,0,0,0, 192.168.1.111,0,0,0,0,0,0, 192.168.1.111,0,0,0,0,0,0, 192.168.1.111,0,0,0,0,0,0, 192.168.1.111,0,0,0,0,0,0, 192.168.1.111,0.0.0.0,0,0,0,0,0,0,0,0,0,0,1526580574506,0.0,2058.621,0,0,0,0,0,0,0,0,0,0.0,0.0,-1
4.6,0,4,0,282, 192.168.1.111,173.194.184.232,0,0,0,0,0, 192.168.1.111,74.125.159.41,0,0,0,0,0, 192.168.1.111,172.217.9.227,0,0,0,0,0, 192.168.1.111,172.217.11.35,0,0,0,0,0, 192.168.1.111,172.217.6.206,0,0,0,0,0, 192.168.1.111,172.217.12.150,0,0,0,0,0, 192.168.1.111,172.217.11.42,0,0,0,0,0, 192.168.1.111,216.58.212.195,0,0,0,0,0, 192.168.1.111,172.217.12.130,0,0,0,0,0, 192.168.1.111,172.217.6.227,0,0,0,0,0, 192.168.1.111,172.217.13.228,0,0,0,0,0, 192.168.1.111,74.125.155.233,QUIC,0,1,0,72, 192.168.1.111,173.194.7.55,QUIC,0,1,0,69, 192.168.1.111,172.217.135.39,QUIC,0,1,0,69, 192.168.1.111,172.217.11.45,0,0,0,0,0, 192.168.1.111,172.217.11.46,0,0,0,0,0, 192.168.1.111,172.217.11.38,QUIC,0,1,0,72, 192.168.1.111,172.217.11.33,0,0,0,0,0, 192.168.1.111,172.217.9.238,0,0,0,0,0, 192.168.1.111,172.217.11.51,0,0,0,0,0, 192.168.1.111,216.58.207.227,0,0,0,0,0, 192.168.1.111,0,0,0,0,0,0, 192.168.1.111,0,0,0,0,0,0, 192.168.1.111,0,0,0,0,0,0, 192.168.1.111,0,0,0,0,0,0, 192.168.1.111,0.0.0.0,0,0,0,0,0,0,0,0,0,0,1526580574506,0.0,2058.621,0,0,0,0,0,0,0,0,0,0.0,0.0,-1
4.699999999999999,0,0,0,0, 192.168.1.111,173.194.184.232,0,0,0,0,0, 192.168.1.111,74.125.159.41,0,0,0,0,0, 192.168.1.111,172.217.9.227,0,0,0,0,0, 192.168.1.111,172.217.11.35,0,0,0,0,0, 192.168.1.111,172.217.6.206,0,0,0,0,0, 192.168.1.111,172.217.12.150,0,0,0,0,0, 192.168.1.111,172.217.11.42,0,0,0,0,0, 192.168.1.111,216.58.212.195,0,0,0,0,0, 192.168.1.111,172.217.12.130,0,0,0,0,0, 192.168.1.111,172.217.6.227,0,0,0,0,0, 192.168.1.111,172.217.13.228,0,0,0,0,0, 192.168.1.111,74.125.155.233,0,0,0,0,0, 192.168.1.111,173.194.7.55,0,0,0,0,0, 192.168.1.111,172.217.135.39,0,0,0,0,0, 192.168.1.111,172.217.11.45,0,0,0,0,0, 192.168.1.111,172.217.11.46,0,0,0,0,0, 192.168.1.111,172.217.11.38,0,0,0,0,0, 192.168.1.111,172.217.11.33,0,0,0,0,0, 192.168.1.111,172.217.9.238,0,0,0,0,0, 192.168.1.111,172.217.11.51,0,0,0,0,0, 192.168.1.111,216.58.207.227,0,0,0,0,0, 192.168.1.111,0,0,0,0,0,0, 192.168.1.111,0,0,0,0,0,0, 192.168.1.111,0,0,0,0,0,0, 192.168.1.111,0,0,0,0,0,0, 192.168.1.111,0.0.0.0,0,0,0,0,0,0,0,0,0,0,1526580574506,0.0,2058.621,0,0,0,0,0,0,0,0,0,0.0,0.0,-1
4.799999999999999,0,0,0,0, 192.168.1.111,173.194.184.232,0,0,0,0,0, 192.168.1.111,74.125.159.41,0,0,0,0,0, 192.168.1.111,172.217.9.227,0,0,0,0,0, 192.168.1.111,172.217.11.35,0,0,0,0,0, 192.168.1.111,172.217.6.206,0,0,0,0,0, 192.168.1.111,172.217.12.150,0,0,0,0,0, 192.168.1.111,172.217.11.42,0,0,0,0,0, 192.168.1.111,216.58.212.195,0,0,0,0,0, 192.168.1.111,172.217.12.130,0,0,0,0,0, 192.168.1.111,172.217.6.227,0,0,0,0,0, 192.168.1.111,172.217.13.228,0,0,0,0,0, 192.168.1.111,74.125.155.233,0,0,0,0,0, 192.168.1.111,173.194.7.55,0,0,0,0,0, 192.168.1.111,172.217.135.39,0,0,0,0,0, 192.168.1.111,172.217.11.45,0,0,0,0,0, 192.168.1.111,172.217.11.46,0,0,0,0,0, 192.168.1.111,172.217.11.38,0,0,0,0,0, 192.168.1.111,172.217.11.33,0,0,0,0,0, 192.168.1.111,172.217.9.238,0,0,0,0,0, 192.168.1.111,172.217.11.51,0,0,0,0,0, 192.168.1.111,216.58.207.227,0,0,0,0,0, 192.168.1.111,0,0,0,0,0,0, 192.168.1.111,0,0,0,0,0,0, 192.168.1.111,0,0,0,0,0,0, 192.168.1.111,0,0,0,0,0,0, 192.168.1.111,0.0.0.0,0,0,0,0,0,0,0,0,0,0,1526580574506,0.0,2058.621,0,0,0,0,0,0,0,0,0,0.0,0.0,-1
4.899999999999999,2,0,1104,0, 192.168.1.111,173.194.184.232,0,0,0,0,0, 192.168.1.111,74.125.159.41,0,0,0,0,0, 192.168.1.111,172.217.9.227,0,0,0,0,0, 192.168.1.111,172.217.11.35,0,0,0,0,0, 192.168.1.111,172.217.6.206,0,0,0,0,0, 192.168.1.111,172.217.12.150,0,0,0,0,0, 192.168.1.111,172.217.11.42,0,0,0,0,0, 192.168.1.111,216.58.212.195,0,0,0,0,0, 192.168.1.111,172.217.12.130,QUIC,1,0,550,0, 192.168.1.111,172.217.6.227,0,0,0,0,0, 192.168.1.111,172.217.13.228,0,0,0,0,0, 192.168.1.111,74.125.155.233,0,0,0,0,0, 192.168.1.111,173.194.7.55,0,0,0,0,0, 192.168.1.111,172.217.135.39,0,0,0,0,0, 192.168.1.111,172.217.11.45,0,0,0,0,0, 192.168.1.111,172.217.11.46,0,0,0,0,0, 192.168.1.111,172.217.11.38,QUIC,1,0,554,0, 192.168.1.111,172.217.11.33,0,0,0,0,0, 192.168.1.111,172.217.9.238,0,0,0,0,0, 192.168.1.111,172.217.11.51,0,0,0,0,0, 192.168.1.111,216.58.207.227,0,0,0,0,0, 192.168.1.111,0,0,0,0,0,0, 192.168.1.111,0,0,0,0,0,0, 192.168.1.111,0,0,0,0,0,0, 192.168.1.111,0,0,0,0,0,0, 192.168.1.111,0.0.0.0,0,0,0,0,0,0,0,0,0,0,1526580574506,0.0,2058.621,0,0,0,0,0,0,0,0,0,0.0,0.0,-1
4.999999999999998,0,1,0,243, 192.168.1.111,173.194.184.232,0,0,0,0,0, 192.168.1.111,74.125.159.41,0,0,0,0,0, 192.168.1.111,172.217.9.227,0,0,0,0,0, 192.168.1.111,172.217.11.35,0,0,0,0,0, 192.168.1.111,172.217.6.206,0,0,0,0,0, 192.168.1.111,172.217.12.150,0,0,0,0,0, 192.168.1.111,172.217.11.42,0,0,0,0,0, 192.168.1.111,216.58.212.195,0,0,0,0,0, 192.168.1.111,172.217.12.130,0,0,0,0,0, 192.168.1.111,172.217.6.227,0,0,0,0,0, 192.168.1.111,172.217.13.228,0,0,0,0,0, 192.168.1.111,74.125.155.233,0,0,0,0,0, 192.168.1.111,173.194.7.55,0,0,0,0,0, 192.168.1.111,172.217.135.39,0,0,0,0,0, 192.168.1.111,172.217.11.45,0,0,0,0,0, 192.168.1.111,172.217.11.46,0,0,0,0,0, 192.168.1.111,172.217.11.38,QUIC,0,1,0,243, 192.168.1.111,172.217.11.33,0,0,0,0,0, 192.168.1.111,172.217.9.238,0,0,0,0,0, 192.168.1.111,172.217.11.51,0,0,0,0,0, 192.168.1.111,216.58.207.227,0,0,0,0,0, 192.168.1.111,0,0,0,0,0,0, 192.168.1.111,0,0,0,0,0,0, 192.168.1.111,0,0,0,0,0,0, 192.168.1.111,0,0,0,0,0,0, 192.168.1.111,0.0.0.0,0,0,0,0,0,0,0,0,0,0,1526580574506,0.0,2058.621,0,0,0,0,0,0,0,0,0,0.0,0.0,-1
5.099999999999998,2,3,163,1077, 192.168.1.111,173.194.184.232,0,0,0,0,0, 192.168.1.111,74.125.159.41,0,0,0,0,0, 192.168.1.111,172.217.9.227,0,0,0,0,0, 192.168.1.111,172.217.11.35,0,0,0,0,0, 192.168.1.111,172.217.6.206,0,0,0,0,0, 192.168.1.111,172.217.12.150,0,0,0,0,0, 192.168.1.111,172.217.11.42,0,0,0,0,0, 192.168.1.111,216.58.212.195,0,0,0,0,0, 192.168.1.111,172.217.12.130,QUIC,1,2,83,1008, 192.168.1.111,172.217.6.227,0,0,0,0,0, 192.168.1.111,172.217.13.228,0,0,0,0,0, 192.168.1.111,74.125.155.233,0,0,0,0,0, 192.168.1.111,173.194.7.55,0,0,0,0,0, 192.168.1.111,172.217.135.39,0,0,0,0,0, 192.168.1.111,172.217.11.45,0,0,0,0,0, 192.168.1.111,172.217.11.46,0,0,0,0,0, 192.168.1.111,172.217.11.38,QUIC,1,1,80,69, 192.168.1.111,172.217.11.33,0,0,0,0,0, 192.168.1.111,172.217.9.238,0,0,0,0,0, 192.168.1.111,172.217.11.51,0,0,0,0,0, 192.168.1.111,216.58.207.227,0,0,0,0,0, 192.168.1.111,0,0,0,0,0,0, 192.168.1.111,0,0,0,0,0,0, 192.168.1.111,0,0,0,0,0,0, 192.168.1.111,0,0,0,0,0,0, 192.168.1.111,0.0.0.0,0,0,0,0,0,0,0,0,0,0,1526580574506,0.0,2058.621,0,0,0,0,0,0,0,0,0,0.0,0.0,-1
5.1999999999999975,3,0,1316,0, 192.168.1.111,173.194.184.232,0,0,0,0,0, 192.168.1.111,74.125.159.41,0,0,0,0,0, 192.168.1.111,172.217.9.227,0,0,0,0,0, 192.168.1.111,172.217.11.35,0,0,0,0,0, 192.168.1.111,172.217.6.206,QUIC,3,0,1316,0, 192.168.1.111,172.217.12.150,0,0,0,0,0, 192.168.1.111,172.217.11.42,0,0,0,0,0, 192.168.1.111,216.58.212.195,0,0,0,0,0, 192.168.1.111,172.217.12.130,0,0,0,0,0, 192.168.1.111,172.217.6.227,0,0,0,0,0, 192.168.1.111,172.217.13.228,0,0,0,0,0, 192.168.1.111,74.125.155.233,0,0,0,0,0, 192.168.1.111,173.194.7.55,0,0,0,0,0, 192.168.1.111,172.217.135.39,0,0,0,0,0, 192.168.1.111,172.217.11.45,0,0,0,0,0, 192.168.1.111,172.217.11.46,0,0,0,0,0, 192.168.1.111,172.217.11.38,0,0,0,0,0, 192.168.1.111,172.217.11.33,0,0,0,0,0, 192.168.1.111,172.217.9.238,0,0,0,0,0, 192.168.1.111,172.217.11.51,0,0,0,0,0, 192.168.1.111,216.58.207.227,0,0,0,0,0, 192.168.1.111,0,0,0,0,0,0, 192.168.1.111,0,0,0,0,0,0, 192.168.1.111,0,0,0,0,0,0, 192.168.1.111,0,0,0,0,0,0, 192.168.1.111,0.0.0.0,0,0,0,0,0,0,0,0,0,0,1526580574506,0.0,2058.621,0,0,0,0,0,0,0,0,0,0.0,0.0,-1
5.299999999999997,0,1,0,99, 192.168.1.111,173.194.184.232,0,0,0,0,0, 192.168.1.111,74.125.159.41,0,0,0,0,0, 192.168.1.111,172.217.9.227,0,0,0,0,0, 192.168.1.111,172.217.11.35,0,0,0,0,0, 192.168.1.111,172.217.6.206,QUIC,0,1,0,99, 192.168.1.111,172.217.12.150,0,0,0,0,0, 192.168.1.111,172.217.11.42,0,0,0,0,0, 192.168.1.111,216.58.212.195,0,0,0,0,0, 192.168.1.111,172.217.12.130,0,0,0,0,0, 192.168.1.111,172.217.6.227,0,0,0,0,0, 192.168.1.111,172.217.13.228,0,0,0,0,0, 192.168.1.111,74.125.155.233,0,0,0,0,0, 192.168.1.111,173.194.7.55,0,0,0,0,0, 192.168.1.111,172.217.135.39,0,0,0,0,0, 192.168.1.111,172.217.11.45,0,0,0,0,0, 192.168.1.111,172.217.11.46,0,0,0,0,0, 192.168.1.111,172.217.11.38,0,0,0,0,0, 192.168.1.111,172.217.11.33,0,0,0,0,0, 192.168.1.111,172.217.9.238,0,0,0,0,0, 192.168.1.111,172.217.11.51,0,0,0,0,0, 192.168.1.111,216.58.207.227,0,0,0,0,0, 192.168.1.111,0,0,0,0,0,0, 192.168.1.111,0,0,0,0,0,0, 192.168.1.111,0,0,0,0,0,0, 192.168.1.111,0,0,0,0,0,0, 192.168.1.111,0.0.0.0,0,0,0,0,0,0,0,0,0,0,1526580574506,0.0,2058.621,0,0,0,0,0,0,0,0,0,0.0,0.0,-1
5.399999999999997,0,0,0,0, 192.168.1.111,173.194.184.232,0,0,0,0,0, 192.168.1.111,74.125.159.41,0,0,0,0,0, 192.168.1.111,172.217.9.227,0,0,0,0,0, 192.168.1.111,172.217.11.35,0,0,0,0,0, 192.168.1.111,172.217.6.206,0,0,0,0,0, 192.168.1.111,172.217.12.150,0,0,0,0,0, 192.168.1.111,172.217.11.42,0,0,0,0,0, 192.168.1.111,216.58.212.195,0,0,0,0,0, 192.168.1.111,172.217.12.130,0,0,0,0,0, 192.168.1.111,172.217.6.227,0,0,0,0,0, 192.168.1.111,172.217.13.228,0,0,0,0,0, 192.168.1.111,74.125.155.233,0,0,0,0,0, 192.168.1.111,173.194.7.55,0,0,0,0,0, 192.168.1.111,172.217.135.39,0,0,0,0,0, 192.168.1.111,172.217.11.45,0,0,0,0,0, 192.168.1.111,172.217.11.46,0,0,0,0,0, 192.168.1.111,172.217.11.38,0,0,0,0,0, 192.168.1.111,172.217.11.33,0,0,0,0,0, 192.168.1.111,172.217.9.238,0,0,0,0,0, 192.168.1.111,172.217.11.51,0,0,0,0,0, 192.168.1.111,216.58.207.227,0,0,0,0,0, 192.168.1.111,0,0,0,0,0,0, 192.168.1.111,0,0,0,0,0,0, 192.168.1.111,0,0,0,0,0,0, 192.168.1.111,0,0,0,0,0,0, 192.168.1.111,0.0.0.0,0,0,0,0,0,0,0,0,0,0,1526580574506,0.0,2058.621,0,0,0,0,0,0,0,0,0,0.0,0.0,-1
5.4999999999999964,1,1,80,192, 192.168.1.111,173.194.184.232,0,0,0,0,0, 192.168.1.111,74.125.159.41,0,0,0,0,0, 192.168.1.111,172.217.9.227,0,0,0,0,0, 192.168.1.111,172.217.11.35,0,0,0,0,0, 192.168.1.111,172.217.6.206,QUIC,1,1,80,192, 192.168.1.111,172.217.12.150,0,0,0,0,0, 192.168.1.111,172.217.11.42,0,0,0,0,0, 192.168.1.111,216.58.212.195,0,0,0,0,0, 192.168.1.111,172.217.12.130,0,0,0,0,0, 192.168.1.111,172.217.6.227,0,0,0,0,0, 192.168.1.111,172.217.13.228,0,0,0,0,0, 192.168.1.111,74.125.155.233,0,0,0,0,0, 192.168.1.111,173.194.7.55,0,0,0,0,0, 192.168.1.111,172.217.135.39,0,0,0,0,0, 192.168.1.111,172.217.11.45,0,0,0,0,0, 192.168.1.111,172.217.11.46,0,0,0,0,0, 192.168.1.111,172.217.11.38,0,0,0,0,0, 192.168.1.111,172.217.11.33,0,0,0,0,0, 192.168.1.111,172.217.9.238,0,0,0,0,0, 192.168.1.111,172.217.11.51,0,0,0,0,0, 192.168.1.111,216.58.207.227,0,0,0,0,0, 192.168.1.111,0,0,0,0,0,0, 192.168.1.111,0,0,0,0,0,0, 192.168.1.111,0,0,0,0,0,0, 192.168.1.111,0,0,0,0,0,0, 192.168.1.111,0.0.0.0,0,0,0,0,0,0,0,0,0,0,1526580574506,0.0,2058.621,0,0,0,0,0,0,0,0,0,0.0,0.0,-1
8.099999999999987,7,18,597,23759, 192.168.1.111,173.194.184.232,QUIC,7,17,597,23664, 192.168.1.111,74.125.159.41,0,0,0,0,0, 192.168.1.111,172.217.9.227,0,0,0,0,0, 192.168.1.111,172.217.11.35,0,0,0,0,0, 192.168.1.111,172.217.6.206,QUIC,0,1,0,95, 192.168.1.111,172.217.12.150,0,0,0,0,0, 192.168.1.111,172.217.11.42,0,0,0,0,0, 192.168.1.111,216.58.212.195,0,0,0,0,0, 192.168.1.111,172.217.12.130,0,0,0,0,0, 192.168.1.111,172.217.6.227,0,0,0,0,0, 192.168.1.111,172.217.13.228,0,0,0,0,0, 192.168.1.111,74.125.155.233,0,0,0,0,0, 192.168.1.111,173.194.7.55,0,0,0,0,0, 192.168.1.111,172.217.135.39,0,0,0,0,0, 192.168.1.111,172.217.11.45,0,0,0,0,0, 192.168.1.111,172.217.11.46,0,0,0,0,0, 192.168.1.111,172.217.11.38,0,0,0,0,0, 192.168.1.111,172.217.11.33,0,0,0,0,0, 192.168.1.111,172.217.9.238,0,0,0,0,0, 192.168.1.111,172.217.11.51,0,0,0,0,0, 192.168.1.111,216.58.207.227,0,0,0,0,0, 192.168.1.111,0,0,0,0,0,0, 192.168.1.111,0,0,0,0,0,0, 192.168.1.111,0,0,0,0,0,0, 192.168.1.111,0,0,0,0,0,0, 192.168.1.111,0.0.0.0,0,0,0,0,0,1,0,1,0,1526580578363,1526580574506,1769.0,2058.621,0,0,1,0,0,0,0,0,0,6.260999999999967,0.8623544596115554,true
1800.0999999994583,0,0,0,0, 192.168.1.111,173.194.184.232,0,0,0,0,0, 192.168.1.111,74.125.159.41,0,0,0,0,0, 192.168.1.111,172.217.9.227,0,0,0,0,0, 192.168.1.111,172.217.11.35,0,0,0,0,0, 192.168.1.111,172.217.6.206,0,0,0,0,0, 192.168.1.111,172.217.12.150,0,0,0,0,0, 192.168.1.111,172.217.11.42,0,0,0,0,0, 192.168.1.111,216.58.212.195,0,0,0,0,0, 192.168.1.111,172.217.12.130,0,0,0,0,0, 192.168.1.111,172.217.6.227,0,0,0,0,0, 192.168.1.111,172.217.13.228,0,0,0,0,0, 192.168.1.111,74.125.155.233,0,0,0,0,0, 192.168.1.111,173.194.7.55,0,0,0,0,0, 192.168.1.111,172.217.135.39,0,0,0,0,0, 192.168.1.111,172.217.11.45,0,0,0,0,0, 192.168.1.111,172.217.11.46,0,0,0,0,0, 192.168.1.111,172.217.11.38,0,0,0,0,0, 192.168.1.111,172.217.11.33,0,0,0,0,0, 192.168.1.111,172.217.9.238,0,0,0,0,0, 192.168.1.111,172.217.11.51,0,0,0,0,0, 192.168.1.111,216.58.207.227,0,0,0,0,0, 192.168.1.111,0,0,0,0,0,0, 192.168.1.111,0,0,0,0,0,0, 192.168.1.111,0,0,0,0,0,0, 192.168.1.111,0,0,0,0,0,0, 192.168.1.111,0.0.0.0,0,0,0,0,0,0,0,0,0,0,1526580574506,0.0,2058.621,0,0,0,0,0,0,0,0,0,0.0,0.0,-1
1800.1999999994582,0,0,0,0, 192.168.1.111,173.194.184.232,0,0,0,0,0, 192.168.1.111,74.125.159.41,0,0,0,0,0, 192.168.1.111,172.217.9.227,0,0,0,0,0, 192.168.1.111,172.217.11.35,0,0,0,0,0, 192.168.1.111,172.217.6.206,0,0,0,0,0, 192.168.1.111,172.217.12.150,0,0,0,0,0, 192.168.1.111,172.217.11.42,0,0,0,0,0, 192.168.1.111,216.58.212.195,0,0,0,0,0, 192.168.1.111,172.217.12.130,0,0,0,0,0, 192.168.1.111,172.217.6.227,0,0,0,0,0, 192.168.1.111,172.217.13.228,0,0,0,0,0, 192.168.1.111,74.125.155.233,0,0,0,0,0, 192.168.1.111,173.194.7.55,0,0,0,0,0, 192.168.1.111,172.217.135.39,0,0,0,0,0, 192.168.1.111,172.217.11.45,0,0,0,0,0, 192.168.1.111,172.217.11.46,0,0,0,0,0, 192.168.1.111,172.217.11.38,0,0,0,0,0, 192.168.1.111,172.217.11.33,0,0,0,0,0, 192.168.1.111,172.217.9.238,0,0,0,0,0, 192.168.1.111,172.217.11.51,0,0,0,0,0, 192.168.1.111,216.58.207.227,0,0,0,0,0, 192.168.1.111,0,0,0,0,0,0, 192.168.1.111,0,0,0,0,0,0, 192.168.1.111,0,0,0,0,0,0, 192.168.1.111,0,0,0,0,0,0, 192.168.1.111,0.0.0.0,0,0,0,0,0,0,0,0,0,0,1526580574506,0.0,2058.621,0,0,0,0,0,0,0,0,0,0.0,0.0,-1
1800.299999999458,0,0,0,0, 192.168.1.111,173.194.184.232,0,0,0,0,0, 192.168.1.111,74.125.159.41,0,0,0,0,0, 192.168.1.111,172.217.9.227,0,0,0,0,0, 192.168.1.111,172.217.11.35,0,0,0,0,0, 192.168.1.111,172.217.6.206,0,0,0,0,0, 192.168.1.111,172.217.12.150,0,0,0,0,0, 192.168.1.111,172.217.11.42,0,0,0,0,0, 192.168.1.111,216.58.212.195,0,0,0,0,0, 192.168.1.111,172.217.12.130,0,0,0,0,0, 192.168.1.111,172.217.6.227,0,0,0,0,0, 192.168.1.111,172.217.13.228,0,0,0,0,0, 192.168.1.111,74.125.155.233,0,0,0,0,0, 192.168.1.111,173.194.7.55,0,0,0,0,0, 192.168.1.111,172.217.135.39,0,0,0,0,0, 192.168.1.111,172.217.11.45,0,0,0,0,0, 192.168.1.111,172.217.11.46,0,0,0,0,0, 192.168.1.111,172.217.11.38,0,0,0,0,0, 192.168.1.111,172.217.11.33,0,0,0,0,0, 192.168.1.111,172.217.9.238,0,0,0,0,0, 192.168.1.111,172.217.11.51,0,0,0,0,0, 192.168.1.111,216.58.207.227,0,0,0,0,0, 192.168.1.111,0,0,0,0,0,0, 192.168.1.111,0,0,0,0,0,0, 192.168.1.111,0,0,0,0,0,0, 192.168.1.111,0,0,0,0,0,0, 192.168.1.111,0.0.0.0,0,0,0,0,0,0,0,0,0,0,1526580574506,0.0,2058.621,0,0,0,0,0,0,0,0,0,0.0,0.0,-1
1800.399999999458,0,0,0,0, 192.168.1.111,173.194.184.232,0,0,0,0,0, 192.168.1.111,74.125.159.41,0,0,0,0,0, 192.168.1.111,172.217.9.227,0,0,0,0,0, 192.168.1.111,172.217.11.35,0,0,0,0,0, 192.168.1.111,172.217.6.206,0,0,0,0,0, 192.168.1.111,172.217.12.150,0,0,0,0,0, 192.168.1.111,172.217.11.42,0,0,0,0,0, 192.168.1.111,216.58.212.195,0,0,0,0,0, 192.168.1.111,172.217.12.130,0,0,0,0,0, 192.168.1.111,172.217.6.227,0,0,0,0,0, 192.168.1.111,172.217.13.228,0,0,0,0,0, 192.168.1.111,74.125.155.233,0,0,0,0,0, 192.168.1.111,173.194.7.55,0,0,0,0,0, 192.168.1.111,172.217.135.39,0,0,0,0,0, 192.168.1.111,172.217.11.45,0,0,0,0,0, 192.168.1.111,172.217.11.46,0,0,0,0,0, 192.168.1.111,172.217.11.38,0,0,0,0,0, 192.168.1.111,172.217.11.33,0,0,0,0,0, 192.168.1.111,172.217.9.238,0,0,0,0,0, 192.168.1.111,172.217.11.51,0,0,0,0,0, 192.168.1.111,216.58.207.227,0,0,0,0,0, 192.168.1.111,0,0,0,0,0,0, 192.168.1.111,0,0,0,0,0,0, 192.168.1.111,0,0,0,0,0,0, 192.168.1.111,0,0,0,0,0,0, 192.168.1.111,0.0.0.0,0,0,0,0,0,0,0,0,0,0,1526580574506,0.0,2058.621,0,0,0,0,0,0,0,0,0,0.0,0.0,-1
1800.499999999458,0,0,0,0, 192.168.1.111,173.194.184.232,0,0,0,0,0, 192.168.1.111,74.125.159.41,0,0,0,0,0, 192.168.1.111,172.217.9.227,0,0,0,0,0, 192.168.1.111,172.217.11.35,0,0,0,0,0, 192.168.1.111,172.217.6.206,0,0,0,0,0, 192.168.1.111,172.217.12.150,0,0,0,0,0, 192.168.1.111,172.217.11.42,0,0,0,0,0, 192.168.1.111,216.58.212.195,0,0,0,0,0, 192.168.1.111,172.217.12.130,0,0,0,0,0, 192.168.1.111,172.217.6.227,0,0,0,0,0, 192.168.1.111,172.217.13.228,0,0,0,0,0, 192.168.1.111,74.125.155.233,0,0,0,0,0, 192.168.1.111,173.194.7.55,0,0,0,0,0, 192.168.1.111,172.217.135.39,0,0,0,0,0, 192.168.1.111,172.217.11.45,0,0,0,0,0, 192.168.1.111,172.217.11.46,0,0,0,0,0, 192.168.1.111,172.217.11.38,0,0,0,0,0, 192.168.1.111,172.217.11.33,0,0,0,0,0, 192.168.1.111,172.217.9.238,0,0,0,0,0, 192.168.1.111,172.217.11.51,0,0,0,0,0, 192.168.1.111,216.58.207.227,0,0,0,0,0, 192.168.1.111,0,0,0,0,0,0, 192.168.1.111,0,0,0,0,0,0, 192.168.1.111,0,0,0,0,0,0, 192.168.1.111,0,0,0,0,0,0, 192.168.1.111,0.0.0.0,0,0,0,0,0,0,0,0,0,0,1526580574506,0.0,2058.621,0,0,0,0,0,0,0,0,0,0.0,0.0,-1
1800.599999999458,0,0,0,0, 192.168.1.111,173.194.184.232,0,0,0,0,0, 192.168.1.111,74.125.159.41,0,0,0,0,0, 192.168.1.111,172.217.9.227,0,0,0,0,0, 192.168.1.111,172.217.11.35,0,0,0,0,0, 192.168.1.111,172.217.6.206,0,0,0,0,0, 192.168.1.111,172.217.12.150,0,0,0,0,0, 192.168.1.111,172.217.11.42,0,0,0,0,0, 192.168.1.111,216.58.212.195,0,0,0,0,0, 192.168.1.111,172.217.12.130,0,0,0,0,0, 192.168.1.111,172.217.6.227,0,0,0,0,0, 192.168.1.111,172.217.13.228,0,0,0,0,0, 192.168.1.111,74.125.155.233,0,0,0,0,0, 192.168.1.111,173.194.7.55,0,0,0,0,0, 192.168.1.111,172.217.135.39,0,0,0,0,0, 192.168.1.111,172.217.11.45,0,0,0,0,0, 192.168.1.111,172.217.11.46,0,0,0,0,0, 192.168.1.111,172.217.11.38,0,0,0,0,0, 192.168.1.111,172.217.11.33,0,0,0,0,0, 192.168.1.111,172.217.9.238,0,0,0,0,0, 192.168.1.111,172.217.11.51,0,0,0,0,0, 192.168.1.111,216.58.207.227,0,0,0,0,0, 192.168.1.111,0,0,0,0,0,0, 192.168.1.111,0,0,0,0,0,0, 192.168.1.111,0,0,0,0,0,0, 192.168.1.111,0,0,0,0,0,0, 192.168.1.111,0.0.0.0,0,0,0,0,0,0,0,0,0,0,1526580574506,0.0,2058.621,0,0,0,0,0,0,0,0,0,0.0,0.0,-1
1800.6999999994578,0,0,0,0, 192.168.1.111,173.194.184.232,0,0,0,0,0, 192.168.1.111,74.125.159.41,0,0,0,0,0, 192.168.1.111,172.217.9.227,0,0,0,0,0, 192.168.1.111,172.217.11.35,0,0,0,0,0, 192.168.1.111,172.217.6.206,0,0,0,0,0, 192.168.1.111,172.217.12.150,0,0,0,0,0, 192.168.1.111,172.217.11.42,0,0,0,0,0, 192.168.1.111,216.58.212.195,0,0,0,0,0, 192.168.1.111,172.217.12.130,0,0,0,0,0, 192.168.1.111,172.217.6.227,0,0,0,0,0, 192.168.1.111,172.217.13.228,0,0,0,0,0, 192.168.1.111,74.125.155.233,0,0,0,0,0, 192.168.1.111,173.194.7.55,0,0,0,0,0, 192.168.1.111,172.217.135.39,0,0,0,0,0, 192.168.1.111,172.217.11.45,0,0,0,0,0, 192.168.1.111,172.217.11.46,0,0,0,0,0, 192.168.1.111,172.217.11.38,0,0,0,0,0, 192.168.1.111,172.217.11.33,0,0,0,0,0, 192.168.1.111,172.217.9.238,0,0,0,0,0, 192.168.1.111,172.217.11.51,0,0,0,0,0, 192.168.1.111,216.58.207.227,0,0,0,0,0, 192.168.1.111,0,0,0,0,0,0, 192.168.1.111,0,0,0,0,0,0, 192.168.1.111,0,0,0,0,0,0, 192.168.1.111,0,0,0,0,0,0, 192.168.1.111,0.0.0.0,0,0,0,0,0,0,0,0,0,0,1526580574506,0.0,2058.621,0,0,0,0,0,0,0,0,0,0.0,0.0,-1
1800.7999999994577,0,0,0,0, 192.168.1.111,173.194.184.232,0,0,0,0,0, 192.168.1.111,74.125.159.41,0,0,0,0,0, 192.168.1.111,172.217.9.227,0,0,0,0,0, 192.168.1.111,172.217.11.35,0,0,0,0,0, 192.168.1.111,172.217.6.206,0,0,0,0,0, 192.168.1.111,172.217.12.150,0,0,0,0,0, 192.168.1.111,172.217.11.42,0,0,0,0,0, 192.168.1.111,216.58.212.195,0,0,0,0,0, 192.168.1.111,172.217.12.130,0,0,0,0,0, 192.168.1.111,172.217.6.227,0,0,0,0,0, 192.168.1.111,172.217.13.228,0,0,0,0,0, 192.168.1.111,74.125.155.233,0,0,0,0,0, 192.168.1.111,173.194.7.55,0,0,0,0,0, 192.168.1.111,172.217.135.39,0,0,0,0,0, 192.168.1.111,172.217.11.45,0,0,0,0,0, 192.168.1.111,172.217.11.46,0,0,0,0,0, 192.168.1.111,172.217.11.38,0,0,0,0,0, 192.168.1.111,172.217.11.33,0,0,0,0,0, 192.168.1.111,172.217.9.238,0,0,0,0,0, 192.168.1.111,172.217.11.51,0,0,0,0,0, 192.168.1.111,216.58.207.227,0,0,0,0,0, 192.168.1.111,0,0,0,0,0,0, 192.168.1.111,0,0,0,0,0,0, 192.168.1.111,0,0,0,0,0,0, 192.168.1.111,0,0,0,0,0,0, 192.168.1.111,0.0.0.0,0,0,0,0,0,0,0,0,0,0,1526580574506,0.0,2058.621,0,0,0,0,0,0,0,0,0,0.0,0.0,-1
1800.8999999994576,0,0,0,0, 192.168.1.111,173.194.184.232,0,0,0,0,0, 192.168.1.111,74.125.159.41,0,0,0,0,0, 192.168.1.111,172.217.9.227,0,0,0,0,0, 192.168.1.111,172.217.11.35,0,0,0,0,0, 192.168.1.111,172.217.6.206,0,0,0,0,0, 192.168.1.111,172.217.12.150,0,0,0,0,0, 192.168.1.111,172.217.11.42,0,0,0,0,0, 192.168.1.111,216.58.212.195,0,0,0,0,0, 192.168.1.111,172.217.12.130,0,0,0,0,0, 192.168.1.111,172.217.6.227,0,0,0,0,0, 192.168.1.111,172.217.13.228,0,0,0,0,0, 192.168.1.111,74.125.155.233,0,0,0,0,0, 192.168.1.111,173.194.7.55,0,0,0,0,0, 192.168.1.111,172.217.135.39,0,0,0,0,0, 192.168.1.111,172.217.11.45,0,0,0,0,0, 192.168.1.111,172.217.11.46,0,0,0,0,0, 192.168.1.111,172.217.11.38,0,0,0,0,0, 192.168.1.111,172.217.11.33,0,0,0,0,0, 192.168.1.111,172.217.9.238,0,0,0,0,0, 192.168.1.111,172.217.11.51,0,0,0,0,0, 192.168.1.111,216.58.207.227,0,0,0,0,0, 192.168.1.111,0,0,0,0,0,0, 192.168.1.111,0,0,0,0,0,0, 192.168.1.111,0,0,0,0,0,0, 192.168.1.111,0,0,0,0,0,0, 192.168.1.111,0.0.0.0,0,0,0,0,0,0,0,0,0,0,1526580574506,0.0,2058.621,0,0,0,0,0,0,0,0,0,0.0,0.0,-1
0.0,1,0,79,0, 192.168.1.111,173.194.184.230,0,0,0,0,0, 192.168.1.111,172.217.11.35,0,0,0,0,0, 192.168.1.111,172.217.12.174,0,0,0,0,0, 192.168.1.111,172.217.10.78,0,0,0,0,0, 192.168.1.111,172.217.9.227,0,0,0,0,0, 192.168.1.111,172.217.3.118,0,0,0,0,0, 192.168.1.111,172.217.6.238,0,0,0,0,0, 192.168.1.111,172.217.11.3,0,0,0,0,0, 192.168.1.111,172.217.13.228,0,0,0,0,0, 192.168.1.111,172.217.6.227,0,0,0,0,0, 192.168.1.111,172.217.11.38,0,0,0,0,0, 192.168.1.111,172.217.19.195,0,0,0,0,0, 192.168.1.111,173.194.188.106,0,0,0,0,0, 192.168.1.111,172.217.11.42,0,0,0,0,0, 192.168.1.111,216.58.212.163,0,0,0,0,0, 192.168.1.111,172.217.10.66,0,0,0,0,0, 192.168.1.111,172.217.17.99,0,0,0,0,0, 192.168.1.111,172.217.11.45,0,0,0,0,0, 192.168.1.111,172.217.11.46,0,0,0,0,0, 192.168.1.111,216.58.212.227,0,0,0,0,0, 192.168.1.111,172.217.11.51,0,0,0,0,0, 192.168.1.111,0,0,0,0,0,0, 192.168.1.111,0,0,0,0,0,0, 192.168.1.111,0,0,0,0,0,0, 192.168.1.111,0,0,0,0,0,0, 192.168.1.111,0.0.0.0,0,1,0,79,0,0,0,0,0,0,1526495707499,0.0,1639.261,0,0,0,0,0,0,0,0,0,0.0,0.0,-1
0.1,8,9,4324,5875, 192.168.1.111,173.194.184.230,0,0,0,0,0, 192.168.1.111,172.217.11.35,0,0,0,0,0, 192.168.1.111,172.217.12.174,0,0,0,0,0, 192.168.1.111,172.217.10.78,0,0,0,0,0, 192.168.1.111,172.217.9.227,0,0,0,0,0, 192.168.1.111,172.217.3.118,0,0,0,0,0, 192.168.1.111,172.217.6.238,0,0,0,0,0, 192.168.1.111,172.217.11.3,0,0,0,0,0, 192.168.1.111,172.217.13.228,0,0,0,0,0, 192.168.1.111,172.217.6.227,0,0,0,0,0, 192.168.1.111,172.217.11.38,0,0,0,0,0, 192.168.1.111,172.217.19.195,0,0,0,0,0, 192.168.1.111,173.194.188.106,0,0,0,0,0, 192.168.1.111,172.217.11.42,0,0,0,0,0, 192.168.1.111,216.58.212.163,0,0,0,0,0, 192.168.1.111,172.217.10.66,0,0,0,0,0, 192.168.1.111,172.217.17.99,0,0,0,0,0, 192.168.1.111,172.217.11.45,QUIC,8,8,4324,5780, 192.168.1.111,172.217.11.46,0,0,0,0,0, 192.168.1.111,216.58.212.227,0,0,0,0,0, 192.168.1.111,172.217.11.51,0,0,0,0,0, 192.168.1.111,0,0,0,0,0,0, 192.168.1.111,0,0,0,0,0,0, 192.168.1.111,0,0,0,0,0,0, 192.168.1.111,0,0,0,0,0,0, 192.168.1.111,0.0.0.0,0,0,1,0,95,0,0,0,0,0,1526495707499,0.0,1639.261,0,0,0,0,0,0,0,0,0,0.0,0.0,-1
0.2,1,0,77,0, 192.168.1.111,173.194.184.230,0,0,0,0,0, 192.168.1.111,172.217.11.35,0,0,0,0,0, 192.168.1.111,172.217.12.174,0,0,0,0,0, 192.168.1.111,172.217.10.78,0,0,0,0,0, 192.168.1.111,172.217.9.227,0,0,0,0,0, 192.168.1.111,172.217.3.118,0,0,0,0,0, 192.168.1.111,172.217.6.238,0,0,0,0,0, 192.168.1.111,172.217.11.3,0,0,0,0,0, 192.168.1.111,172.217.13.228,0,0,0,0,0, 192.168.1.111,172.217.6.227,0,0,0,0,0, 192.168.1.111,172.217.11.38,0,0,0,0,0, 192.168.1.111,172.217.19.195,0,0,0,0,0, 192.168.1.111,173.194.188.106,0,0,0,0,0, 192.168.1.111,172.217.11.42,0,0,0,0,0, 192.168.1.111,216.58.212.163,0,0,0,0,0, 192.168.1.111,172.217.10.66,0,0,0,0,0, 192.168.1.111,172.217.17.99,0,0,0,0,0, 192.168.1.111,172.217.11.45,QUIC,1,0,77,0, 192.168.1.111,172.217.11.46,0,0,0,0,0, 192.168.1.111,216.58.212.227,0,0,0,0,0, 192.168.1.111,172.217.11.51,0,0,0,0,0, 192.168.1.111,0,0,0,0,0,0, 192.168.1.111,0,0,0,0,0,0, 192.168.1.111,0,0,0,0,0,0, 192.168.1.111,0,0,0,0,0,0, 192.168.1.111,0.0.0.0,0,0,0,0,0,0,0,0,0,0,1526495707499,0.0,1639.261,0,0,0,0,0,0,0,0,0,0.0,0.0,-1
0.3,0,0,0,0, 192.168.1.111,173.194.184.230,0,0,0,0,0, 192.168.1.111,172.217.11.35,0,0,0,0,0, 192.168.1.111,172.217.12.174,0,0,0,0,0, 192.168.1.111,172.217.10.78,0,0,0,0,0, 192.168.1.111,172.217.9.227,0,0,0,0,0, 192.168.1.111,172.217.3.118,0,0,0,0,0, 192.168.1.111,172.217.6.238,0,0,0,0,0, 192.168.1.111,172.217.11.3,0,0,0,0,0, 192.168.1.111,172.217.13.228,0,0,0,0,0, 192.168.1.111,172.217.6.227,0,0,0,0,0, 192.168.1.111,172.217.11.38,0,0,0,0,0, 192.168.1.111,172.217.19.195,0,0,0,0,0, 192.168.1.111,173.194.188.106,0,0,0,0,0, 192.168.1.111,172.217.11.42,0,0,0,0,0, 192.168.1.111,216.58.212.163,0,0,0,0,0, 192.168.1.111,172.217.10.66,0,0,0,0,0, 192.168.1.111,172.217.17.99,0,0,0,0,0, 192.168.1.111,172.217.11.45,0,0,0,0,0, 192.168.1.111,172.217.11.46,0,0,0,0,0, 192.168.1.111,216.58.212.227,0,0,0,0,0, 192.168.1.111,172.217.11.51,0,0,0,0,0, 192.168.1.111,0,0,0,0,0,0, 192.168.1.111,0,0,0,0,0,0, 192.168.1.111,0,0,0,0,0,0, 192.168.1.111,0,0,0,0,0,0, 192.168.1.111,0.0.0.0,0,0,0,0,0,0,0,0,0,0,1526495707499,0.0,1639.261,0,0,0,0,0,0,0,0,0,0.0,0.0,-1
0.4,3,1,995,1146, 192.168.1.111,173.194.184.230,0,0,0,0,0, 192.168.1.111,172.217.11.35,0,0,0,0,0, 192.168.1.111,172.217.12.174,0,0,0,0,0, 192.168.1.111,172.217.10.78,QUIC,2,1,918,1146, 192.168.1.111,172.217.9.227,0,0,0,0,0, 192.168.1.111,172.217.3.118,0,0,0,0,0, 192.168.1.111,172.217.6.238,0,0,0,0,0, 192.168.1.111,172.217.11.3,0,0,0,0,0, 192.168.1.111,172.217.13.228,0,0,0,0,0, 192.168.1.111,172.217.6.227,0,0,0,0,0, 192.168.1.111,172.217.11.38,0,0,0,0,0, 192.168.1.111,172.217.19.195,0,0,0,0,0, 192.168.1.111,173.194.188.106,0,0,0,0,0, 192.168.1.111,172.217.11.42,0,0,0,0,0, 192.168.1.111,216.58.212.163,0,0,0,0,0, 192.168.1.111,172.217.10.66,0,0,0,0,0, 192.168.1.111,172.217.17.99,0,0,0,0,0, 192.168.1.111,172.217.11.45,0,0,0,0,0, 192.168.1.111,172.217.11.46,0,0,0,0,0, 192.168.1.111,216.58.212.227,0,0,0,0,0, 192.168.1.111,172.217.11.51,0,0,0,0,0, 192.168.1.111,0,0,0,0,0,0, 192.168.1.111,0,0,0,0,0,0, 192.168.1.111,0,0,0,0,0,0, 192.168.1.111,0,0,0,0,0,0, 192.168.1.111,0.0.0.0,0,1,0,77,0,0,0,0,0,0,1526495707499,0.0,1639.261,0,0,0,0,0,0,0,0,0,0.0,0.0,-1
0.5,7,7,3181,4552, 192.168.1.111,173.194.184.230,0,0,0,0,0, 192.168.1.111,172.217.11.35,QUIC,6,5,3099,4321, 192.168.1.111,172.217.12.174,0,0,0,0,0, 192.168.1.111,172.217.10.78,0,0,0,0,0, 192.168.1.111,172.217.9.227,0,0,0,0,0, 192.168.1.111,172.217.3.118,0,0,0,0,0, 192.168.1.111,172.217.6.238,0,0,0,0,0, 192.168.1.111,172.217.11.3,0,0,0,0,0, 192.168.1.111,172.217.13.228,0,0,0,0,0, 192.168.1.111,172.217.6.227,0,0,0,0,0, 192.168.1.111,172.217.11.38,0,0,0,0,0, 192.168.1.111,172.217.19.195,0,0,0,0,0, 192.168.1.111,173.194.188.106,0,0,0,0,0, 192.168.1.111,172.217.11.42,0,0,0,0,0, 192.168.1.111,216.58.212.163,0,0,0,0,0, 192.168.1.111,172.217.10.66,0,0,0,0,0, 192.168.1.111,172.217.17.99,0,0,0,0,0, 192.168.1.111,172.217.11.45,0,0,0,0,0, 192.168.1.111,172.217.11.46,0,0,0,0,0, 192.168.1.111,216.58.212.227,0,0,0,0,0, 192.168.1.111,172.217.11.51,0,0,0,0,0, 192.168.1.111,0,0,0,0,0,0, 192.168.1.111,0,0,0,0,0,0, 192.168.1.111,0,0,0,0,0,0, 192.168.1.111,0,0,0,0,0,0, 192.168.1.111,0.0.0.0,0,1,1,82,129,0,0,0,0,0,1526495707499,0.0,1639.261,0,0,0,0,0,0,0,0,0,0.0,0.0,-1
0.6,0,0,0,0, 192.168.1.111,173.194.184.230,0,0,0,0,0, 192.168.1.111,172.217.11.35,0,0,0,0,0, 192.168.1.111,172.217.12.174,0,0,0,0,0, 192.168.1.111,172.217.10.78,0,0,0,0,0, 192.168.1.111,172.217.9.227,0,0,0,0,0, 192.168.1.111,172.217.3.118,0,0,0,0,0, 192.168.1.111,172.217.6.238,0,0,0,0,0, 192.168.1.111,172.217.11.3,0,0,0,0,0, 192.168.1.111,172.217.13.228,0,0,0,0,0, 192.168.1.111,172.217.6.227,0,0,0,0,0, 192.168.1.111,172.217.11.38,0,0,0,0,0, 192.168.1.111,172.217.19.195,0,0,0,0,0, 192.168.1.111,173.194.188.106,0,0,0,0,0, 192.168.1.111,172.217.11.42,0,0,0,0,0, 192.168.1.111,216.58.212.163,0,0,0,0,0, 192.168.1.111,172.217.10.66,0,0,0,0,0, 192.168.1.111,172.217.17.99,0,0,0,0,0, 192.168.1.111,172.217.11.45,0,0,0,0,0, 192.168.1.111,172.217.11.46,0,0,0,0,0, 192.168.1.111,216.58.212.227,0,0,0,0,0, 192.168.1.111,172.217.11.51,0,0,0,0,0, 192.168.1.111,0,0,0,0,0,0, 192.168.1.111,0,0,0,0,0,0, 192.168.1.111,0,0,0,0,0,0, 192.168.1.111,0,0,0,0,0,0, 192.168.1.111,0.0.0.0,0,0,0,0,0,0,0,0,0,0,1526495707499,0.0,1639.261,0,0,0,0,0,0,0,0,0,0.0,0.0,-1
0.7,0,0,0,0, 192.168.1.111,173.194.184.230,0,0,0,0,0, 192.168.1.111,172.217.11.35,0,0,0,0,0, 192.168.1.111,172.217.12.174,0,0,0,0,0, 192.168.1.111,172.217.10.78,0,0,0,0,0, 192.168.1.111,172.217.9.227,0,0,0,0,0, 192.168.1.111,172.217.3.118,0,0,0,0,0, 192.168.1.111,172.217.6.238,0,0,0,0,0, 192.168.1.111,172.217.11.3,0,0,0,0,0, 192.168.1.111,172.217.13.228,0,0,0,0,0, 192.168.1.111,172.217.6.227,0,0,0,0,0, 192.168.1.111,172.217.11.38,0,0,0,0,0, 192.168.1.111,172.217.19.195,0,0,0,0,0, 192.168.1.111,173.194.188.106,0,0,0,0,0, 192.168.1.111,172.217.11.42,0,0,0,0,0, 192.168.1.111,216.58.212.163,0,0,0,0,0, 192.168.1.111,172.217.10.66,0,0,0,0,0, 192.168.1.111,172.217.17.99,0,0,0,0,0, 192.168.1.111,172.217.11.45,0,0,0,0,0, 192.168.1.111,172.217.11.46,0,0,0,0,0, 192.168.1.111,216.58.212.227,0,0,0,0,0, 192.168.1.111,172.217.11.51,0,0,0,0,0, 192.168.1.111,0,0,0,0,0,0, 192.168.1.111,0,0,0,0,0,0, 192.168.1.111,0,0,0,0,0,0, 192.168.1.111,0,0,0,0,0,0, 192.168.1.111,0.0.0.0,0,0,0,0,0,0,0,0,0,0,1526495707499,0.0,1639.261,0,0,0,0,0,0,0,0,0,0.0,0.0,-1
0.7999999999999999,5,2,4507,1529, 192.168.1.111,173.194.184.230,0,0,0,0,0, 192.168.1.111,172.217.11.35,0,0,0,0,0, 192.168.1.111,172.217.12.174,0,0,0,0,0, 192.168.1.111,172.217.10.78,QUIC,1,0,239,0, 192.168.1.111,172.217.9.227,0,0,0,0,0, 192.168.1.111,172.217.3.118,0,0,0,0,0, 192.168.1.111,172.217.6.238,0,0,0,0,0, 192.168.1.111,172.217.11.3,0,0,0,0,0, 192.168.1.111,172.217.13.228,QUIC,1,0,1392,0, 192.168.1.111,172.217.6.227,0,0,0,0,0, 192.168.1.111,172.217.11.38,QUIC,1,0,1392,0, 192.168.1.111,172.217.19.195,0,0,0,0,0, 192.168.1.111,173.194.188.106,0,0,0,0,0, 192.168.1.111,172.217.11.42,0,0,0,0,0, 192.168.1.111,216.58.212.163,0,0,0,0,0, 192.168.1.111,172.217.10.66,QUIC,1,1,1392,1392, 192.168.1.111,172.217.17.99,0,0,0,0,0, 192.168.1.111,172.217.11.45,0,0,0,0,0, 192.168.1.111,172.217.11.46,0,0,0,0,0, 192.168.1.111,216.58.212.227,0,0,0,0,0, 192.168.1.111,172.217.11.51,0,0,0,0,0, 192.168.1.111,0,0,0,0,0,0, 192.168.1.111,0,0,0,0,0,0, 192.168.1.111,0,0,0,0,0,0, 192.168.1.111,0,0,0,0,0,0, 192.168.1.111,0.0.0.0,0,1,1,92,137,0,0,0,0,0,1526495707499,0.0,1639.261,0,0,0,0,0,0,0,0,0,0.0,0.0,-1
0.8999999999999999,11,8,7435,8497, 192.168.1.111,173.194.184.230,0,0,0,0,0, 192.168.1.111,172.217.11.35,0,0,0,0,0, 192.168.1.111,172.217.12.174,0,0,0,0,0, 192.168.1.111,172.217.10.78,QUIC,0,1,0,72, 192.168.1.111,172.217.9.227,0,0,0,0,0, 192.168.1.111,172.217.3.118,0,0,0,0,0, 192.168.1.111,172.217.6.238,0,0,0,0,0, 192.168.1.111,172.217.11.3,0,0,0,0,0, 192.168.1.111,172.217.13.228,QUIC,3,2,2864,2784, 192.168.1.111,172.217.6.227,0,0,0,0,0, 192.168.1.111,172.217.11.38,QUIC,3,2,2864,2784, 192.168.1.111,172.217.19.195,0,0,0,0,0, 192.168.1.111,173.194.188.106,0,0,0,0,0, 192.168.1.111,172.217.11.42,0,0,0,0,0, 192.168.1.111,216.58.212.163,0,0,0,0,0, 192.168.1.111,172.217.10.66,QUIC,5,3,1707,2857, 192.168.1.111,172.217.17.99,0,0,0,0,0, 192.168.1.111,172.217.11.45,0,0,0,0,0, 192.168.1.111,172.217.11.46,0,0,0,0,0, 192.168.1.111,216.58.212.227,0,0,0,0,0, 192.168.1.111,172.217.11.51,0,0,0,0,0, 192.168.1.111,0,0,0,0,0,0, 192.168.1.111,0,0,0,0,0,0, 192.168.1.111,0,0,0,0,0,0, 192.168.1.111,0,0,0,0,0,0, 192.168.1.111,0.0.0.0,0,0,0,0,0,0,0,0,0,0,1526495707499,0.0,1639.261,0,0,0,0,0,0,0,0,0,0.0,0.0,-1
1.0,3,0,2865,0, 192.168.1.111,173.194.184.230,0,0,0,0,0, 192.168.1.111,172.217.11.35,0,0,0,0,0, 192.168.1.111,172.217.12.174,0,0,0,0,0, 192.168.1.111,172.217.10.78,0,0,0,0,0, 192.168.1.111,172.217.9.227,0,0,0,0,0, 192.168.1.111,172.217.3.118,0,0,0,0,0, 192.168.1.111,172.217.6.238,0,0,0,0,0, 192.168.1.111,172.217.11.3,0,0,0,0,0, 192.168.1.111,172.217.13.228,QUIC,1,0,1392,0, 192.168.1.111,172.217.6.227,0,0,0,0,0, 192.168.1.111,172.217.11.38,QUIC,1,0,1392,0, 192.168.1.111,172.217.19.195,0,0,0,0,0, 192.168.1.111,173.194.188.106,0,0,0,0,0, 192.168.1.111,172.217.11.42,0,0,0,0,0, 192.168.1.111,216.58.212.163,0,0,0,0,0, 192.168.1.111,172.217.10.66,QUIC,1,0,81,0, 192.168.1.111,172.217.17.99,0,0,0,0,0, 192.168.1.111,172.217.11.45,0,0,0,0,0, 192.168.1.111,172.217.11.46,0,0,0,0,0, 192.168.1.111,216.58.212.227,0,0,0,0,0, 192.168.1.111,172.217.11.51,0,0,0,0,0, 192.168.1.111,0,0,0,0,0,0, 192.168.1.111,0,0,0,0,0,0, 192.168.1.111,0,0,0,0,0,0, 192.168.1.111,0,0,0,0,0,0, 192.168.1.111,0.0.0.0,0,0,0,0,0,0,0,0,0,0,1526495707499,0.0,1639.261,0,0,0,0,0,0,0,0,0,0.0,0.0,-1
1.1,1,0,81,0, 192.168.1.111,173.194.184.230,0,0,0,0,0, 192.168.1.111,172.217.11.35,0,0,0,0,0, 192.168.1.111,172.217.12.174,0,0,0,0,0, 192.168.1.111,172.217.10.78,0,0,0,0,0, 192.168.1.111,172.217.9.227,0,0,0,0,0, 192.168.1.111,172.217.3.118,0,0,0,0,0, 192.168.1.111,172.217.6.238,0,0,0,0,0, 192.168.1.111,172.217.11.3,0,0,0,0,0, 192.168.1.111,172.217.13.228,0,0,0,0,0, 192.168.1.111,172.217.6.227,0,0,0,0,0, 192.168.1.111,172.217.11.38,0,0,0,0,0, 192.168.1.111,172.217.19.195,0,0,0,0,0, 192.168.1.111,173.194.188.106,0,0,0,0,0, 192.168.1.111,172.217.11.42,0,0,0,0,0, 192.168.1.111,216.58.212.163,0,0,0,0,0, 192.168.1.111,172.217.10.66,QUIC,1,0,81,0, 192.168.1.111,172.217.17.99,0,0,0,0,0, 192.168.1.111,172.217.11.45,0,0,0,0,0, 192.168.1.111,172.217.11.46,0,0,0,0,0, 192.168.1.111,216.58.212.227,0,0,0,0,0, 192.168.1.111,172.217.11.51,0,0,0,0,0, 192.168.1.111,0,0,0,0,0,0, 192.168.1.111,0,0,0,0,0,0, 192.168.1.111,0,0,0,0,0,0, 192.168.1.111,0,0,0,0,0,0, 192.168.1.111,0.0.0.0,0,0,0,0,0,0,0,0,0,0,1526495707499,0.0,1639.261,0,0,0,0,0,0,0,0,0,0.0,0.0,-1
1.2,4,2,944,1465, 192.168.1.111,173.194.184.230,0,0,0,0,0, 192.168.1.111,172.217.11.35,0,0,0,0,0, 192.168.1.111,172.217.12.174,0,0,0,0,0, 192.168.1.111,172.217.10.78,0,0,0,0,0, 192.168.1.111,172.217.9.227,0,0,0,0,0, 192.168.1.111,172.217.3.118,0,0,0,0,0, 192.168.1.111,172.217.6.238,0,0,0,0,0, 192.168.1.111,172.217.11.3,0,0,0,0,0, 192.168.1.111,172.217.13.228,QUIC,1,0,709,0, 192.168.1.111,172.217.6.227,0,0,0,0,0, 192.168.1.111,172.217.11.38,QUIC,3,2,235,1465, 192.168.1.111,172.217.19.195,0,0,0,0,0, 192.168.1.111,173.194.188.106,0,0,0,0,0, 192.168.1.111,172.217.11.42,0,0,0,0,0, 192.168.1.111,216.58.212.163,0,0,0,0,0, 192.168.1.111,172.217.10.66,0,0,0,0,0, 192.168.1.111,172.217.17.99,0,0,0,0,0, 192.168.1.111,172.217.11.45,0,0,0,0,0, 192.168.1.111,172.217.11.46,0,0,0,0,0, 192.168.1.111,216.58.212.227,0,0,0,0,0, 192.168.1.111,172.217.11.51,0,0,0,0,0, 192.168.1.111,0,0,0,0,0,0, 192.168.1.111,0,0,0,0,0,0, 192.168.1.111,0,0,0,0,0,0, 192.168.1.111,0,0,0,0,0,0, 192.168.1.111,0.0.0.0,0,0,0,0,0,0,0,0,0,0,1526495707499,0.0,1639.261,0,0,0,0,0,0,0,0,0,0.0,0.0,-1
1.3,4,2,319,1490, 192.168.1.111,173.194.184.230,0,0,0,0,0, 192.168.1.111,172.217.11.35,0,0,0,0,0, 192.168.1.111,172.217.12.174,0,0,0,0,0, 192.168.1.111,172.217.10.78,0,0,0,0,0, 192.168.1.111,172.217.9.227,0,0,0,0,0, 192.168.1.111,172.217.3.118,0,0,0,0,0, 192.168.1.111,172.217.6.238,0,0,0,0,0, 192.168.1.111,172.217.11.3,0,0,0,0,0, 192.168.1.111,172.217.13.228,QUIC,2,1,160,1392, 192.168.1.111,172.217.6.227,0,0,0,0,0, 192.168.1.111,172.217.11.38,0,0,0,0,0, 192.168.1.111,172.217.19.195,0,0,0,0,0, 192.168.1.111,173.194.188.106,0,0,0,0,0, 192.168.1.111,172.217.11.42,0,0,0,0,0, 192.168.1.111,216.58.212.163,0,0,0,0,0, 192.168.1.111,172.217.10.66,QUIC,1,0,81,0, 192.168.1.111,172.217.17.99,0,0,0,0,0, 192.168.1.111,172.217.11.45,0,0,0,0,0, 192.168.1.111,172.217.11.46,0,0,0,0,0, 192.168.1.111,216.58.212.227,0,0,0,0,0, 192.168.1.111,172.217.11.51,0,0,0,0,0, 192.168.1.111,0,0,0,0,0,0, 192.168.1.111,0,0,0,0,0,0, 192.168.1.111,0,0,0,0,0,0, 192.168.1.111,0,0,0,0,0,0, 192.168.1.111,0.0.0.0,0,1,0,78,0,0,0,0,0,0,1526495707499,0.0,1639.261,0,0,0,0,0,0,0,0,0,0.0,0.0,-1
1.4,1,0,81,0, 192.168.1.111,173.194.184.230,0,0,0,0,0, 192.168.1.111,172.217.11.35,0,0,0,0,0, 192.168.1.111,172.217.12.174,0,0,0,0,0, 192.168.1.111,172.217.10.78,0,0,0,0,0, 192.168.1.111,172.217.9.227,0,0,0,0,0, 192.168.1.111,172.217.3.118,0,0,0,0,0, 192.168.1.111,172.217.6.238,0,0,0,0,0, 192.168.1.111,172.217.11.3,0,0,0,0,0, 192.168.1.111,172.217.13.228,0,0,0,0,0, 192.168.1.111,172.217.6.227,0,0,0,0,0, 192.168.1.111,172.217.11.38,QUIC,1,0,81,0, 192.168.1.111,172.217.19.195,0,0,0,0,0, 192.168.1.111,173.194.188.106,0,0,0,0,0, 192.168.1.111,172.217.11.42,0,0,0,0,0, 192.168.1.111,216.58.212.163,0,0,0,0,0, 192.168.1.111,172.217.10.66,0,0,0,0,0, 192.168.1.111,172.217.17.99,0,0,0,0,0, 192.168.1.111,172.217.11.45,0,0,0,0,0, 192.168.1.111,172.217.11.46,0,0,0,0,0, 192.168.1.111,216.58.212.227,0,0,0,0,0, 192.168.1.111,172.217.11.51,0,0,0,0,0, 192.168.1.111,0,0,0,0,0,0, 192.168.1.111,0,0,0,0,0,0, 192.168.1.111,0,0,0,0,0,0, 192.168.1.111,0,0,0,0,0,0, 192.168.1.111,0.0.0.0,0,0,0,0,0,0,0,0,0,0,1526495707499,0.0,1639.261,0,0,0,0,0,0,0,0,0,0.0,0.0,-1
1.5000000000000002,2,1,790,73, 192.168.1.111,173.194.184.230,0,0,0,0,0, 192.168.1.111,172.217.11.35,0,0,0,0,0, 192.168.1.111,172.217.12.174,0,0,0,0,0, 192.168.1.111,172.217.10.78,0,0,0,0,0, 192.168.1.111,172.217.9.227,0,0,0,0,0, 192.168.1.111,172.217.3.118,0,0,0,0,0, 192.168.1.111,172.217.6.238,0,0,0,0,0, 192.168.1.111,172.217.11.3,0,0,0,0,0, 192.168.1.111,172.217.13.228,QUIC,1,1,709,73, 192.168.1.111,172.217.6.227,0,0,0,0,0, 192.168.1.111,172.217.11.38,QUIC,1,0,81,0, 192.168.1.111,172.217.19.195,0,0,0,0,0, 192.168.1.111,173.194.188.106,0,0,0,0,0, 192.168.1.111,172.217.11.42,0,0,0,0,0, 192.168.1.111,216.58.212.163,0,0,0,0,0, 192.168.1.111,172.217.10.66,0,0,0,0,0, 192.168.1.111,172.217.17.99,0,0,0,0,0, 192.168.1.111,172.217.11.45,0,0,0,0,0, 192.168.1.111,172.217.11.46,0,0,0,0,0, 192.168.1.111,216.58.212.227,0,0,0,0,0, 192.168.1.111,172.217.11.51,0,0,0,0,0, 192.168.1.111,0,0,0,0,0,0, 192.168.1.111,0,0,0,0,0,0, 192.168.1.111,0,0,0,0,0,0, 192.168.1.111,0,0,0,0,0,0, 192.168.1.111,0.0.0.0,0,0,0,0,0,0,0,0,0,0,1526495707499,0.0,1639.261,0,0,0,0,0,0,0,0,0,0.0,0.0,-1
1.6000000000000003,5,8,403,9816, 192.168.1.111,173.194.184.230,0,0,0,0,0, 192.168.1.111,172.217.11.35,0,0,0,0,0, 192.168.1.111,172.217.12.174,0,0,0,0,0, 192.168.1.111,172.217.10.78,QUIC,2,5,163,6960, 192.168.1.111,172.217.9.227,0,0,0,0,0, 192.168.1.111,172.217.3.118,0,0,0,0,0, 192.168.1.111,172.217.6.238,0,0,0,0,0, 192.168.1.111,172.217.11.3,0,0,0,0,0, 192.168.1.111,172.217.13.228,QUIC,2,0,160,0, 192.168.1.111,172.217.6.227,0,0,0,0,0, 192.168.1.111,172.217.11.38,QUIC,1,2,80,2784, 192.168.1.111,172.217.19.195,0,0,0,0,0, 192.168.1.111,173.194.188.106,0,0,0,0,0, 192.168.1.111,172.217.11.42,0,0,0,0,0, 192.168.1.111,216.58.212.163,0,0,0,0,0, 192.168.1.111,172.217.10.66,QUIC,0,1,0,72, 192.168.1.111,172.217.17.99,0,0,0,0,0, 192.168.1.111,172.217.11.45,0,0,0,0,0, 192.168.1.111,172.217.11.46,0,0,0,0,0, 192.168.1.111,216.58.212.227,0,0,0,0,0, 192.168.1.111,172.217.11.51,0,0,0,0,0, 192.168.1.111,0,0,0,0,0,0, 192.168.1.111,0,0,0,0,0,0, 192.168.1.111,0,0,0,0,0,0, 192.168.1.111,0,0,0,0,0,0, 192.168.1.111,0.0.0.0,0,0,0,0,0,0,0,0,0,0,1526495707499,0.0,1639.261,0,0,0,0,0,0,0,0,0,0.0,0.0,-1
1.7000000000000004,4,7,320,8421, 192.168.1.111,173.194.184.230,0,0,0,0,0, 192.168.1.111,172.217.11.35,0,0,0,0,0, 192.168.1.111,172.217.12.174,0,0,0,0,0, 192.168.1.111,172.217.10.78,QUIC,4,7,320,8421, 192.168.1.111,172.217.9.227,0,0,0,0,0, 192.168.1.111,172.217.3.118,0,0,0,0,0, 192.168.1.111,172.217.6.238,0,0,0,0,0, 192.168.1.111,172.217.11.3,0,0,0,0,0, 192.168.1.111,172.217.13.228,0,0,0,0,0, 192.168.1.111,172.217.6.227,0,0,0,0,0, 192.168.1.111,172.217.11.38,0,0,0,0,0, 192.168.1.111,172.217.19.195,0,0,0,0,0, 192.168.1.111,173.194.188.106,0,0,0,0,0, 192.168.1.111,172.217.11.42,0,0,0,0,0, 192.168.1.111,216.58.212.163,0,0,0,0,0, 192.168.1.111,172.217.10.66,0,0,0,0,0, 192.168.1.111,172.217.17.99,0,0,0,0,0, 192.168.1.111,172.217.11.45,0,0,0,0,0, 192.168.1.111,172.217.11.46,0,0,0,0,0, 192.168.1.111,216.58.212.227,0,0,0,0,0, 192.168.1.111,172.217.11.51,0,0,0,0,0, 192.168.1.111,0,0,0,0,0,0, 192.168.1.111,0,0,0,0,0,0, 192.168.1.111,0,0,0,0,0,0, 192.168.1.111,0,0,0,0,0,0, 192.168.1.111,0.0.0.0,0,0,0,0,0,0,0,0,0,0,1526495707499,0.0,1639.261,0,0,0,0,0,0,0,0,0,0.0,0.0,-1
1.8000000000000005,6,11,478,10807, 192.168.1.111,173.194.184.230,0,0,0,0,0, 192.168.1.111,172.217.11.35,0,0,0,0,0, 192.168.1.111,172.217.12.174,0,0,0,0,0, 192.168.1.111,172.217.10.78,QUIC,2,4,160,3763, 192.168.1.111,172.217.9.227,0,0,0,0,0, 192.168.1.111,172.217.3.118,0,0,0,0,0, 192.168.1.111,172.217.6.238,0,0,0,0,0, 192.168.1.111,172.217.11.3,0,0,0,0,0, 192.168.1.111,172.217.13.228,QUIC,2,3,157,4176, 192.168.1.111,172.217.6.227,0,0,0,0,0, 192.168.1.111,172.217.11.38,QUIC,2,2,161,2784, 192.168.1.111,172.217.19.195,0,0,0,0,0, 192.168.1.111,173.194.188.106,0,0,0,0,0, 192.168.1.111,172.217.11.42,0,0,0,0,0, 192.168.1.111,216.58.212.163,0,0,0,0,0, 192.168.1.111,172.217.10.66,0,0,0,0,0, 192.168.1.111,172.217.17.99,0,0,0,0,0, 192.168.1.111,172.217.11.45,0,0,0,0,0, 192.168.1.111,172.217.11.46,0,0,0,0,0, 192.168.1.111,216.58.212.227,0,0,0,0,0, 192.168.1.111,172.217.11.51,0,0,0,0,0, 192.168.1.111,0,0,0,0,0,0, 192.168.1.111,0,0,0,0,0,0, 192.168.1.111,0,0,0,0,0,0, 192.168.1.111,0,0,0,0,0,0, 192.168.1.111,0.0.0.0,0,0,0,0,0,0,0,0,0,0,1526495707499,0.0,1639.261,0,0,0,0,0,0,0,0,0,0.0,0.0,-1
1.9000000000000008,2,0,1090,0, 192.168.1.111,173.194.184.230,0,0,0,0,0, 192.168.1.111,172.217.11.35,0,0,0,0,0, 192.168.1.111,172.217.12.174,0,0,0,0,0, 192.168.1.111,172.217.10.78,0,0,0,0,0, 192.168.1.111,172.217.9.227,0,0,0,0,0, 192.168.1.111,172.217.3.118,0,0,0,0,0, 192.168.1.111,172.217.6.238,0,0,0,0,0, 192.168.1.111,172.217.11.3,0,0,0,0,0, 192.168.1.111,172.217.13.228,0,0,0,0,0, 192.168.1.111,172.217.6.227,0,0,0,0,0, 192.168.1.111,172.217.11.38,QUIC,1,0,547,0, 192.168.1.111,172.217.19.195,0,0,0,0,0, 192.168.1.111,173.194.188.106,0,0,0,0,0, 192.168.1.111,172.217.11.42,0,0,0,0,0, 192.168.1.111,216.58.212.163,0,0,0,0,0, 192.168.1.111,172.217.10.66,QUIC,1,0,543,0, 192.168.1.111,172.217.17.99,0,0,0,0,0, 192.168.1.111,172.217.11.45,0,0,0,0,0, 192.168.1.111,172.217.11.46,0,0,0,0,0, 192.168.1.111,216.58.212.227,0,0,0,0,0, 192.168.1.111,172.217.11.51,0,0,0,0,0, 192.168.1.111,0,0,0,0,0,0, 192.168.1.111,0,0,0,0,0,0, 192.168.1.111,0,0,0,0,0,0, 192.168.1.111,0,0,0,0,0,0, 192.168.1.111,0.0.0.0,0,0,0,0,0,0,0,0,0,0,1526495707499,0.0,1639.261,0,0,0,0,0,0,0,0,0,0.0,0.0,-1
2.0000000000000004,8,26,664,12735, 192.168.1.111,173.194.184.230,0,0,0,0,0, 192.168.1.111,172.217.11.35,0,0,0,0,0, 192.168.1.111,172.217.12.174,0,0,0,0,0, 192.168.1.111,172.217.10.78,QUIC,2,4,160,5568, 192.168.1.111,172.217.9.227,0,0,0,0,0, 192.168.1.111,172.217.3.118,0,0,0,0,0, 192.168.1.111,172.217.6.238,0,0,0,0,0, 192.168.1.111,172.217.11.3,0,0,0,0,0, 192.168.1.111,172.217.13.228,QUIC,3,9,243,3872, 192.168.1.111,172.217.6.227,0,0,0,0,0, 192.168.1.111,172.217.11.38,QUIC,2,9,172,2146, 192.168.1.111,172.217.19.195,0,0,0,0,0, 192.168.1.111,173.194.188.106,0,0,0,0,0, 192.168.1.111,172.217.11.42,0,0,0,0,0, 192.168.1.111,216.58.212.163,0,0,0,0,0, 192.168.1.111,172.217.10.66,QUIC,1,4,89,1149, 192.168.1.111,172.217.17.99,0,0,0,0,0, 192.168.1.111,172.217.11.45,0,0,0,0,0, 192.168.1.111,172.217.11.46,0,0,0,0,0, 192.168.1.111,216.58.212.227,0,0,0,0,0, 192.168.1.111,172.217.11.51,0,0,0,0,0, 192.168.1.111,0,0,0,0,0,0, 192.168.1.111,0,0,0,0,0,0, 192.168.1.111,0,0,0,0,0,0, 192.168.1.111,0,0,0,0,0,0, 192.168.1.111,0.0.0.0,0,0,0,0,0,0,0,0,0,0,1526495707499,0.0,1639.261,0,0,0,0,0,0,0,0,0,0.0,0.0,-1
2.1000000000000005,2,0,890,0, 192.168.1.111,173.194.184.230,0,0,0,0,0, 192.168.1.111,172.217.11.35,0,0,0,0,0, 192.168.1.111,172.217.12.174,0,0,0,0,0, 192.168.1.111,172.217.10.78,QUIC,2,0,890,0, 192.168.1.111,172.217.9.227,0,0,0,0,0, 192.168.1.111,172.217.3.118,0,0,0,0,0, 192.168.1.111,172.217.6.238,0,0,0,0,0, 192.168.1.111,172.217.11.3,0,0,0,0,0, 192.168.1.111,172.217.13.228,0,0,0,0,0, 192.168.1.111,172.217.6.227,0,0,0,0,0, 192.168.1.111,172.217.11.38,0,0,0,0,0, 192.168.1.111,172.217.19.195,0,0,0,0,0, 192.168.1.111,173.194.188.106,0,0,0,0,0, 192.168.1.111,172.217.11.42,0,0,0,0,0, 192.168.1.111,216.58.212.163,0,0,0,0,0, 192.168.1.111,172.217.10.66,0,0,0,0,0, 192.168.1.111,172.217.17.99,0,0,0,0,0, 192.168.1.111,172.217.11.45,0,0,0,0,0, 192.168.1.111,172.217.11.46,0,0,0,0,0, 192.168.1.111,216.58.212.227,0,0,0,0,0, 192.168.1.111,172.217.11.51,0,0,0,0,0, 192.168.1.111,0,0,0,0,0,0, 192.168.1.111,0,0,0,0,0,0, 192.168.1.111,0,0,0,0,0,0, 192.168.1.111,0,0,0,0,0,0, 192.168.1.111,0.0.0.0,0,0,0,0,0,0,0,0,0,0,1526495707499,0.0,1639.261,0,0,0,0,0,0,0,0,0,0.0,0.0,-1
2.2000000000000006,2,0,890,0, 192.168.1.111,173.194.184.230,0,0,0,0,0, 192.168.1.111,172.217.11.35,0,0,0,0,0, 192.168.1.111,172.217.12.174,0,0,0,0,0, 192.168.1.111,172.217.10.78,QUIC,2,0,890,0, 192.168.1.111,172.217.9.227,0,0,0,0,0, 192.168.1.111,172.217.3.118,0,0,0,0,0, 192.168.1.111,172.217.6.238,0,0,0,0,0, 192.168.1.111,172.217.11.3,0,0,0,0,0, 192.168.1.111,172.217.13.228,0,0,0,0,0, 192.168.1.111,172.217.6.227,0,0,0,0,0, 192.168.1.111,172.217.11.38,0,0,0,0,0, 192.168.1.111,172.217.19.195,0,0,0,0,0, 192.168.1.111,173.194.188.106,0,0,0,0,0, 192.168.1.111,172.217.11.42,0,0,0,0,0, 192.168.1.111,216.58.212.163,0,0,0,0,0, 192.168.1.111,172.217.10.66,0,0,0,0,0, 192.168.1.111,172.217.17.99,0,0,0,0,0, 192.168.1.111,172.217.11.45,0,0,0,0,0, 192.168.1.111,172.217.11.46,0,0,0,0,0, 192.168.1.111,216.58.212.227,0,0,0,0,0, 192.168.1.111,172.217.11.51,0,0,0,0,0, 192.168.1.111,0,0,0,0,0,0, 192.168.1.111,0,0,0,0,0,0, 192.168.1.111,0,0,0,0,0,0, 192.168.1.111,0,0,0,0,0,0, 192.168.1.111,0.0.0.0,0,0,0,0,0,0,0,0,0,0,1526495707499,0.0,1639.261,0,0,0,0,0,0,0,0,0,0.0,0.0,-1
2.3000000000000007,1,2,78,203, 192.168.1.111,173.194.184.230,0,0,0,0,0, 192.168.1.111,172.217.11.35,0,0,0,0,0, 192.168.1.111,172.217.12.174,0,0,0,0,0, 192.168.1.111,172.217.10.78,QUIC,0,1,0,105, 192.168.1.111,172.217.9.227,0,0,0,0,0, 192.168.1.111,172.217.3.118,0,0,0,0,0, 192.168.1.111,172.217.6.238,0,0,0,0,0, 192.168.1.111,172.217.11.3,0,0,0,0,0, 192.168.1.111,172.217.13.228,0,0,0,0,0, 192.168.1.111,172.217.6.227,0,0,0,0,0, 192.168.1.111,172.217.11.38,0,0,0,0,0, 192.168.1.111,172.217.19.195,0,0,0,0,0, 192.168.1.111,173.194.188.106,0,0,0,0,0, 192.168.1.111,172.217.11.42,0,0,0,0,0, 192.168.1.111,216.58.212.163,0,0,0,0,0, 192.168.1.111,172.217.10.66,0,0,0,0,0, 192.168.1.111,172.217.17.99,0,0,0,0,0, 192.168.1.111,172.217.11.45,0,0,0,0,0, 192.168.1.111,172.217.11.46,0,0,0,0,0, 192.168.1.111,216.58.212.227,0,0,0,0,0, 192.168.1.111,172.217.11.51,0,0,0,0,0, 192.168.1.111,0,0,0,0,0,0, 192.168.1.111,0,0,0,0,0,0, 192.168.1.111,0,0,0,0,0,0, 192.168.1.111,0,0,0,0,0,0, 192.168.1.111,0.0.0.0,0,1,0,78,0,0,0,0,0,0,1526495707499,0.0,1639.261,0,0,0,0,0,0,0,0,0,0.0,0.0,-1
2.400000000000001,1,1,442,69, 192.168.1.111,173.194.184.230,0,0,0,0,0, 192.168.1.111,172.217.11.35,0,0,0,0,0, 192.168.1.111,172.217.12.174,0,0,0,0,0, 192.168.1.111,172.217.10.78,QUIC,1,1,442,69, 192.168.1.111,172.217.9.227,0,0,0,0,0, 192.168.1.111,172.217.3.118,0,0,0,0,0, 192.168.1.111,172.217.6.238,0,0,0,0,0, 192.168.1.111,172.217.11.3,0,0,0,0,0, 192.168.1.111,172.217.13.228,0,0,0,0,0, 192.168.1.111,172.217.6.227,0,0,0,0,0, 192.168.1.111,172.217.11.38,0,0,0,0,0, 192.168.1.111,172.217.19.195,0,0,0,0,0, 192.168.1.111,173.194.188.106,0,0,0,0,0, 192.168.1.111,172.217.11.42,0,0,0,0,0, 192.168.1.111,216.58.212.163,0,0,0,0,0, 192.168.1.111,172.217.10.66,0,0,0,0,0, 192.168.1.111,172.217.17.99,0,0,0,0,0, 192.168.1.111,172.217.11.45,0,0,0,0,0, 192.168.1.111,172.217.11.46,0,0,0,0,0, 192.168.1.111,216.58.212.227,0,0,0,0,0, 192.168.1.111,172.217.11.51,0,0,0,0,0, 192.168.1.111,0,0,0,0,0,0, 192.168.1.111,0,0,0,0,0,0, 192.168.1.111,0,0,0,0,0,0, 192.168.1.111,0,0,0,0,0,0, 192.168.1.111,0.0.0.0,0,0,0,0,0,0,0,0,0,0,1526495707499,0.0,1639.261,0,0,0,0,0,0,0,0,0,0.0,0.0,-1
2.500000000000001,0,0,0,0, 192.168.1.111,173.194.184.230,0,0,0,0,0, 192.168.1.111,172.217.11.35,0,0,0,0,0, 192.168.1.111,172.217.12.174,0,0,0,0,0, 192.168.1.111,172.217.10.78,0,0,0,0,0, 192.168.1.111,172.217.9.227,0,0,0,0,0, 192.168.1.111,172.217.3.118,0,0,0,0,0, 192.168.1.111,172.217.6.238,0,0,0,0,0, 192.168.1.111,172.217.11.3,0,0,0,0,0, 192.168.1.111,172.217.13.228,0,0,0,0,0, 192.168.1.111,172.217.6.227,0,0,0,0,0, 192.168.1.111,172.217.11.38,0,0,0,0,0, 192.168.1.111,172.217.19.195,0,0,0,0,0, 192.168.1.111,173.194.188.106,0,0,0,0,0, 192.168.1.111,172.217.11.42,0,0,0,0,0, 192.168.1.111,216.58.212.163,0,0,0,0,0, 192.168.1.111,172.217.10.66,0,0,0,0,0, 192.168.1.111,172.217.17.99,0,0,0,0,0, 192.168.1.111,172.217.11.45,0,0,0,0,0, 192.168.1.111,172.217.11.46,0,0,0,0,0, 192.168.1.111,216.58.212.227,0,0,0,0,0, 192.168.1.111,172.217.11.51,0,0,0,0,0, 192.168.1.111,0,0,0,0,0,0, 192.168.1.111,0,0,0,0,0,0, 192.168.1.111,0,0,0,0,0,0, 192.168.1.111,0,0,0,0,0,0, 192.168.1.111,0.0.0.0,0,0,0,0,0,0,0,0,0,0,1526495707499,0.0,1639.261,0,0,0,0,0,0,0,0,0,0.0,0.0,-1
5.1999999999999975,16,55,3043,66371, 192.168.1.111,173.194.184.230,QUIC,10,48,923,65495, 192.168.1.111,172.217.11.35,0,0,0,0,0, 192.168.1.111,172.217.12.174,0,0,0,0,0, 192.168.1.111,172.217.10.78,QUIC,3,4,1247,334, 192.168.1.111,172.217.9.227,0,0,0,0,0, 192.168.1.111,172.217.3.118,0,0,0,0,0, 192.168.1.111,172.217.6.238,0,0,0,0,0, 192.168.1.111,172.217.11.3,0,0,0,0,0, 192.168.1.111,172.217.13.228,QUIC,1,0,448,0, 192.168.1.111,172.217.6.227,0,0,0,0,0, 192.168.1.111,172.217.11.38,0,0,0,0,0, 192.168.1.111,172.217.19.195,0,0,0,0,0, 192.168.1.111,173.194.188.106,0,0,0,0,0, 192.168.1.111,172.217.11.42,0,0,0,0,0, 192.168.1.111,216.58.212.163,0,0,0,0,0, 192.168.1.111,172.217.10.66,QUIC,2,3,425,542, 192.168.1.111,172.217.17.99,0,0,0,0,0, 192.168.1.111,172.217.11.45,0,0,0,0,0, 192.168.1.111,172.217.11.46,0,0,0,0,0, 192.168.1.111,216.58.212.227,0,0,0,0,0, 192.168.1.111,172.217.11.51,0,0,0,0,0, 192.168.1.111,0,0,0,0,0,0, 192.168.1.111,0,0,0,0,0,0, 192.168.1.111,0,0,0,0,0,0, 192.168.1.111,0,0,0,0,0,0, 192.168.1.111,0.0.0.0,0,0,0,0,0,0,0,1,0,1526495711890,1526495707499,0.0309401258850097,1639.261,0,0,0,0,0,1,0,0,0,4.473059874114989,0.0027475795495653,true
1799.9999999994584,0,0,0,0, 192.168.1.111,173.194.184.230,0,0,0,0,0, 192.168.1.111,172.217.11.35,0,0,0,0,0, 192.168.1.111,172.217.12.174,0,0,0,0,0, 192.168.1.111,172.217.10.78,0,0,0,0,0, 192.168.1.111,172.217.9.227,0,0,0,0,0, 192.168.1.111,172.217.3.118,0,0,0,0,0, 192.168.1.111,172.217.6.238,0,0,0,0,0, 192.168.1.111,172.217.11.3,0,0,0,0,0, 192.168.1.111,172.217.13.228,0,0,0,0,0, 192.168.1.111,172.217.6.227,0,0,0,0,0, 192.168.1.111,172.217.11.38,0,0,0,0,0, 192.168.1.111,172.217.19.195,0,0,0,0,0, 192.168.1.111,173.194.188.106,0,0,0,0,0, 192.168.1.111,172.217.11.42,0,0,0,0,0, 192.168.1.111,216.58.212.163,0,0,0,0,0, 192.168.1.111,172.217.10.66,0,0,0,0,0, 192.168.1.111,172.217.17.99,0,0,0,0,0, 192.168.1.111,172.217.11.45,0,0,0,0,0, 192.168.1.111,172.217.11.46,0,0,0,0,0, 192.168.1.111,216.58.212.227,0,0,0,0,0, 192.168.1.111,172.217.11.51,0,0,0,0,0, 192.168.1.111,0,0,0,0,0,0, 192.168.1.111,0,0,0,0,0,0, 192.168.1.111,0,0,0,0,0,0, 192.168.1.111,0,0,0,0,0,0, 192.168.1.111,0.0.0.0,0,0,0,0,0,0,0,0,0,0,1526495707499,0.0,1639.261,0,0,0,0,0,0,0,0,0,0.0,0.0,-1
1800.0999999994583,0,0,0,0, 192.168.1.111,173.194.184.230,0,0,0,0,0, 192.168.1.111,172.217.11.35,0,0,0,0,0, 192.168.1.111,172.217.12.174,0,0,0,0,0, 192.168.1.111,172.217.10.78,0,0,0,0,0, 192.168.1.111,172.217.9.227,0,0,0,0,0, 192.168.1.111,172.217.3.118,0,0,0,0,0, 192.168.1.111,172.217.6.238,0,0,0,0,0, 192.168.1.111,172.217.11.3,0,0,0,0,0, 192.168.1.111,172.217.13.228,0,0,0,0,0, 192.168.1.111,172.217.6.227,0,0,0,0,0, 192.168.1.111,172.217.11.38,0,0,0,0,0, 192.168.1.111,172.217.19.195,0,0,0,0,0, 192.168.1.111,173.194.188.106,0,0,0,0,0, 192.168.1.111,172.217.11.42,0,0,0,0,0, 192.168.1.111,216.58.212.163,0,0,0,0,0, 192.168.1.111,172.217.10.66,0,0,0,0,0, 192.168.1.111,172.217.17.99,0,0,0,0,0, 192.168.1.111,172.217.11.45,0,0,0,0,0, 192.168.1.111,172.217.11.46,0,0,0,0,0, 192.168.1.111,216.58.212.227,0,0,0,0,0, 192.168.1.111,172.217.11.51,0,0,0,0,0, 192.168.1.111,0,0,0,0,0,0, 192.168.1.111,0,0,0,0,0,0, 192.168.1.111,0,0,0,0,0,0, 192.168.1.111,0,0,0,0,0,0, 192.168.1.111,0.0.0.0,0,0,0,0,0,0,0,0,0,0,1526495707499,0.0,1639.261,0,0,0,0,0,0,0,0,0,0.0,0.0,-1
1800.1999999994582,0,0,0,0, 192.168.1.111,173.194.184.230,0,0,0,0,0, 192.168.1.111,172.217.11.35,0,0,0,0,0, 192.168.1.111,172.217.12.174,0,0,0,0,0, 192.168.1.111,172.217.10.78,0,0,0,0,0, 192.168.1.111,172.217.9.227,0,0,0,0,0, 192.168.1.111,172.217.3.118,0,0,0,0,0, 192.168.1.111,172.217.6.238,0,0,0,0,0, 192.168.1.111,172.217.11.3,0,0,0,0,0, 192.168.1.111,172.217.13.228,0,0,0,0,0, 192.168.1.111,172.217.6.227,0,0,0,0,0, 192.168.1.111,172.217.11.38,0,0,0,0,0, 192.168.1.111,172.217.19.195,0,0,0,0,0, 192.168.1.111,173.194.188.106,0,0,0,0,0, 192.168.1.111,172.217.11.42,0,0,0,0,0, 192.168.1.111,216.58.212.163,0,0,0,0,0, 192.168.1.111,172.217.10.66,0,0,0,0,0, 192.168.1.111,172.217.17.99,0,0,0,0,0, 192.168.1.111,172.217.11.45,0,0,0,0,0, 192.168.1.111,172.217.11.46,0,0,0,0,0, 192.168.1.111,216.58.212.227,0,0,0,0,0, 192.168.1.111,172.217.11.51,0,0,0,0,0, 192.168.1.111,0,0,0,0,0,0, 192.168.1.111,0,0,0,0,0,0, 192.168.1.111,0,0,0,0,0,0, 192.168.1.111,0,0,0,0,0,0, 192.168.1.111,0.0.0.0,0,0,0,0,0,0,0,0,0,0,1526495707499,0.0,1639.261,0,0,0,0,0,0,0,0,0,0.0,0.0,-1
1800.299999999458,0,0,0,0, 192.168.1.111,173.194.184.230,0,0,0,0,0, 192.168.1.111,172.217.11.35,0,0,0,0,0, 192.168.1.111,172.217.12.174,0,0,0,0,0, 192.168.1.111,172.217.10.78,0,0,0,0,0, 192.168.1.111,172.217.9.227,0,0,0,0,0, 192.168.1.111,172.217.3.118,0,0,0,0,0, 192.168.1.111,172.217.6.238,0,0,0,0,0, 192.168.1.111,172.217.11.3,0,0,0,0,0, 192.168.1.111,172.217.13.228,0,0,0,0,0, 192.168.1.111,172.217.6.227,0,0,0,0,0, 192.168.1.111,172.217.11.38,0,0,0,0,0, 192.168.1.111,172.217.19.195,0,0,0,0,0, 192.168.1.111,173.194.188.106,0,0,0,0,0, 192.168.1.111,172.217.11.42,0,0,0,0,0, 192.168.1.111,216.58.212.163,0,0,0,0,0, 192.168.1.111,172.217.10.66,0,0,0,0,0, 192.168.1.111,172.217.17.99,0,0,0,0,0, 192.168.1.111,172.217.11.45,0,0,0,0,0, 192.168.1.111,172.217.11.46,0,0,0,0,0, 192.168.1.111,216.58.212.227,0,0,0,0,0, 192.168.1.111,172.217.11.51,0,0,0,0,0, 192.168.1.111,0,0,0,0,0,0, 192.168.1.111,0,0,0,0,0,0, 192.168.1.111,0,0,0,0,0,0, 192.168.1.111,0,0,0,0,0,0, 192.168.1.111,0.0.0.0,0,0,0,0,0,0,0,0,0,0,1526495707499,0.0,1639.261,0,0,0,0,0,0,0,0,0,0.0,0.0,-1
1800.399999999458,0,0,0,0, 192.168.1.111,173.194.184.230,0,0,0,0,0, 192.168.1.111,172.217.11.35,0,0,0,0,0, 192.168.1.111,172.217.12.174,0,0,0,0,0, 192.168.1.111,172.217.10.78,0,0,0,0,0, 192.168.1.111,172.217.9.227,0,0,0,0,0, 192.168.1.111,172.217.3.118,0,0,0,0,0, 192.168.1.111,172.217.6.238,0,0,0,0,0, 192.168.1.111,172.217.11.3,0,0,0,0,0, 192.168.1.111,172.217.13.228,0,0,0,0,0, 192.168.1.111,172.217.6.227,0,0,0,0,0, 192.168.1.111,172.217.11.38,0,0,0,0,0, 192.168.1.111,172.217.19.195,0,0,0,0,0, 192.168.1.111,173.194.188.106,0,0,0,0,0, 192.168.1.111,172.217.11.42,0,0,0,0,0, 192.168.1.111,216.58.212.163,0,0,0,0,0, 192.168.1.111,172.217.10.66,0,0,0,0,0, 192.168.1.111,172.217.17.99,0,0,0,0,0, 192.168.1.111,172.217.11.45,0,0,0,0,0, 192.168.1.111,172.217.11.46,0,0,0,0,0, 192.168.1.111,216.58.212.227,0,0,0,0,0, 192.168.1.111,172.217.11.51,0,0,0,0,0, 192.168.1.111,0,0,0,0,0,0, 192.168.1.111,0,0,0,0,0,0, 192.168.1.111,0,0,0,0,0,0, 192.168.1.111,0,0,0,0,0,0, 192.168.1.111,0.0.0.0,0,0,0,0,0,0,0,0,0,0,1526495707499,0.0,1639.261,0,0,0,0,0,0,0,0,0,0.0,0.0,-1
1800.499999999458,0,0,0,0, 192.168.1.111,173.194.184.230,0,0,0,0,0, 192.168.1.111,172.217.11.35,0,0,0,0,0, 192.168.1.111,172.217.12.174,0,0,0,0,0, 192.168.1.111,172.217.10.78,0,0,0,0,0, 192.168.1.111,172.217.9.227,0,0,0,0,0, 192.168.1.111,172.217.3.118,0,0,0,0,0, 192.168.1.111,172.217.6.238,0,0,0,0,0, 192.168.1.111,172.217.11.3,0,0,0,0,0, 192.168.1.111,172.217.13.228,0,0,0,0,0, 192.168.1.111,172.217.6.227,0,0,0,0,0, 192.168.1.111,172.217.11.38,0,0,0,0,0, 192.168.1.111,172.217.19.195,0,0,0,0,0, 192.168.1.111,173.194.188.106,0,0,0,0,0, 192.168.1.111,172.217.11.42,0,0,0,0,0, 192.168.1.111,216.58.212.163,0,0,0,0,0, 192.168.1.111,172.217.10.66,0,0,0,0,0, 192.168.1.111,172.217.17.99,0,0,0,0,0, 192.168.1.111,172.217.11.45,0,0,0,0,0, 192.168.1.111,172.217.11.46,0,0,0,0,0, 192.168.1.111,216.58.212.227,0,0,0,0,0, 192.168.1.111,172.217.11.51,0,0,0,0,0, 192.168.1.111,0,0,0,0,0,0, 192.168.1.111,0,0,0,0,0,0, 192.168.1.111,0,0,0,0,0,0, 192.168.1.111,0,0,0,0,0,0, 192.168.1.111,0.0.0.0,0,0,0,0,0,0,0,0,0,0,1526495707499,0.0,1639.261,0,0,0,0,0,0,0,0,0,0.0,0.0,-1
1800.599999999458,0,0,0,0, 192.168.1.111,173.194.184.230,0,0,0,0,0, 192.168.1.111,172.217.11.35,0,0,0,0,0, 192.168.1.111,172.217.12.174,0,0,0,0,0, 192.168.1.111,172.217.10.78,0,0,0,0,0, 192.168.1.111,172.217.9.227,0,0,0,0,0, 192.168.1.111,172.217.3.118,0,0,0,0,0, 192.168.1.111,172.217.6.238,0,0,0,0,0, 192.168.1.111,172.217.11.3,0,0,0,0,0, 192.168.1.111,172.217.13.228,0,0,0,0,0, 192.168.1.111,172.217.6.227,0,0,0,0,0, 192.168.1.111,172.217.11.38,0,0,0,0,0, 192.168.1.111,172.217.19.195,0,0,0,0,0, 192.168.1.111,173.194.188.106,0,0,0,0,0, 192.168.1.111,172.217.11.42,0,0,0,0,0, 192.168.1.111,216.58.212.163,0,0,0,0,0, 192.168.1.111,172.217.10.66,0,0,0,0,0, 192.168.1.111,172.217.17.99,0,0,0,0,0, 192.168.1.111,172.217.11.45,0,0,0,0,0, 192.168.1.111,172.217.11.46,0,0,0,0,0, 192.168.1.111,216.58.212.227,0,0,0,0,0, 192.168.1.111,172.217.11.51,0,0,0,0,0, 192.168.1.111,0,0,0,0,0,0, 192.168.1.111,0,0,0,0,0,0, 192.168.1.111,0,0,0,0,0,0, 192.168.1.111,0,0,0,0,0,0, 192.168.1.111,0.0.0.0,0,0,0,0,0,0,0,0,0,0,1526495707499,0.0,1639.261,0,0,0,0,0,0,0,0,0,0.0,0.0,-1
1800.6999999994578,0,0,0,0, 192.168.1.111,173.194.184.230,0,0,0,0,0, 192.168.1.111,172.217.11.35,0,0,0,0,0, 192.168.1.111,172.217.12.174,0,0,0,0,0, 192.168.1.111,172.217.10.78,0,0,0,0,0, 192.168.1.111,172.217.9.227,0,0,0,0,0, 192.168.1.111,172.217.3.118,0,0,0,0,0, 192.168.1.111,172.217.6.238,0,0,0,0,0, 192.168.1.111,172.217.11.3,0,0,0,0,0, 192.168.1.111,172.217.13.228,0,0,0,0,0, 192.168.1.111,172.217.6.227,0,0,0,0,0, 192.168.1.111,172.217.11.38,0,0,0,0,0, 192.168.1.111,172.217.19.195,0,0,0,0,0, 192.168.1.111,173.194.188.106,0,0,0,0,0, 192.168.1.111,172.217.11.42,0,0,0,0,0, 192.168.1.111,216.58.212.163,0,0,0,0,0, 192.168.1.111,172.217.10.66,0,0,0,0,0, 192.168.1.111,172.217.17.99,0,0,0,0,0, 192.168.1.111,172.217.11.45,0,0,0,0,0, 192.168.1.111,172.217.11.46,0,0,0,0,0, 192.168.1.111,216.58.212.227,0,0,0,0,0, 192.168.1.111,172.217.11.51,0,0,0,0,0, 192.168.1.111,0,0,0,0,0,0, 192.168.1.111,0,0,0,0,0,0, 192.168.1.111,0,0,0,0,0,0, 192.168.1.111,0,0,0,0,0,0, 192.168.1.111,0.0.0.0,0,0,0,0,0,0,0,0,0,0,1526495707499,0.0,1639.261,0,0,0,0,0,0,0,0,0,0.0,0.0,-1
1800.7999999994577,0,0,0,0, 192.168.1.111,173.194.184.230,0,0,0,0,0, 192.168.1.111,172.217.11.35,0,0,0,0,0, 192.168.1.111,172.217.12.174,0,0,0,0,0, 192.168.1.111,172.217.10.78,0,0,0,0,0, 192.168.1.111,172.217.9.227,0,0,0,0,0, 192.168.1.111,172.217.3.118,0,0,0,0,0, 192.168.1.111,172.217.6.238,0,0,0,0,0, 192.168.1.111,172.217.11.3,0,0,0,0,0, 192.168.1.111,172.217.13.228,0,0,0,0,0, 192.168.1.111,172.217.6.227,0,0,0,0,0, 192.168.1.111,172.217.11.38,0,0,0,0,0, 192.168.1.111,172.217.19.195,0,0,0,0,0, 192.168.1.111,173.194.188.106,0,0,0,0,0, 192.168.1.111,172.217.11.42,0,0,0,0,0, 192.168.1.111,216.58.212.163,0,0,0,0,0, 192.168.1.111,172.217.10.66,0,0,0,0,0, 192.168.1.111,172.217.17.99,0,0,0,0,0, 192.168.1.111,172.217.11.45,0,0,0,0,0, 192.168.1.111,172.217.11.46,0,0,0,0,0, 192.168.1.111,216.58.212.227,0,0,0,0,0, 192.168.1.111,172.217.11.51,0,0,0,0,0, 192.168.1.111,0,0,0,0,0,0, 192.168.1.111,0,0,0,0,0,0, 192.168.1.111,0,0,0,0,0,0, 192.168.1.111,0,0,0,0,0,0, 192.168.1.111,0.0.0.0,0,0,0,0,0,0,0,0,0,0,1526495707499,0.0,1639.261,0,0,0,0,0,0,0,0,0,0.0,0.0,-1
1800.8999999994576,0,0,0,0, 192.168.1.111,173.194.184.230,0,0,0,0,0, 192.168.1.111,172.217.11.35,0,0,0,0,0, 192.168.1.111,172.217.12.174,0,0,0,0,0, 192.168.1.111,172.217.10.78,0,0,0,0,0, 192.168.1.111,172.217.9.227,0,0,0,0,0, 192.168.1.111,172.217.3.118,0,0,0,0,0, 192.168.1.111,172.217.6.238,0,0,0,0,0, 192.168.1.111,172.217.11.3,0,0,0,0,0, 192.168.1.111,172.217.13.228,0,0,0,0,0, 192.168.1.111,172.217.6.227,0,0,0,0,0, 192.168.1.111,172.217.11.38,0,0,0,0,0, 192.168.1.111,172.217.19.195,0,0,0,0,0, 192.168.1.111,173.194.188.106,0,0,0,0,0, 192.168.1.111,172.217.11.42,0,0,0,0,0, 192.168.1.111,216.58.212.163,0,0,0,0,0, 192.168.1.111,172.217.10.66,0,0,0,0,0, 192.168.1.111,172.217.17.99,0,0,0,0,0, 192.168.1.111,172.217.11.45,0,0,0,0,0, 192.168.1.111,172.217.11.46,0,0,0,0,0, 192.168.1.111,216.58.212.227,0,0,0,0,0, 192.168.1.111,172.217.11.51,0,0,0,0,0, 192.168.1.111,0,0,0,0,0,0, 192.168.1.111,0,0,0,0,0,0, 192.168.1.111,0,0,0,0,0,0, 192.168.1.111,0,0,0,0,0,0, 192.168.1.111,0.0.0.0,0,0,0,0,0,0,0,0,0,0,1526495707499,0.0,1639.261,0,0,0,0,0,0,0,0,0,0.0,0.0,-1
0.0,1,0,217,0, 192.168.1.111,173.194.184.41,0,0,0,0,0, 192.168.1.111,172.217.11.35,0,0,0,0,0, 192.168.1.111,172.217.10.142,0,0,0,0,0, 192.168.1.111,172.217.7.14,0,0,0,0,0, 192.168.1.111,172.217.12.174,0,0,0,0,0, 192.168.1.111,172.217.10.78,0,0,0,0,0, 192.168.1.111,74.125.155.231,0,0,0,0,0, 192.168.1.111,216.58.212.227,0,0,0,0,0, 192.168.1.111,172.217.11.33,0,0,0,0,0, 192.168.1.111,172.217.9.227,0,0,0,0,0, 192.168.1.111,172.217.11.14,0,0,0,0,0, 192.168.1.111,172.217.9.226,0,0,0,0,0, 192.168.1.111,172.217.11.51,0,0,0,0,0, 192.168.1.111,172.217.10.150,0,0,0,0,0, 192.168.1.111,172.217.11.38,0,0,0,0,0, 192.168.1.111,74.125.170.23,0,0,0,0,0, 192.168.1.111,172.217.11.45,0,0,0,0,0, 192.168.1.111,172.217.11.3,0,0,0,0,0, 192.168.1.111,172.217.11.42,0,0,0,0,0, 192.168.1.111,172.217.11.46,0,0,0,0,0, 192.168.1.111,172.217.11.10,0,0,0,0,0, 192.168.1.111,172.217.5.228,0,0,0,0,0, 192.168.1.111,172.217.11.19,0,0,0,0,0, 192.168.1.111,0,0,0,0,0,0, 192.168.1.111,0,0,0,0,0,0, 192.168.1.111,0.0.0.0,0,1,0,217,0,0,0,0,0,0,1526401973816,0.0,2058.621,0,0,0,0,0,0,0,0,0,0.0,0.0,-1
0.1,0,0,0,0, 192.168.1.111,173.194.184.41,0,0,0,0,0, 192.168.1.111,172.217.11.35,0,0,0,0,0, 192.168.1.111,172.217.10.142,0,0,0,0,0, 192.168.1.111,172.217.7.14,0,0,0,0,0, 192.168.1.111,172.217.12.174,0,0,0,0,0, 192.168.1.111,172.217.10.78,0,0,0,0,0, 192.168.1.111,74.125.155.231,0,0,0,0,0, 192.168.1.111,216.58.212.227,0,0,0,0,0, 192.168.1.111,172.217.11.33,0,0,0,0,0, 192.168.1.111,172.217.9.227,0,0,0,0,0, 192.168.1.111,172.217.11.14,0,0,0,0,0, 192.168.1.111,172.217.9.226,0,0,0,0,0, 192.168.1.111,172.217.11.51,0,0,0,0,0, 192.168.1.111,172.217.10.150,0,0,0,0,0, 192.168.1.111,172.217.11.38,0,0,0,0,0, 192.168.1.111,74.125.170.23,0,0,0,0,0, 192.168.1.111,172.217.11.45,0,0,0,0,0, 192.168.1.111,172.217.11.3,0,0,0,0,0, 192.168.1.111,172.217.11.42,0,0,0,0,0, 192.168.1.111,172.217.11.46,0,0,0,0,0, 192.168.1.111,172.217.11.10,0,0,0,0,0, 192.168.1.111,172.217.5.228,0,0,0,0,0, 192.168.1.111,172.217.11.19,0,0,0,0,0, 192.168.1.111,0,0,0,0,0,0, 192.168.1.111,0,0,0,0,0,0, 192.168.1.111,0.0.0.0,0,0,0,0,0,0,0,0,0,0,1526401973816,0.0,2058.621,0,0,0,0,0,0,0,0,0,0.0,0.0,-1
0.2,2,0,2231,0, 192.168.1.111,173.194.184.41,0,0,0,0,0, 192.168.1.111,172.217.11.35,QUIC,1,0,1392,0, 192.168.1.111,172.217.10.142,QUIC,1,0,839,0, 192.168.1.111,172.217.7.14,0,0,0,0,0, 192.168.1.111,172.217.12.174,0,0,0,0,0, 192.168.1.111,172.217.10.78,0,0,0,0,0, 192.168.1.111,74.125.155.231,0,0,0,0,0, 192.168.1.111,216.58.212.227,0,0,0,0,0, 192.168.1.111,172.217.11.33,0,0,0,0,0, 192.168.1.111,172.217.9.227,0,0,0,0,0, 192.168.1.111,172.217.11.14,0,0,0,0,0, 192.168.1.111,172.217.9.226,0,0,0,0,0, 192.168.1.111,172.217.11.51,0,0,0,0,0, 192.168.1.111,172.217.10.150,0,0,0,0,0, 192.168.1.111,172.217.11.38,0,0,0,0,0, 192.168.1.111,74.125.170.23,0,0,0,0,0, 192.168.1.111,172.217.11.45,0,0,0,0,0, 192.168.1.111,172.217.11.3,0,0,0,0,0, 192.168.1.111,172.217.11.42,0,0,0,0,0, 192.168.1.111,172.217.11.46,0,0,0,0,0, 192.168.1.111,172.217.11.10,0,0,0,0,0, 192.168.1.111,172.217.5.228,0,0,0,0,0, 192.168.1.111,172.217.11.19,0,0,0,0,0, 192.168.1.111,0,0,0,0,0,0, 192.168.1.111,0,0,0,0,0,0, 192.168.1.111,0.0.0.0,0,0,0,0,0,0,0,0,0,0,1526401973816,0.0,2058.621,0,0,0,0,0,0,0,0,0,0.0,0.0,-1
0.3,0,0,0,0, 192.168.1.111,173.194.184.41,0,0,0,0,0, 192.168.1.111,172.217.11.35,0,0,0,0,0, 192.168.1.111,172.217.10.142,0,0,0,0,0, 192.168.1.111,172.217.7.14,0,0,0,0,0, 192.168.1.111,172.217.12.174,0,0,0,0,0, 192.168.1.111,172.217.10.78,0,0,0,0,0, 192.168.1.111,74.125.155.231,0,0,0,0,0, 192.168.1.111,216.58.212.227,0,0,0,0,0, 192.168.1.111,172.217.11.33,0,0,0,0,0, 192.168.1.111,172.217.9.227,0,0,0,0,0, 192.168.1.111,172.217.11.14,0,0,0,0,0, 192.168.1.111,172.217.9.226,0,0,0,0,0, 192.168.1.111,172.217.11.51,0,0,0,0,0, 192.168.1.111,172.217.10.150,0,0,0,0,0, 192.168.1.111,172.217.11.38,0,0,0,0,0, 192.168.1.111,74.125.170.23,0,0,0,0,0, 192.168.1.111,172.217.11.45,0,0,0,0,0, 192.168.1.111,172.217.11.3,0,0,0,0,0, 192.168.1.111,172.217.11.42,0,0,0,0,0, 192.168.1.111,172.217.11.46,0,0,0,0,0, 192.168.1.111,172.217.11.10,0,0,0,0,0, 192.168.1.111,172.217.5.228,0,0,0,0,0, 192.168.1.111,172.217.11.19,0,0,0,0,0, 192.168.1.111,0,0,0,0,0,0, 192.168.1.111,0,0,0,0,0,0, 192.168.1.111,0.0.0.0,0,0,0,0,0,0,0,0,0,0,1526401973816,0.0,2058.621,0,0,0,0,0,0,0,0,0,0.0,0.0,-1
0.4,0,0,0,0, 192.168.1.111,173.194.184.41,0,0,0,0,0, 192.168.1.111,172.217.11.35,0,0,0,0,0, 192.168.1.111,172.217.10.142,0,0,0,0,0, 192.168.1.111,172.217.7.14,0,0,0,0,0, 192.168.1.111,172.217.12.174,0,0,0,0,0, 192.168.1.111,172.217.10.78,0,0,0,0,0, 192.168.1.111,74.125.155.231,0,0,0,0,0, 192.168.1.111,216.58.212.227,0,0,0,0,0, 192.168.1.111,172.217.11.33,0,0,0,0,0, 192.168.1.111,172.217.9.227,0,0,0,0,0, 192.168.1.111,172.217.11.14,0,0,0,0,0, 192.168.1.111,172.217.9.226,0,0,0,0,0, 192.168.1.111,172.217.11.51,0,0,0,0,0, 192.168.1.111,172.217.10.150,0,0,0,0,0, 192.168.1.111,172.217.11.38,0,0,0,0,0, 192.168.1.111,74.125.170.23,0,0,0,0,0, 192.168.1.111,172.217.11.45,0,0,0,0,0, 192.168.1.111,172.217.11.3,0,0,0,0,0, 192.168.1.111,172.217.11.42,0,0,0,0,0, 192.168.1.111,172.217.11.46,0,0,0,0,0, 192.168.1.111,172.217.11.10,0,0,0,0,0, 192.168.1.111,172.217.5.228,0,0,0,0,0, 192.168.1.111,172.217.11.19,0,0,0,0,0, 192.168.1.111,0,0,0,0,0,0, 192.168.1.111,0,0,0,0,0,0, 192.168.1.111,0.0.0.0,0,0,0,0,0,0,0,0,0,0,1526401973816,0.0,2058.621,0,0,0,0,0,0,0,0,0,0.0,0.0,-1
0.5,1,0,1392,0, 192.168.1.111,173.194.184.41,0,0,0,0,0, 192.168.1.111,172.217.11.35,QUIC,1,0,1392,0, 192.168.1.111,172.217.10.142,0,0,0,0,0, 192.168.1.111,172.217.7.14,0,0,0,0,0, 192.168.1.111,172.217.12.174,0,0,0,0,0, 192.168.1.111,172.217.10.78,0,0,0,0,0, 192.168.1.111,74.125.155.231,0,0,0,0,0, 192.168.1.111,216.58.212.227,0,0,0,0,0, 192.168.1.111,172.217.11.33,0,0,0,0,0, 192.168.1.111,172.217.9.227,0,0,0,0,0, 192.168.1.111,172.217.11.14,0,0,0,0,0, 192.168.1.111,172.217.9.226,0,0,0,0,0, 192.168.1.111,172.217.11.51,0,0,0,0,0, 192.168.1.111,172.217.10.150,0,0,0,0,0, 192.168.1.111,172.217.11.38,0,0,0,0,0, 192.168.1.111,74.125.170.23,0,0,0,0,0, 192.168.1.111,172.217.11.45,0,0,0,0,0, 192.168.1.111,172.217.11.3,0,0,0,0,0, 192.168.1.111,172.217.11.42,0,0,0,0,0, 192.168.1.111,172.217.11.46,0,0,0,0,0, 192.168.1.111,172.217.11.10,0,0,0,0,0, 192.168.1.111,172.217.5.228,0,0,0,0,0, 192.168.1.111,172.217.11.19,0,0,0,0,0, 192.168.1.111,0,0,0,0,0,0, 192.168.1.111,0,0,0,0,0,0, 192.168.1.111,0.0.0.0,0,0,0,0,0,0,0,0,0,0,1526401973816,0.0,2058.621,0,0,0,0,0,0,0,0,0,0.0,0.0,-1
0.6,1,0,839,0, 192.168.1.111,173.194.184.41,0,0,0,0,0, 192.168.1.111,172.217.11.35,0,0,0,0,0, 192.168.1.111,172.217.10.142,QUIC,1,0,839,0, 192.168.1.111,172.217.7.14,0,0,0,0,0, 192.168.1.111,172.217.12.174,0,0,0,0,0, 192.168.1.111,172.217.10.78,0,0,0,0,0, 192.168.1.111,74.125.155.231,0,0,0,0,0, 192.168.1.111,216.58.212.227,0,0,0,0,0, 192.168.1.111,172.217.11.33,0,0,0,0,0, 192.168.1.111,172.217.9.227,0,0,0,0,0, 192.168.1.111,172.217.11.14,0,0,0,0,0, 192.168.1.111,172.217.9.226,0,0,0,0,0, 192.168.1.111,172.217.11.51,0,0,0,0,0, 192.168.1.111,172.217.10.150,0,0,0,0,0, 192.168.1.111,172.217.11.38,0,0,0,0,0, 192.168.1.111,74.125.170.23,0,0,0,0,0, 192.168.1.111,172.217.11.45,0,0,0,0,0, 192.168.1.111,172.217.11.3,0,0,0,0,0, 192.168.1.111,172.217.11.42,0,0,0,0,0, 192.168.1.111,172.217.11.46,0,0,0,0,0, 192.168.1.111,172.217.11.10,0,0,0,0,0, 192.168.1.111,172.217.5.228,0,0,0,0,0, 192.168.1.111,172.217.11.19,0,0,0,0,0, 192.168.1.111,0,0,0,0,0,0, 192.168.1.111,0,0,0,0,0,0, 192.168.1.111,0.0.0.0,0,0,0,0,0,0,0,0,0,0,1526401973816,0.0,2058.621,0,0,0,0,0,0,0,0,0,0.0,0.0,-1
0.7,13,18,3411,16457, 192.168.1.111,173.194.184.41,0,0,0,0,0, 192.168.1.111,172.217.11.35,QUIC,6,10,1789,9975, 192.168.1.111,172.217.10.142,QUIC,3,6,243,3606, 192.168.1.111,172.217.7.14,0,0,0,0,0, 192.168.1.111,172.217.12.174,0,0,0,0,0, 192.168.1.111,172.217.10.78,0,0,0,0,0, 192.168.1.111,74.125.155.231,0,0,0,0,0, 192.168.1.111,216.58.212.227,0,0,0,0,0, 192.168.1.111,172.217.11.33,0,0,0,0,0, 192.168.1.111,172.217.9.227,0,0,0,0,0, 192.168.1.111,172.217.11.14,0,0,0,0,0, 192.168.1.111,172.217.9.226,0,0,0,0,0, 192.168.1.111,172.217.11.51,0,0,0,0,0, 192.168.1.111,172.217.10.150,0,0,0,0,0, 192.168.1.111,172.217.11.38,0,0,0,0,0, 192.168.1.111,74.125.170.23,0,0,0,0,0, 192.168.1.111,172.217.11.45,QUIC,4,2,1379,2876, 192.168.1.111,172.217.11.3,0,0,0,0,0, 192.168.1.111,172.217.11.42,0,0,0,0,0, 192.168.1.111,172.217.11.46,0,0,0,0,0, 192.168.1.111,172.217.11.10,0,0,0,0,0, 192.168.1.111,172.217.5.228,0,0,0,0,0, 192.168.1.111,172.217.11.19,0,0,0,0,0, 192.168.1.111,0,0,0,0,0,0, 192.168.1.111,0,0,0,0,0,0, 192.168.1.111,0.0.0.0,0,0,0,0,0,0,0,0,0,0,1526401973816,0.0,2058.621,0,0,0,0,0,0,0,0,0,0.0,0.0,-1
0.7999999999999999,2,0,147,0, 192.168.1.111,173.194.184.41,0,0,0,0,0, 192.168.1.111,172.217.11.35,0,0,0,0,0, 192.168.1.111,172.217.10.142,0,0,0,0,0, 192.168.1.111,172.217.7.14,0,0,0,0,0, 192.168.1.111,172.217.12.174,0,0,0,0,0, 192.168.1.111,172.217.10.78,0,0,0,0,0, 192.168.1.111,74.125.155.231,0,0,0,0,0, 192.168.1.111,216.58.212.227,0,0,0,0,0, 192.168.1.111,172.217.11.33,0,0,0,0,0, 192.168.1.111,172.217.9.227,0,0,0,0,0, 192.168.1.111,172.217.11.14,0,0,0,0,0, 192.168.1.111,172.217.9.226,0,0,0,0,0, 192.168.1.111,172.217.11.51,0,0,0,0,0, 192.168.1.111,172.217.10.150,0,0,0,0,0, 192.168.1.111,172.217.11.38,0,0,0,0,0, 192.168.1.111,74.125.170.23,0,0,0,0,0, 192.168.1.111,172.217.11.45,QUIC,2,0,147,0, 192.168.1.111,172.217.11.3,0,0,0,0,0, 192.168.1.111,172.217.11.42,0,0,0,0,0, 192.168.1.111,172.217.11.46,0,0,0,0,0, 192.168.1.111,172.217.11.10,0,0,0,0,0, 192.168.1.111,172.217.5.228,0,0,0,0,0, 192.168.1.111,172.217.11.19,0,0,0,0,0, 192.168.1.111,0,0,0,0,0,0, 192.168.1.111,0,0,0,0,0,0, 192.168.1.111,0.0.0.0,0,0,0,0,0,0,0,0,0,0,1526401973816,0.0,2058.621,0,0,0,0,0,0,0,0,0,0.0,0.0,-1
0.8999999999999999,7,0,5728,0, 192.168.1.111,173.194.184.41,0,0,0,0,0, 192.168.1.111,172.217.11.35,0,0,0,0,0, 192.168.1.111,172.217.10.142,QUIC,1,0,239,0, 192.168.1.111,172.217.7.14,0,0,0,0,0, 192.168.1.111,172.217.12.174,0,0,0,0,0, 192.168.1.111,172.217.10.78,0,0,0,0,0, 192.168.1.111,74.125.155.231,0,0,0,0,0, 192.168.1.111,216.58.212.227,0,0,0,0,0, 192.168.1.111,172.217.11.33,0,0,0,0,0, 192.168.1.111,172.217.9.227,0,0,0,0,0, 192.168.1.111,172.217.11.14,0,0,0,0,0, 192.168.1.111,172.217.9.226,QUIC,1,0,1392,0, 192.168.1.111,172.217.11.51,0,0,0,0,0, 192.168.1.111,172.217.10.150,QUIC,1,0,1392,0, 192.168.1.111,172.217.11.38,QUIC,1,0,1392,0, 192.168.1.111,74.125.170.23,0,0,0,0,0, 192.168.1.111,172.217.11.45,QUIC,1,0,1148,0, 192.168.1.111,172.217.11.3,0,0,0,0,0, 192.168.1.111,172.217.11.42,0,0,0,0,0, 192.168.1.111,172.217.11.46,0,0,0,0,0, 192.168.1.111,172.217.11.10,0,0,0,0,0, 192.168.1.111,172.217.5.228,0,0,0,0,0, 192.168.1.111,172.217.11.19,0,0,0,0,0, 192.168.1.111,0,0,0,0,0,0, 192.168.1.111,0,0,0,0,0,0, 192.168.1.111,0.0.0.0,0,2,0,165,0,0,0,0,0,0,1526401973816,0.0,2058.621,0,0,0,0,0,0,0,0,0,0.0,0.0,-1
1.0,2,0,2784,0, 192.168.1.111,173.194.184.41,0,0,0,0,0, 192.168.1.111,172.217.11.35,0,0,0,0,0, 192.168.1.111,172.217.10.142,0,0,0,0,0, 192.168.1.111,172.217.7.14,0,0,0,0,0, 192.168.1.111,172.217.12.174,0,0,0,0,0, 192.168.1.111,172.217.10.78,0,0,0,0,0, 192.168.1.111,74.125.155.231,0,0,0,0,0, 192.168.1.111,216.58.212.227,0,0,0,0,0, 192.168.1.111,172.217.11.33,0,0,0,0,0, 192.168.1.111,172.217.9.227,0,0,0,0,0, 192.168.1.111,172.217.11.14,0,0,0,0,0, 192.168.1.111,172.217.9.226,QUIC,1,0,1392,0, 192.168.1.111,172.217.11.51,0,0,0,0,0, 192.168.1.111,172.217.10.150,QUIC,1,0,1392,0, 192.168.1.111,172.217.11.38,0,0,0,0,0, 192.168.1.111,74.125.170.23,0,0,0,0,0, 192.168.1.111,172.217.11.45,0,0,0,0,0, 192.168.1.111,172.217.11.3,0,0,0,0,0, 192.168.1.111,172.217.11.42,0,0,0,0,0, 192.168.1.111,172.217.11.46,0,0,0,0,0, 192.168.1.111,172.217.11.10,0,0,0,0,0, 192.168.1.111,172.217.5.228,0,0,0,0,0, 192.168.1.111,172.217.11.19,0,0,0,0,0, 192.168.1.111,0,0,0,0,0,0, 192.168.1.111,0,0,0,0,0,0, 192.168.1.111,0.0.0.0,0,0,0,0,0,0,0,0,0,0,1526401973816,0.0,2058.621,0,0,0,0,0,0,0,0,0,0.0,0.0,-1
1.1,7,4,4500,520, 192.168.1.111,173.194.184.41,0,0,0,0,0, 192.168.1.111,172.217.11.35,0,0,0,0,0, 192.168.1.111,172.217.10.142,0,0,0,0,0, 192.168.1.111,172.217.7.14,0,0,0,0,0, 192.168.1.111,172.217.12.174,0,0,0,0,0, 192.168.1.111,172.217.10.78,0,0,0,0,0, 192.168.1.111,74.125.155.231,QUIC,1,0,1392,0, 192.168.1.111,216.58.212.227,0,0,0,0,0, 192.168.1.111,172.217.11.33,QUIC,1,0,1392,0, 192.168.1.111,172.217.9.227,0,0,0,0,0, 192.168.1.111,172.217.11.14,0,0,0,0,0, 192.168.1.111,172.217.9.226,0,0,0,0,0, 192.168.1.111,172.217.11.51,0,0,0,0,0, 192.168.1.111,172.217.10.150,0,0,0,0,0, 192.168.1.111,172.217.11.38,QUIC,1,0,1392,0, 192.168.1.111,74.125.170.23,0,0,0,0,0, 192.168.1.111,172.217.11.45,QUIC,2,0,148,0, 192.168.1.111,172.217.11.3,0,0,0,0,0, 192.168.1.111,172.217.11.42,0,0,0,0,0, 192.168.1.111,172.217.11.46,0,0,0,0,0, 192.168.1.111,172.217.11.10,0,0,0,0,0, 192.168.1.111,172.217.5.228,0,0,0,0,0, 192.168.1.111,172.217.11.19,0,0,0,0,0, 192.168.1.111,0,0,0,0,0,0, 192.168.1.111,0,0,0,0,0,0, 192.168.1.111,0.0.0.0,0,2,3,176,418,0,0,0,0,0,1526401973816,0.0,2058.621,0,0,0,0,0,0,0,0,0,0.0,0.0,-1
1.2,3,0,2862,0, 192.168.1.111,173.194.184.41,0,0,0,0,0, 192.168.1.111,172.217.11.35,0,0,0,0,0, 192.168.1.111,172.217.10.142,0,0,0,0,0, 192.168.1.111,172.217.7.14,0,0,0,0,0, 192.168.1.111,172.217.12.174,0,0,0,0,0, 192.168.1.111,172.217.10.78,0,0,0,0,0, 192.168.1.111,74.125.155.231,QUIC,1,0,1392,0, 192.168.1.111,216.58.212.227,0,0,0,0,0, 192.168.1.111,172.217.11.33,QUIC,1,0,1392,0, 192.168.1.111,172.217.9.227,0,0,0,0,0, 192.168.1.111,172.217.11.14,0,0,0,0,0, 192.168.1.111,172.217.9.226,0,0,0,0,0, 192.168.1.111,172.217.11.51,0,0,0,0,0, 192.168.1.111,172.217.10.150,0,0,0,0,0, 192.168.1.111,172.217.11.38,0,0,0,0,0, 192.168.1.111,74.125.170.23,0,0,0,0,0, 192.168.1.111,172.217.11.45,0,0,0,0,0, 192.168.1.111,172.217.11.3,0,0,0,0,0, 192.168.1.111,172.217.11.42,0,0,0,0,0, 192.168.1.111,172.217.11.46,0,0,0,0,0, 192.168.1.111,172.217.11.10,0,0,0,0,0, 192.168.1.111,172.217.5.228,0,0,0,0,0, 192.168.1.111,172.217.11.19,0,0,0,0,0, 192.168.1.111,0,0,0,0,0,0, 192.168.1.111,0,0,0,0,0,0, 192.168.1.111,0.0.0.0,0,1,0,78,0,0,0,0,0,0,1526401973816,0.0,2058.621,0,0,0,0,0,0,0,0,0,0.0,0.0,-1
1.3,13,14,5452,10317, 192.168.1.111,173.194.184.41,0,0,0,0,0, 192.168.1.111,172.217.11.35,QUIC,2,2,161,1465, 192.168.1.111,172.217.10.142,0,0,0,0,0, 192.168.1.111,172.217.7.14,0,0,0,0,0, 192.168.1.111,172.217.12.174,0,0,0,0,0, 192.168.1.111,172.217.10.78,0,0,0,0,0, 192.168.1.111,74.125.155.231,0,0,0,0,0, 192.168.1.111,216.58.212.227,0,0,0,0,0, 192.168.1.111,172.217.11.33,0,0,0,0,0, 192.168.1.111,172.217.9.227,0,0,0,0,0, 192.168.1.111,172.217.11.14,0,0,0,0,0, 192.168.1.111,172.217.9.226,QUIC,3,2,2864,2784, 192.168.1.111,172.217.11.51,0,0,0,0,0, 192.168.1.111,172.217.10.150,QUIC,2,1,1469,1392, 192.168.1.111,172.217.11.38,0,0,0,0,0, 192.168.1.111,74.125.170.23,0,0,0,0,0, 192.168.1.111,172.217.11.45,TCP,6,9,958,4676, 192.168.1.111,172.217.11.3,0,0,0,0,0, 192.168.1.111,172.217.11.42,0,0,0,0,0, 192.168.1.111,172.217.11.46,0,0,0,0,0, 192.168.1.111,172.217.11.10,0,0,0,0,0, 192.168.1.111,172.217.5.228,0,0,0,0,0, 192.168.1.111,172.217.11.19,0,0,0,0,0, 192.168.1.111,0,0,0,0,0,0, 192.168.1.111,0,0,0,0,0,0, 192.168.1.111,0.0.0.0,0,0,0,0,0,0,0,0,0,0,1526401973816,0.0,2058.621,0,0,0,0,0,0,0,0,0,0.0,0.0,-1
1.4,3,1,1524,66, 192.168.1.111,173.194.184.41,0,0,0,0,0, 192.168.1.111,172.217.11.35,0,0,0,0,0, 192.168.1.111,172.217.10.142,0,0,0,0,0, 192.168.1.111,172.217.7.14,0,0,0,0,0, 192.168.1.111,172.217.12.174,0,0,0,0,0, 192.168.1.111,172.217.10.78,0,0,0,0,0, 192.168.1.111,74.125.155.231,0,0,0,0,0, 192.168.1.111,216.58.212.227,0,0,0,0,0, 192.168.1.111,172.217.11.33,QUIC,1,0,1392,0, 192.168.1.111,172.217.9.227,0,0,0,0,0, 192.168.1.111,172.217.11.14,0,0,0,0,0, 192.168.1.111,172.217.9.226,0,0,0,0,0, 192.168.1.111,172.217.11.51,0,0,0,0,0, 192.168.1.111,172.217.10.150,0,0,0,0,0, 192.168.1.111,172.217.11.38,0,0,0,0,0, 192.168.1.111,74.125.170.23,0,0,0,0,0, 192.168.1.111,172.217.11.45,0,0,0,0,0, 192.168.1.111,172.217.11.3,0,0,0,0,0, 192.168.1.111,172.217.11.42,0,0,0,0,0, 192.168.1.111,172.217.11.46,0,0,0,0,0, 192.168.1.111,172.217.11.10,0,0,0,0,0, 192.168.1.111,172.217.5.228,0,0,0,0,0, 192.168.1.111,172.217.11.19,0,0,0,0,0, 192.168.1.111,0,0,0,0,0,0, 192.168.1.111,0,0,0,0,0,0, 192.168.1.111,0.0.0.0,0,2,1,132,66,0,0,0,0,0,1526401973816,0.0,2058.621,0,0,0,0,0,0,0,0,0,0.0,0.0,-1
1.5000000000000002,11,12,5031,12726, 192.168.1.111,173.194.184.41,0,0,0,0,0, 192.168.1.111,172.217.11.35,0,0,0,0,0, 192.168.1.111,172.217.10.142,QUIC,3,6,240,7032, 192.168.1.111,172.217.7.14,0,0,0,0,0, 192.168.1.111,172.217.12.174,0,0,0,0,0, 192.168.1.111,172.217.10.78,0,0,0,0,0, 192.168.1.111,74.125.155.231,QUIC,1,0,1392,0, 192.168.1.111,216.58.212.227,0,0,0,0,0, 192.168.1.111,172.217.11.33,0,0,0,0,0, 192.168.1.111,172.217.9.227,0,0,0,0,0, 192.168.1.111,172.217.11.14,0,0,0,0,0, 192.168.1.111,172.217.9.226,QUIC,1,1,77,1379, 192.168.1.111,172.217.11.51,0,0,0,0,0, 192.168.1.111,172.217.10.150,QUIC,1,1,1392,1392, 192.168.1.111,172.217.11.38,QUIC,2,2,1472,2784, 192.168.1.111,74.125.170.23,0,0,0,0,0, 192.168.1.111,172.217.11.45,TCP,2,1,404,73, 192.168.1.111,172.217.11.3,0,0,0,0,0, 192.168.1.111,172.217.11.42,0,0,0,0,0, 192.168.1.111,172.217.11.46,0,0,0,0,0, 192.168.1.111,172.217.11.10,0,0,0,0,0, 192.168.1.111,172.217.5.228,0,0,0,0,0, 192.168.1.111,172.217.11.19,0,0,0,0,0, 192.168.1.111,0,0,0,0,0,0, 192.168.1.111,0,0,0,0,0,0, 192.168.1.111,0.0.0.0,0,1,1,54,66,0,0,0,0,0,1526401973816,0.0,2058.621,0,0,0,0,0,0,0,0,0,0.0,0.0,-1
1.6000000000000003,0,0,0,0, 192.168.1.111,173.194.184.41,0,0,0,0,0, 192.168.1.111,172.217.11.35,0,0,0,0,0, 192.168.1.111,172.217.10.142,0,0,0,0,0, 192.168.1.111,172.217.7.14,0,0,0,0,0, 192.168.1.111,172.217.12.174,0,0,0,0,0, 192.168.1.111,172.217.10.78,0,0,0,0,0, 192.168.1.111,74.125.155.231,0,0,0,0,0, 192.168.1.111,216.58.212.227,0,0,0,0,0, 192.168.1.111,172.217.11.33,0,0,0,0,0, 192.168.1.111,172.217.9.227,0,0,0,0,0, 192.168.1.111,172.217.11.14,0,0,0,0,0, 192.168.1.111,172.217.9.226,0,0,0,0,0, 192.168.1.111,172.217.11.51,0,0,0,0,0, 192.168.1.111,172.217.10.150,0,0,0,0,0, 192.168.1.111,172.217.11.38,0,0,0,0,0, 192.168.1.111,74.125.170.23,0,0,0,0,0, 192.168.1.111,172.217.11.45,0,0,0,0,0, 192.168.1.111,172.217.11.3,0,0,0,0,0, 192.168.1.111,172.217.11.42,0,0,0,0,0, 192.168.1.111,172.217.11.46,0,0,0,0,0, 192.168.1.111,172.217.11.10,0,0,0,0,0, 192.168.1.111,172.217.5.228,0,0,0,0,0, 192.168.1.111,172.217.11.19,0,0,0,0,0, 192.168.1.111,0,0,0,0,0,0, 192.168.1.111,0,0,0,0,0,0, 192.168.1.111,0.0.0.0,0,0,0,0,0,0,0,0,0,0,1526401973816,0.0,2058.621,0,0,0,0,0,0,0,0,0,0.0,0.0,-1
1.7000000000000004,1,0,1392,0, 192.168.1.111,173.194.184.41,0,0,0,0,0, 192.168.1.111,172.217.11.35,0,0,0,0,0, 192.168.1.111,172.217.10.142,0,0,0,0,0, 192.168.1.111,172.217.7.14,0,0,0,0,0, 192.168.1.111,172.217.12.174,0,0,0,0,0, 192.168.1.111,172.217.10.78,0,0,0,0,0, 192.168.1.111,74.125.155.231,0,0,0,0,0, 192.168.1.111,216.58.212.227,0,0,0,0,0, 192.168.1.111,172.217.11.33,QUIC,1,0,1392,0, 192.168.1.111,172.217.9.227,0,0,0,0,0, 192.168.1.111,172.217.11.14,0,0,0,0,0, 192.168.1.111,172.217.9.226,0,0,0,0,0, 192.168.1.111,172.217.11.51,0,0,0,0,0, 192.168.1.111,172.217.10.150,0,0,0,0,0, 192.168.1.111,172.217.11.38,0,0,0,0,0, 192.168.1.111,74.125.170.23,0,0,0,0,0, 192.168.1.111,172.217.11.45,0,0,0,0,0, 192.168.1.111,172.217.11.3,0,0,0,0,0, 192.168.1.111,172.217.11.42,0,0,0,0,0, 192.168.1.111,172.217.11.46,0,0,0,0,0, 192.168.1.111,172.217.11.10,0,0,0,0,0, 192.168.1.111,172.217.5.228,0,0,0,0,0, 192.168.1.111,172.217.11.19,0,0,0,0,0, 192.168.1.111,0,0,0,0,0,0, 192.168.1.111,0,0,0,0,0,0, 192.168.1.111,0.0.0.0,0,0,0,0,0,0,0,0,0,0,1526401973816,0.0,2058.621,0,0,0,0,0,0,0,0,0,0.0,0.0,-1
1.8000000000000005,3,8,484,8166, 192.168.1.111,173.194.184.41,0,0,0,0,0, 192.168.1.111,172.217.11.35,0,0,0,0,0, 192.168.1.111,172.217.10.142,0,0,0,0,0, 192.168.1.111,172.217.7.14,0,0,0,0,0, 192.168.1.111,172.217.12.174,0,0,0,0,0, 192.168.1.111,172.217.10.78,0,0,0,0,0, 192.168.1.111,74.125.155.231,0,0,0,0,0, 192.168.1.111,216.58.212.227,0,0,0,0,0, 192.168.1.111,172.217.11.33,0,0,0,0,0, 192.168.1.111,172.217.9.227,0,0,0,0,0, 192.168.1.111,172.217.11.14,0,0,0,0,0, 192.168.1.111,172.217.9.226,QUIC,0,2,0,1469, 192.168.1.111,172.217.11.51,0,0,0,0,0, 192.168.1.111,172.217.10.150,QUIC,1,2,80,2771, 192.168.1.111,172.217.11.38,QUIC,1,2,80,2771, 192.168.1.111,74.125.170.23,0,0,0,0,0, 192.168.1.111,172.217.11.45,QUIC,1,2,324,1155, 192.168.1.111,172.217.11.3,0,0,0,0,0, 192.168.1.111,172.217.11.42,0,0,0,0,0, 192.168.1.111,172.217.11.46,0,0,0,0,0, 192.168.1.111,172.217.11.10,0,0,0,0,0, 192.168.1.111,172.217.5.228,0,0,0,0,0, 192.168.1.111,172.217.11.19,0,0,0,0,0, 192.168.1.111,0,0,0,0,0,0, 192.168.1.111,0,0,0,0,0,0, 192.168.1.111,0.0.0.0,0,0,0,0,0,0,0,0,0,0,1526401973816,0.0,2058.621,0,0,0,0,0,0,0,0,0,0.0,0.0,-1
1.9000000000000008,8,7,2149,7075, 192.168.1.111,173.194.184.41,0,0,0,0,0, 192.168.1.111,172.217.11.35,0,0,0,0,0, 192.168.1.111,172.217.10.142,0,0,0,0,0, 192.168.1.111,172.217.7.14,0,0,0,0,0, 192.168.1.111,172.217.12.174,0,0,0,0,0, 192.168.1.111,172.217.10.78,0,0,0,0,0, 192.168.1.111,74.125.155.231,QUIC,1,0,1392,0, 192.168.1.111,216.58.212.227,0,0,0,0,0, 192.168.1.111,172.217.11.33,0,0,0,0,0, 192.168.1.111,172.217.9.227,0,0,0,0,0, 192.168.1.111,172.217.11.14,0,0,0,0,0, 192.168.1.111,172.217.9.226,QUIC,2,2,160,2771, 192.168.1.111,172.217.11.51,0,0,0,0,0, 192.168.1.111,172.217.10.150,QUIC,1,3,83,2848, 192.168.1.111,172.217.11.38,QUIC,1,2,80,1456, 192.168.1.111,74.125.170.23,0,0,0,0,0, 192.168.1.111,172.217.11.45,QUIC,1,0,80,0, 192.168.1.111,172.217.11.3,0,0,0,0,0, 192.168.1.111,172.217.11.42,0,0,0,0,0, 192.168.1.111,172.217.11.46,0,0,0,0,0, 192.168.1.111,172.217.11.10,0,0,0,0,0, 192.168.1.111,172.217.5.228,0,0,0,0,0, 192.168.1.111,172.217.11.19,0,0,0,0,0, 192.168.1.111,0,0,0,0,0,0, 192.168.1.111,0,0,0,0,0,0, 192.168.1.111,0.0.0.0,0,2,0,354,0,0,0,0,0,0,1526401973816,0.0,2058.621,0,0,0,0,0,0,0,0,0,0.0,0.0,-1
2.0000000000000004,29,51,5472,46394, 192.168.1.111,173.194.184.41,0,0,0,0,0, 192.168.1.111,172.217.11.35,QUIC,0,1,0,78, 192.168.1.111,172.217.10.142,QUIC,4,7,317,9259, 192.168.1.111,172.217.7.14,0,0,0,0,0, 192.168.1.111,172.217.12.174,0,0,0,0,0, 192.168.1.111,172.217.10.78,0,0,0,0,0, 192.168.1.111,74.125.155.231,QUIC,6,14,1795,16861, 192.168.1.111,216.58.212.227,0,0,0,0,0, 192.168.1.111,172.217.11.33,QUIC,4,10,1638,9978, 192.168.1.111,172.217.9.227,0,0,0,0,0, 192.168.1.111,172.217.11.14,0,0,0,0,0, 192.168.1.111,172.217.9.226,QUIC,2,3,174,1542, 192.168.1.111,172.217.11.51,0,0,0,0,0, 192.168.1.111,172.217.10.150,QUIC,2,3,174,1542, 192.168.1.111,172.217.11.38,QUIC,3,3,238,2857, 192.168.1.111,74.125.170.23,0,0,0,0,0, 192.168.1.111,172.217.11.45,TCP,3,6,209,826, 192.168.1.111,172.217.11.3,0,0,0,0,0, 192.168.1.111,172.217.11.42,0,0,0,0,0, 192.168.1.111,172.217.11.46,0,0,0,0,0, 192.168.1.111,172.217.11.10,0,0,0,0,0, 192.168.1.111,172.217.5.228,QUIC,1,0,711,0, 192.168.1.111,172.217.11.19,0,0,0,0,0, 192.168.1.111,0,0,0,0,0,0, 192.168.1.111,0,0,0,0,0,0, 192.168.1.111,0.0.0.0,0,4,4,216,3451,0,0,0,0,0,1526401973816,0.0,2058.621,0,0,0,0,0,0,0,0,0,0.0,0.0,-1
2.1000000000000005,9,10,1672,5381, 192.168.1.111,173.194.184.41,0,0,0,0,0, 192.168.1.111,172.217.11.35,0,0,0,0,0, 192.168.1.111,172.217.10.142,0,0,0,0,0, 192.168.1.111,172.217.7.14,0,0,0,0,0, 192.168.1.111,172.217.12.174,0,0,0,0,0, 192.168.1.111,172.217.10.78,0,0,0,0,0, 192.168.1.111,74.125.155.231,QUIC,2,2,174,1465, 192.168.1.111,216.58.212.227,0,0,0,0,0, 192.168.1.111,172.217.11.33,QUIC,3,3,244,2857, 192.168.1.111,172.217.9.227,0,0,0,0,0, 192.168.1.111,172.217.11.14,0,0,0,0,0, 192.168.1.111,172.217.9.226,QUIC,1,1,543,78, 192.168.1.111,172.217.11.51,0,0,0,0,0, 192.168.1.111,172.217.10.150,0,0,0,0,0, 192.168.1.111,172.217.11.38,QUIC,1,0,547,0, 192.168.1.111,74.125.170.23,0,0,0,0,0, 192.168.1.111,172.217.11.45,0,0,0,0,0, 192.168.1.111,172.217.11.3,0,0,0,0,0, 192.168.1.111,172.217.11.42,0,0,0,0,0, 192.168.1.111,172.217.11.46,0,0,0,0,0, 192.168.1.111,172.217.11.10,0,0,0,0,0, 192.168.1.111,172.217.5.228,QUIC,1,3,86,883, 192.168.1.111,172.217.11.19,0,0,0,0,0, 192.168.1.111,0,0,0,0,0,0, 192.168.1.111,0,0,0,0,0,0, 192.168.1.111,0.0.0.0,0,1,0,78,0,0,0,0,0,0,1526401973816,0.0,2058.621,0,0,0,0,0,0,0,0,0,0.0,0.0,-1
2.2000000000000006,0,2,0,84, 192.168.1.111,173.194.184.41,0,0,0,0,0, 192.168.1.111,172.217.11.35,0,0,0,0,0, 192.168.1.111,172.217.10.142,0,0,0,0,0, 192.168.1.111,172.217.7.14,0,0,0,0,0, 192.168.1.111,172.217.12.174,0,0,0,0,0, 192.168.1.111,172.217.10.78,0,0,0,0,0, 192.168.1.111,74.125.155.231,0,0,0,0,0, 192.168.1.111,216.58.212.227,0,0,0,0,0, 192.168.1.111,172.217.11.33,0,0,0,0,0, 192.168.1.111,172.217.9.227,0,0,0,0,0, 192.168.1.111,172.217.11.14,0,0,0,0,0, 192.168.1.111,172.217.9.226,0,0,0,0,0, 192.168.1.111,172.217.11.51,0,0,0,0,0, 192.168.1.111,172.217.10.150,0,0,0,0,0, 192.168.1.111,172.217.11.38,0,0,0,0,0, 192.168.1.111,74.125.170.23,0,0,0,0,0, 192.168.1.111,172.217.11.45,0,0,0,0,0, 192.168.1.111,172.217.11.3,0,0,0,0,0, 192.168.1.111,172.217.11.42,0,0,0,0,0, 192.168.1.111,172.217.11.46,0,0,0,0,0, 192.168.1.111,172.217.11.10,0,0,0,0,0, 192.168.1.111,172.217.5.228,0,0,0,0,0, 192.168.1.111,172.217.11.19,0,0,0,0,0, 192.168.1.111,0,0,0,0,0,0, 192.168.1.111,0,0,0,0,0,0, 192.168.1.111,0.0.0.0,0,0,0,0,0,0,0,0,0,0,1526401973816,0.0,2058.621,0,0,0,0,0,0,0,0,0,0.0,0.0,-1
2.3000000000000007,0,0,0,0, 192.168.1.111,173.194.184.41,0,0,0,0,0, 192.168.1.111,172.217.11.35,0,0,0,0,0, 192.168.1.111,172.217.10.142,0,0,0,0,0, 192.168.1.111,172.217.7.14,0,0,0,0,0, 192.168.1.111,172.217.12.174,0,0,0,0,0, 192.168.1.111,172.217.10.78,0,0,0,0,0, 192.168.1.111,74.125.155.231,0,0,0,0,0, 192.168.1.111,216.58.212.227,0,0,0,0,0, 192.168.1.111,172.217.11.33,0,0,0,0,0, 192.168.1.111,172.217.9.227,0,0,0,0,0, 192.168.1.111,172.217.11.14,0,0,0,0,0, 192.168.1.111,172.217.9.226,0,0,0,0,0, 192.168.1.111,172.217.11.51,0,0,0,0,0, 192.168.1.111,172.217.10.150,0,0,0,0,0, 192.168.1.111,172.217.11.38,0,0,0,0,0, 192.168.1.111,74.125.170.23,0,0,0,0,0, 192.168.1.111,172.217.11.45,0,0,0,0,0, 192.168.1.111,172.217.11.3,0,0,0,0,0, 192.168.1.111,172.217.11.42,0,0,0,0,0, 192.168.1.111,172.217.11.46,0,0,0,0,0, 192.168.1.111,172.217.11.10,0,0,0,0,0, 192.168.1.111,172.217.5.228,0,0,0,0,0, 192.168.1.111,172.217.11.19,0,0,0,0,0, 192.168.1.111,0,0,0,0,0,0, 192.168.1.111,0,0,0,0,0,0, 192.168.1.111,0.0.0.0,0,0,0,0,0,0,0,0,0,0,1526401973816,0.0,2058.621,0,0,0,0,0,0,0,0,0,0.0,0.0,-1
2.400000000000001,0,0,0,0, 192.168.1.111,173.194.184.41,0,0,0,0,0, 192.168.1.111,172.217.11.35,0,0,0,0,0, 192.168.1.111,172.217.10.142,0,0,0,0,0, 192.168.1.111,172.217.7.14,0,0,0,0,0, 192.168.1.111,172.217.12.174,0,0,0,0,0, 192.168.1.111,172.217.10.78,0,0,0,0,0, 192.168.1.111,74.125.155.231,0,0,0,0,0, 192.168.1.111,216.58.212.227,0,0,0,0,0, 192.168.1.111,172.217.11.33,0,0,0,0,0, 192.168.1.111,172.217.9.227,0,0,0,0,0, 192.168.1.111,172.217.11.14,0,0,0,0,0, 192.168.1.111,172.217.9.226,0,0,0,0,0, 192.168.1.111,172.217.11.51,0,0,0,0,0, 192.168.1.111,172.217.10.150,0,0,0,0,0, 192.168.1.111,172.217.11.38,0,0,0,0,0, 192.168.1.111,74.125.170.23,0,0,0,0,0, 192.168.1.111,172.217.11.45,0,0,0,0,0, 192.168.1.111,172.217.11.3,0,0,0,0,0, 192.168.1.111,172.217.11.42,0,0,0,0,0, 192.168.1.111,172.217.11.46,0,0,0,0,0, 192.168.1.111,172.217.11.10,0,0,0,0,0, 192.168.1.111,172.217.5.228,0,0,0,0,0, 192.168.1.111,172.217.11.19,0,0,0,0,0, 192.168.1.111,0,0,0,0,0,0, 192.168.1.111,0,0,0,0,0,0, 192.168.1.111,0.0.0.0,0,0,0,0,0,0,0,0,0,0,1526401973816,0.0,2058.621,0,0,0,0,0,0,0,0,0,0.0,0.0,-1
2.500000000000001,0,0,0,0, 192.168.1.111,173.194.184.41,0,0,0,0,0, 192.168.1.111,172.217.11.35,0,0,0,0,0, 192.168.1.111,172.217.10.142,0,0,0,0,0, 192.168.1.111,172.217.7.14,0,0,0,0,0, 192.168.1.111,172.217.12.174,0,0,0,0,0, 192.168.1.111,172.217.10.78,0,0,0,0,0, 192.168.1.111,74.125.155.231,0,0,0,0,0, 192.168.1.111,216.58.212.227,0,0,0,0,0, 192.168.1.111,172.217.11.33,0,0,0,0,0, 192.168.1.111,172.217.9.227,0,0,0,0,0, 192.168.1.111,172.217.11.14,0,0,0,0,0, 192.168.1.111,172.217.9.226,0,0,0,0,0, 192.168.1.111,172.217.11.51,0,0,0,0,0, 192.168.1.111,172.217.10.150,0,0,0,0,0, 192.168.1.111,172.217.11.38,0,0,0,0,0, 192.168.1.111,74.125.170.23,0,0,0,0,0, 192.168.1.111,172.217.11.45,0,0,0,0,0, 192.168.1.111,172.217.11.3,0,0,0,0,0, 192.168.1.111,172.217.11.42,0,0,0,0,0, 192.168.1.111,172.217.11.46,0,0,0,0,0, 192.168.1.111,172.217.11.10,0,0,0,0,0, 192.168.1.111,172.217.5.228,0,0,0,0,0, 192.168.1.111,172.217.11.19,0,0,0,0,0, 192.168.1.111,0,0,0,0,0,0, 192.168.1.111,0,0,0,0,0,0, 192.168.1.111,0.0.0.0,0,0,0,0,0,0,0,0,0,0,1526401973816,0.0,2058.621,0,0,0,0,0,0,0,0,0,0.0,0.0,-1
2.600000000000001,0,0,0,0, 192.168.1.111,173.194.184.41,0,0,0,0,0, 192.168.1.111,172.217.11.35,0,0,0,0,0, 192.168.1.111,172.217.10.142,0,0,0,0,0, 192.168.1.111,172.217.7.14,0,0,0,0,0, 192.168.1.111,172.217.12.174,0,0,0,0,0, 192.168.1.111,172.217.10.78,0,0,0,0,0, 192.168.1.111,74.125.155.231,0,0,0,0,0, 192.168.1.111,216.58.212.227,0,0,0,0,0, 192.168.1.111,172.217.11.33,0,0,0,0,0, 192.168.1.111,172.217.9.227,0,0,0,0,0, 192.168.1.111,172.217.11.14,0,0,0,0,0, 192.168.1.111,172.217.9.226,0,0,0,0,0, 192.168.1.111,172.217.11.51,0,0,0,0,0, 192.168.1.111,172.217.10.150,0,0,0,0,0, 192.168.1.111,172.217.11.38,0,0,0,0,0, 192.168.1.111,74.125.170.23,0,0,0,0,0, 192.168.1.111,172.217.11.45,0,0,0,0,0, 192.168.1.111,172.217.11.3,0,0,0,0,0, 192.168.1.111,172.217.11.42,0,0,0,0,0, 192.168.1.111,172.217.11.46,0,0,0,0,0, 192.168.1.111,172.217.11.10,0,0,0,0,0, 192.168.1.111,172.217.5.228,0,0,0,0,0, 192.168.1.111,172.217.11.19,0,0,0,0,0, 192.168.1.111,0,0,0,0,0,0, 192.168.1.111,0,0,0,0,0,0, 192.168.1.111,0.0.0.0,0,0,0,0,0,0,0,0,0,0,1526401973816,0.0,2058.621,0,0,0,0,0,0,0,0,0,0.0,0.0,-1
2.700000000000001,0,0,0,0, 192.168.1.111,173.194.184.41,0,0,0,0,0, 192.168.1.111,172.217.11.35,0,0,0,0,0, 192.168.1.111,172.217.10.142,0,0,0,0,0, 192.168.1.111,172.217.7.14,0,0,0,0,0, 192.168.1.111,172.217.12.174,0,0,0,0,0, 192.168.1.111,172.217.10.78,0,0,0,0,0, 192.168.1.111,74.125.155.231,0,0,0,0,0, 192.168.1.111,216.58.212.227,0,0,0,0,0, 192.168.1.111,172.217.11.33,0,0,0,0,0, 192.168.1.111,172.217.9.227,0,0,0,0,0, 192.168.1.111,172.217.11.14,0,0,0,0,0, 192.168.1.111,172.217.9.226,0,0,0,0,0, 192.168.1.111,172.217.11.51,0,0,0,0,0, 192.168.1.111,172.217.10.150,0,0,0,0,0, 192.168.1.111,172.217.11.38,0,0,0,0,0, 192.168.1.111,74.125.170.23,0,0,0,0,0, 192.168.1.111,172.217.11.45,0,0,0,0,0, 192.168.1.111,172.217.11.3,0,0,0,0,0, 192.168.1.111,172.217.11.42,0,0,0,0,0, 192.168.1.111,172.217.11.46,0,0,0,0,0, 192.168.1.111,172.217.11.10,0,0,0,0,0, 192.168.1.111,172.217.5.228,0,0,0,0,0, 192.168.1.111,172.217.11.19,0,0,0,0,0, 192.168.1.111,0,0,0,0,0,0, 192.168.1.111,0,0,0,0,0,0, 192.168.1.111,0.0.0.0,0,0,0,0,0,0,0,0,0,0,1526401973816,0.0,2058.621,0,0,0,0,0,0,0,0,0,0.0,0.0,-1
2.800000000000001,0,0,0,0, 192.168.1.111,173.194.184.41,0,0,0,0,0, 192.168.1.111,172.217.11.35,0,0,0,0,0, 192.168.1.111,172.217.10.142,0,0,0,0,0, 192.168.1.111,172.217.7.14,0,0,0,0,0, 192.168.1.111,172.217.12.174,0,0,0,0,0, 192.168.1.111,172.217.10.78,0,0,0,0,0, 192.168.1.111,74.125.155.231,0,0,0,0,0, 192.168.1.111,216.58.212.227,0,0,0,0,0, 192.168.1.111,172.217.11.33,0,0,0,0,0, 192.168.1.111,172.217.9.227,0,0,0,0,0, 192.168.1.111,172.217.11.14,0,0,0,0,0, 192.168.1.111,172.217.9.226,0,0,0,0,0, 192.168.1.111,172.217.11.51,0,0,0,0,0, 192.168.1.111,172.217.10.150,0,0,0,0,0, 192.168.1.111,172.217.11.38,0,0,0,0,0, 192.168.1.111,74.125.170.23,0,0,0,0,0, 192.168.1.111,172.217.11.45,0,0,0,0,0, 192.168.1.111,172.217.11.3,0,0,0,0,0, 192.168.1.111,172.217.11.42,0,0,0,0,0, 192.168.1.111,172.217.11.46,0,0,0,0,0, 192.168.1.111,172.217.11.10,0,0,0,0,0, 192.168.1.111,172.217.5.228,0,0,0,0,0, 192.168.1.111,172.217.11.19,0,0,0,0,0, 192.168.1.111,0,0,0,0,0,0, 192.168.1.111,0,0,0,0,0,0, 192.168.1.111,0.0.0.0,0,0,0,0,0,0,0,0,0,0,1526401973816,0.0,2058.621,0,0,0,0,0,0,0,0,0,0.0,0.0,-1
2.900000000000001,0,0,0,0, 192.168.1.111,173.194.184.41,0,0,0,0,0, 192.168.1.111,172.217.11.35,0,0,0,0,0, 192.168.1.111,172.217.10.142,0,0,0,0,0, 192.168.1.111,172.217.7.14,0,0,0,0,0, 192.168.1.111,172.217.12.174,0,0,0,0,0, 192.168.1.111,172.217.10.78,0,0,0,0,0, 192.168.1.111,74.125.155.231,0,0,0,0,0, 192.168.1.111,216.58.212.227,0,0,0,0,0, 192.168.1.111,172.217.11.33,0,0,0,0,0, 192.168.1.111,172.217.9.227,0,0,0,0,0, 192.168.1.111,172.217.11.14,0,0,0,0,0, 192.168.1.111,172.217.9.226,0,0,0,0,0, 192.168.1.111,172.217.11.51,0,0,0,0,0, 192.168.1.111,172.217.10.150,0,0,0,0,0, 192.168.1.111,172.217.11.38,0,0,0,0,0, 192.168.1.111,74.125.170.23,0,0,0,0,0, 192.168.1.111,172.217.11.45,0,0,0,0,0, 192.168.1.111,172.217.11.3,0,0,0,0,0, 192.168.1.111,172.217.11.42,0,0,0,0,0, 192.168.1.111,172.217.11.46,0,0,0,0,0, 192.168.1.111,172.217.11.10,0,0,0,0,0, 192.168.1.111,172.217.5.228,0,0,0,0,0, 192.168.1.111,172.217.11.19,0,0,0,0,0, 192.168.1.111,0,0,0,0,0,0, 192.168.1.111,0,0,0,0,0,0, 192.168.1.111,0.0.0.0,0,0,0,0,0,0,0,0,0,0,1526401973816,0.0,2058.621,0,0,0,0,0,0,0,0,0,0.0,0.0,-1
3.0000000000000013,3,0,1171,0, 192.168.1.111,173.194.184.41,0,0,0,0,0, 192.168.1.111,172.217.11.35,0,0,0,0,0, 192.168.1.111,172.217.10.142,QUIC,1,0,547,0, 192.168.1.111,172.217.7.14,0,0,0,0,0, 192.168.1.111,172.217.12.174,0,0,0,0,0, 192.168.1.111,172.217.10.78,0,0,0,0,0, 192.168.1.111,74.125.155.231,0,0,0,0,0, 192.168.1.111,216.58.212.227,0,0,0,0,0, 192.168.1.111,172.217.11.33,0,0,0,0,0, 192.168.1.111,172.217.9.227,0,0,0,0,0, 192.168.1.111,172.217.11.14,0,0,0,0,0, 192.168.1.111,172.217.9.226,QUIC,1,0,543,0, 192.168.1.111,172.217.11.51,0,0,0,0,0, 192.168.1.111,172.217.10.150,QUIC,1,0,81,0, 192.168.1.111,172.217.11.38,0,0,0,0,0, 192.168.1.111,74.125.170.23,0,0,0,0,0, 192.168.1.111,172.217.11.45,0,0,0,0,0, 192.168.1.111,172.217.11.3,0,0,0,0,0, 192.168.1.111,172.217.11.42,0,0,0,0,0, 192.168.1.111,172.217.11.46,0,0,0,0,0, 192.168.1.111,172.217.11.10,0,0,0,0,0, 192.168.1.111,172.217.5.228,0,0,0,0,0, 192.168.1.111,172.217.11.19,0,0,0,0,0, 192.168.1.111,0,0,0,0,0,0, 192.168.1.111,0,0,0,0,0,0, 192.168.1.111,0.0.0.0,0,0,0,0,0,0,0,0,0,0,1526401973816,0.0,2058.621,0,0,0,0,0,0,0,0,0,0.0,0.0,-1
13.399999999999968,11,16,1889,18310, 192.168.1.111,173.194.184.41,QUIC,8,13,639,18096, 192.168.1.111,172.217.11.35,0,0,0,0,0, 192.168.1.111,172.217.10.142,QUIC,3,3,1250,214, 192.168.1.111,172.217.7.14,0,0,0,0,0, 192.168.1.111,172.217.12.174,0,0,0,0,0, 192.168.1.111,172.217.10.78,0,0,0,0,0, 192.168.1.111,74.125.155.231,0,0,0,0,0, 192.168.1.111,216.58.212.227,0,0,0,0,0, 192.168.1.111,172.217.11.33,0,0,0,0,0, 192.168.1.111,172.217.9.227,0,0,0,0,0, 192.168.1.111,172.217.11.14,0,0,0,0,0, 192.168.1.111,172.217.9.226,0,0,0,0,0, 192.168.1.111,172.217.11.51,0,0,0,0,0, 192.168.1.111,172.217.10.150,0,0,0,0,0, 192.168.1.111,172.217.11.38,0,0,0,0,0, 192.168.1.111,74.125.170.23,0,0,0,0,0, 192.168.1.111,172.217.11.45,0,0,0,0,0, 192.168.1.111,172.217.11.3,0,0,0,0,0, 192.168.1.111,172.217.11.42,0,0,0,0,0, 192.168.1.111,172.217.11.46,0,0,0,0,0, 192.168.1.111,172.217.11.10,0,0,0,0,0, 192.168.1.111,172.217.5.228,0,0,0,0,0, 192.168.1.111,172.217.11.19,0,0,0,0,0, 192.168.1.111,0,0,0,0,0,0, 192.168.1.111,0,0,0,0,0,0, 192.168.1.111,0.0.0.0,0,0,0,0,0,0,0,1,0,1526401986358,1526401973816,0.0289270419616699,2058.621,0,0,0,0,0,0,1,0,0,1.6060729580383302,0.0007942209857958,true
1799.4999999994589,0,0,0,0, 192.168.1.111,173.194.184.41,0,0,0,0,0, 192.168.1.111,172.217.11.35,0,0,0,0,0, 192.168.1.111,172.217.10.142,0,0,0,0,0, 192.168.1.111,172.217.7.14,0,0,0,0,0, 192.168.1.111,172.217.12.174,0,0,0,0,0, 192.168.1.111,172.217.10.78,0,0,0,0,0, 192.168.1.111,74.125.155.231,0,0,0,0,0, 192.168.1.111,216.58.212.227,0,0,0,0,0, 192.168.1.111,172.217.11.33,0,0,0,0,0, 192.168.1.111,172.217.9.227,0,0,0,0,0, 192.168.1.111,172.217.11.14,0,0,0,0,0, 192.168.1.111,172.217.9.226,0,0,0,0,0, 192.168.1.111,172.217.11.51,0,0,0,0,0, 192.168.1.111,172.217.10.150,0,0,0,0,0, 192.168.1.111,172.217.11.38,0,0,0,0,0, 192.168.1.111,74.125.170.23,0,0,0,0,0, 192.168.1.111,172.217.11.45,0,0,0,0,0, 192.168.1.111,172.217.11.3,0,0,0,0,0, 192.168.1.111,172.217.11.42,0,0,0,0,0, 192.168.1.111,172.217.11.46,0,0,0,0,0, 192.168.1.111,172.217.11.10,0,0,0,0,0, 192.168.1.111,172.217.5.228,0,0,0,0,0, 192.168.1.111,172.217.11.19,0,0,0,0,0, 192.168.1.111,0,0,0,0,0,0, 192.168.1.111,0,0,0,0,0,0, 192.168.1.111,0.0.0.0,0,0,0,0,0,0,0,0,0,0,1526401973816,0.0,2058.621,0,0,0,0,0,0,0,0,0,0.0,0.0,-1
1799.5999999994588,0,0,0,0, 192.168.1.111,173.194.184.41,0,0,0,0,0, 192.168.1.111,172.217.11.35,0,0,0,0,0, 192.168.1.111,172.217.10.142,0,0,0,0,0, 192.168.1.111,172.217.7.14,0,0,0,0,0, 192.168.1.111,172.217.12.174,0,0,0,0,0, 192.168.1.111,172.217.10.78,0,0,0,0,0, 192.168.1.111,74.125.155.231,0,0,0,0,0, 192.168.1.111,216.58.212.227,0,0,0,0,0, 192.168.1.111,172.217.11.33,0,0,0,0,0, 192.168.1.111,172.217.9.227,0,0,0,0,0, 192.168.1.111,172.217.11.14,0,0,0,0,0, 192.168.1.111,172.217.9.226,0,0,0,0,0, 192.168.1.111,172.217.11.51,0,0,0,0,0, 192.168.1.111,172.217.10.150,0,0,0,0,0, 192.168.1.111,172.217.11.38,0,0,0,0,0, 192.168.1.111,74.125.170.23,0,0,0,0,0, 192.168.1.111,172.217.11.45,0,0,0,0,0, 192.168.1.111,172.217.11.3,0,0,0,0,0, 192.168.1.111,172.217.11.42,0,0,0,0,0, 192.168.1.111,172.217.11.46,0,0,0,0,0, 192.168.1.111,172.217.11.10,0,0,0,0,0, 192.168.1.111,172.217.5.228,0,0,0,0,0, 192.168.1.111,172.217.11.19,0,0,0,0,0, 192.168.1.111,0,0,0,0,0,0, 192.168.1.111,0,0,0,0,0,0, 192.168.1.111,0.0.0.0,0,0,0,0,0,0,0,0,0,0,1526401973816,0.0,2058.621,0,0,0,0,0,0,0,0,0,0.0,0.0,-1
1799.699999999459,0,0,0,0, 192.168.1.111,173.194.184.41,0,0,0,0,0, 192.168.1.111,172.217.11.35,0,0,0,0,0, 192.168.1.111,172.217.10.142,0,0,0,0,0, 192.168.1.111,172.217.7.14,0,0,0,0,0, 192.168.1.111,172.217.12.174,0,0,0,0,0, 192.168.1.111,172.217.10.78,0,0,0,0,0, 192.168.1.111,74.125.155.231,0,0,0,0,0, 192.168.1.111,216.58.212.227,0,0,0,0,0, 192.168.1.111,172.217.11.33,0,0,0,0,0, 192.168.1.111,172.217.9.227,0,0,0,0,0, 192.168.1.111,172.217.11.14,0,0,0,0,0, 192.168.1.111,172.217.9.226,0,0,0,0,0, 192.168.1.111,172.217.11.51,0,0,0,0,0, 192.168.1.111,172.217.10.150,0,0,0,0,0, 192.168.1.111,172.217.11.38,0,0,0,0,0, 192.168.1.111,74.125.170.23,0,0,0,0,0, 192.168.1.111,172.217.11.45,0,0,0,0,0, 192.168.1.111,172.217.11.3,0,0,0,0,0, 192.168.1.111,172.217.11.42,0,0,0,0,0, 192.168.1.111,172.217.11.46,0,0,0,0,0, 192.168.1.111,172.217.11.10,0,0,0,0,0, 192.168.1.111,172.217.5.228,0,0,0,0,0, 192.168.1.111,172.217.11.19,0,0,0,0,0, 192.168.1.111,0,0,0,0,0,0, 192.168.1.111,0,0,0,0,0,0, 192.168.1.111,0.0.0.0,0,0,0,0,0,0,0,0,0,0,1526401973816,0.0,2058.621,0,0,0,0,0,0,0,0,0,0.0,0.0,-1
1799.7999999994586,0,0,0,0, 192.168.1.111,173.194.184.41,0,0,0,0,0, 192.168.1.111,172.217.11.35,0,0,0,0,0, 192.168.1.111,172.217.10.142,0,0,0,0,0, 192.168.1.111,172.217.7.14,0,0,0,0,0, 192.168.1.111,172.217.12.174,0,0,0,0,0, 192.168.1.111,172.217.10.78,0,0,0,0,0, 192.168.1.111,74.125.155.231,0,0,0,0,0, 192.168.1.111,216.58.212.227,0,0,0,0,0, 192.168.1.111,172.217.11.33,0,0,0,0,0, 192.168.1.111,172.217.9.227,0,0,0,0,0, 192.168.1.111,172.217.11.14,0,0,0,0,0, 192.168.1.111,172.217.9.226,0,0,0,0,0, 192.168.1.111,172.217.11.51,0,0,0,0,0, 192.168.1.111,172.217.10.150,0,0,0,0,0, 192.168.1.111,172.217.11.38,0,0,0,0,0, 192.168.1.111,74.125.170.23,0,0,0,0,0, 192.168.1.111,172.217.11.45,0,0,0,0,0, 192.168.1.111,172.217.11.3,0,0,0,0,0, 192.168.1.111,172.217.11.42,0,0,0,0,0, 192.168.1.111,172.217.11.46,0,0,0,0,0, 192.168.1.111,172.217.11.10,0,0,0,0,0, 192.168.1.111,172.217.5.228,0,0,0,0,0, 192.168.1.111,172.217.11.19,0,0,0,0,0, 192.168.1.111,0,0,0,0,0,0, 192.168.1.111,0,0,0,0,0,0, 192.168.1.111,0.0.0.0,0,0,0,0,0,0,0,0,0,0,1526401973816,0.0,2058.621,0,0,0,0,0,0,0,0,0,0.0,0.0,-1
1799.8999999994585,0,0,0,0, 192.168.1.111,173.194.184.41,0,0,0,0,0, 192.168.1.111,172.217.11.35,0,0,0,0,0, 192.168.1.111,172.217.10.142,0,0,0,0,0, 192.168.1.111,172.217.7.14,0,0,0,0,0, 192.168.1.111,172.217.12.174,0,0,0,0,0, 192.168.1.111,172.217.10.78,0,0,0,0,0, 192.168.1.111,74.125.155.231,0,0,0,0,0, 192.168.1.111,216.58.212.227,0,0,0,0,0, 192.168.1.111,172.217.11.33,0,0,0,0,0, 192.168.1.111,172.217.9.227,0,0,0,0,0, 192.168.1.111,172.217.11.14,0,0,0,0,0, 192.168.1.111,172.217.9.226,0,0,0,0,0, 192.168.1.111,172.217.11.51,0,0,0,0,0, 192.168.1.111,172.217.10.150,0,0,0,0,0, 192.168.1.111,172.217.11.38,0,0,0,0,0, 192.168.1.111,74.125.170.23,0,0,0,0,0, 192.168.1.111,172.217.11.45,0,0,0,0,0, 192.168.1.111,172.217.11.3,0,0,0,0,0, 192.168.1.111,172.217.11.42,0,0,0,0,0, 192.168.1.111,172.217.11.46,0,0,0,0,0, 192.168.1.111,172.217.11.10,0,0,0,0,0, 192.168.1.111,172.217.5.228,0,0,0,0,0, 192.168.1.111,172.217.11.19,0,0,0,0,0, 192.168.1.111,0,0,0,0,0,0, 192.168.1.111,0,0,0,0,0,0, 192.168.1.111,0.0.0.0,0,0,0,0,0,0,0,0,0,0,1526401973816,0.0,2058.621,0,0,0,0,0,0,0,0,0,0.0,0.0,-1
1799.9999999994584,0,0,0,0, 192.168.1.111,173.194.184.41,0,0,0,0,0, 192.168.1.111,172.217.11.35,0,0,0,0,0, 192.168.1.111,172.217.10.142,0,0,0,0,0, 192.168.1.111,172.217.7.14,0,0,0,0,0, 192.168.1.111,172.217.12.174,0,0,0,0,0, 192.168.1.111,172.217.10.78,0,0,0,0,0, 192.168.1.111,74.125.155.231,0,0,0,0,0, 192.168.1.111,216.58.212.227,0,0,0,0,0, 192.168.1.111,172.217.11.33,0,0,0,0,0, 192.168.1.111,172.217.9.227,0,0,0,0,0, 192.168.1.111,172.217.11.14,0,0,0,0,0, 192.168.1.111,172.217.9.226,0,0,0,0,0, 192.168.1.111,172.217.11.51,0,0,0,0,0, 192.168.1.111,172.217.10.150,0,0,0,0,0, 192.168.1.111,172.217.11.38,0,0,0,0,0, 192.168.1.111,74.125.170.23,0,0,0,0,0, 192.168.1.111,172.217.11.45,0,0,0,0,0, 192.168.1.111,172.217.11.3,0,0,0,0,0, 192.168.1.111,172.217.11.42,0,0,0,0,0, 192.168.1.111,172.217.11.46,0,0,0,0,0, 192.168.1.111,172.217.11.10,0,0,0,0,0, 192.168.1.111,172.217.5.228,0,0,0,0,0, 192.168.1.111,172.217.11.19,0,0,0,0,0, 192.168.1.111,0,0,0,0,0,0, 192.168.1.111,0,0,0,0,0,0, 192.168.1.111,0.0.0.0,0,0,0,0,0,0,0,0,0,0,1526401973816,0.0,2058.621,0,0,0,0,0,0,0,0,0,0.0,0.0,-1
1800.0999999994583,0,0,0,0, 192.168.1.111,173.194.184.41,0,0,0,0,0, 192.168.1.111,172.217.11.35,0,0,0,0,0, 192.168.1.111,172.217.10.142,0,0,0,0,0, 192.168.1.111,172.217.7.14,0,0,0,0,0, 192.168.1.111,172.217.12.174,0,0,0,0,0, 192.168.1.111,172.217.10.78,0,0,0,0,0, 192.168.1.111,74.125.155.231,0,0,0,0,0, 192.168.1.111,216.58.212.227,0,0,0,0,0, 192.168.1.111,172.217.11.33,0,0,0,0,0, 192.168.1.111,172.217.9.227,0,0,0,0,0, 192.168.1.111,172.217.11.14,0,0,0,0,0, 192.168.1.111,172.217.9.226,0,0,0,0,0, 192.168.1.111,172.217.11.51,0,0,0,0,0, 192.168.1.111,172.217.10.150,0,0,0,0,0, 192.168.1.111,172.217.11.38,0,0,0,0,0, 192.168.1.111,74.125.170.23,0,0,0,0,0, 192.168.1.111,172.217.11.45,0,0,0,0,0, 192.168.1.111,172.217.11.3,0,0,0,0,0, 192.168.1.111,172.217.11.42,0,0,0,0,0, 192.168.1.111,172.217.11.46,0,0,0,0,0, 192.168.1.111,172.217.11.10,0,0,0,0,0, 192.168.1.111,172.217.5.228,0,0,0,0,0, 192.168.1.111,172.217.11.19,0,0,0,0,0, 192.168.1.111,0,0,0,0,0,0, 192.168.1.111,0,0,0,0,0,0, 192.168.1.111,0.0.0.0,0,0,0,0,0,0,0,0,0,0,1526401973816,0.0,2058.621,0,0,0,0,0,0,0,0,0,0.0,0.0,-1
1800.1999999994582,0,0,0,0, 192.168.1.111,173.194.184.41,0,0,0,0,0, 192.168.1.111,172.217.11.35,0,0,0,0,0, 192.168.1.111,172.217.10.142,0,0,0,0,0, 192.168.1.111,172.217.7.14,0,0,0,0,0, 192.168.1.111,172.217.12.174,0,0,0,0,0, 192.168.1.111,172.217.10.78,0,0,0,0,0, 192.168.1.111,74.125.155.231,0,0,0,0,0, 192.168.1.111,216.58.212.227,0,0,0,0,0, 192.168.1.111,172.217.11.33,0,0,0,0,0, 192.168.1.111,172.217.9.227,0,0,0,0,0, 192.168.1.111,172.217.11.14,0,0,0,0,0, 192.168.1.111,172.217.9.226,0,0,0,0,0, 192.168.1.111,172.217.11.51,0,0,0,0,0, 192.168.1.111,172.217.10.150,0,0,0,0,0, 192.168.1.111,172.217.11.38,0,0,0,0,0, 192.168.1.111,74.125.170.23,0,0,0,0,0, 192.168.1.111,172.217.11.45,0,0,0,0,0, 192.168.1.111,172.217.11.3,0,0,0,0,0, 192.168.1.111,172.217.11.42,0,0,0,0,0, 192.168.1.111,172.217.11.46,0,0,0,0,0, 192.168.1.111,172.217.11.10,0,0,0,0,0, 192.168.1.111,172.217.5.228,0,0,0,0,0, 192.168.1.111,172.217.11.19,0,0,0,0,0, 192.168.1.111,0,0,0,0,0,0, 192.168.1.111,0,0,0,0,0,0, 192.168.1.111,0.0.0.0,0,0,0,0,0,0,0,0,0,0,1526401973816,0.0,2058.621,0,0,0,0,0,0,0,0,0,0.0,0.0,-1
1800.299999999458,0,0,0,0, 192.168.1.111,173.194.184.41,0,0,0,0,0, 192.168.1.111,172.217.11.35,0,0,0,0,0, 192.168.1.111,172.217.10.142,0,0,0,0,0, 192.168.1.111,172.217.7.14,0,0,0,0,0, 192.168.1.111,172.217.12.174,0,0,0,0,0, 192.168.1.111,172.217.10.78,0,0,0,0,0, 192.168.1.111,74.125.155.231,0,0,0,0,0, 192.168.1.111,216.58.212.227,0,0,0,0,0, 192.168.1.111,172.217.11.33,0,0,0,0,0, 192.168.1.111,172.217.9.227,0,0,0,0,0, 192.168.1.111,172.217.11.14,0,0,0,0,0, 192.168.1.111,172.217.9.226,0,0,0,0,0, 192.168.1.111,172.217.11.51,0,0,0,0,0, 192.168.1.111,172.217.10.150,0,0,0,0,0, 192.168.1.111,172.217.11.38,0,0,0,0,0, 192.168.1.111,74.125.170.23,0,0,0,0,0, 192.168.1.111,172.217.11.45,0,0,0,0,0, 192.168.1.111,172.217.11.3,0,0,0,0,0, 192.168.1.111,172.217.11.42,0,0,0,0,0, 192.168.1.111,172.217.11.46,0,0,0,0,0, 192.168.1.111,172.217.11.10,0,0,0,0,0, 192.168.1.111,172.217.5.228,0,0,0,0,0, 192.168.1.111,172.217.11.19,0,0,0,0,0, 192.168.1.111,0,0,0,0,0,0, 192.168.1.111,0,0,0,0,0,0, 192.168.1.111,0.0.0.0,0,0,0,0,0,0,0,0,0,0,1526401973816,0.0,2058.621,0,0,0,0,0,0,0,0,0,0.0,0.0,-1
1800.399999999458,0,0,0,0, 192.168.1.111,173.194.184.41,0,0,0,0,0, 192.168.1.111,172.217.11.35,0,0,0,0,0, 192.168.1.111,172.217.10.142,0,0,0,0,0, 192.168.1.111,172.217.7.14,0,0,0,0,0, 192.168.1.111,172.217.12.174,0,0,0,0,0, 192.168.1.111,172.217.10.78,0,0,0,0,0, 192.168.1.111,74.125.155.231,0,0,0,0,0, 192.168.1.111,216.58.212.227,0,0,0,0,0, 192.168.1.111,172.217.11.33,0,0,0,0,0, 192.168.1.111,172.217.9.227,0,0,0,0,0, 192.168.1.111,172.217.11.14,0,0,0,0,0, 192.168.1.111,172.217.9.226,0,0,0,0,0, 192.168.1.111,172.217.11.51,0,0,0,0,0, 192.168.1.111,172.217.10.150,0,0,0,0,0, 192.168.1.111,172.217.11.38,0,0,0,0,0, 192.168.1.111,74.125.170.23,0,0,0,0,0, 192.168.1.111,172.217.11.45,0,0,0,0,0, 192.168.1.111,172.217.11.3,0,0,0,0,0, 192.168.1.111,172.217.11.42,0,0,0,0,0, 192.168.1.111,172.217.11.46,0,0,0,0,0, 192.168.1.111,172.217.11.10,0,0,0,0,0, 192.168.1.111,172.217.5.228,0,0,0,0,0, 192.168.1.111,172.217.11.19,0,0,0,0,0, 192.168.1.111,0,0,0,0,0,0, 192.168.1.111,0,0,0,0,0,0, 192.168.1.111,0.0.0.0,0,0,0,0,0,0,0,0,0,0,1526401973816,0.0,2058.621,0,0,0,0,0,0,0,0,0,0.0,0.0,-1
1800.499999999458,0,0,0,0, 192.168.1.111,173.194.184.41,0,0,0,0,0, 192.168.1.111,172.217.11.35,0,0,0,0,0, 192.168.1.111,172.217.10.142,0,0,0,0,0, 192.168.1.111,172.217.7.14,0,0,0,0,0, 192.168.1.111,172.217.12.174,0,0,0,0,0, 192.168.1.111,172.217.10.78,0,0,0,0,0, 192.168.1.111,74.125.155.231,0,0,0,0,0, 192.168.1.111,216.58.212.227,0,0,0,0,0, 192.168.1.111,172.217.11.33,0,0,0,0,0, 192.168.1.111,172.217.9.227,0,0,0,0,0, 192.168.1.111,172.217.11.14,0,0,0,0,0, 192.168.1.111,172.217.9.226,0,0,0,0,0, 192.168.1.111,172.217.11.51,0,0,0,0,0, 192.168.1.111,172.217.10.150,0,0,0,0,0, 192.168.1.111,172.217.11.38,0,0,0,0,0, 192.168.1.111,74.125.170.23,0,0,0,0,0, 192.168.1.111,172.217.11.45,0,0,0,0,0, 192.168.1.111,172.217.11.3,0,0,0,0,0, 192.168.1.111,172.217.11.42,0,0,0,0,0, 192.168.1.111,172.217.11.46,0,0,0,0,0, 192.168.1.111,172.217.11.10,0,0,0,0,0, 192.168.1.111,172.217.5.228,0,0,0,0,0, 192.168.1.111,172.217.11.19,0,0,0,0,0, 192.168.1.111,0,0,0,0,0,0, 192.168.1.111,0,0,0,0,0,0, 192.168.1.111,0.0.0.0,0,0,0,0,0,0,0,0,0,0,1526401973816,0.0,2058.621,0,0,0,0,0,0,0,0,0,0.0,0.0,-1
1800.599999999458,0,0,0,0, 192.168.1.111,173.194.184.41,0,0,0,0,0, 192.168.1.111,172.217.11.35,0,0,0,0,0, 192.168.1.111,172.217.10.142,0,0,0,0,0, 192.168.1.111,172.217.7.14,0,0,0,0,0, 192.168.1.111,172.217.12.174,0,0,0,0,0, 192.168.1.111,172.217.10.78,0,0,0,0,0, 192.168.1.111,74.125.155.231,0,0,0,0,0, 192.168.1.111,216.58.212.227,0,0,0,0,0, 192.168.1.111,172.217.11.33,0,0,0,0,0, 192.168.1.111,172.217.9.227,0,0,0,0,0, 192.168.1.111,172.217.11.14,0,0,0,0,0, 192.168.1.111,172.217.9.226,0,0,0,0,0, 192.168.1.111,172.217.11.51,0,0,0,0,0, 192.168.1.111,172.217.10.150,0,0,0,0,0, 192.168.1.111,172.217.11.38,0,0,0,0,0, 192.168.1.111,74.125.170.23,0,0,0,0,0, 192.168.1.111,172.217.11.45,0,0,0,0,0, 192.168.1.111,172.217.11.3,0,0,0,0,0, 192.168.1.111,172.217.11.42,0,0,0,0,0, 192.168.1.111,172.217.11.46,0,0,0,0,0, 192.168.1.111,172.217.11.10,0,0,0,0,0, 192.168.1.111,172.217.5.228,0,0,0,0,0, 192.168.1.111,172.217.11.19,0,0,0,0,0, 192.168.1.111,0,0,0,0,0,0, 192.168.1.111,0,0,0,0,0,0, 192.168.1.111,0.0.0.0,0,0,0,0,0,0,0,0,0,0,1526401973816,0.0,2058.621,0,0,0,0,0,0,0,0,0,0.0,0.0,-1
1800.6999999994578,0,0,0,0, 192.168.1.111,173.194.184.41,0,0,0,0,0, 192.168.1.111,172.217.11.35,0,0,0,0,0, 192.168.1.111,172.217.10.142,0,0,0,0,0, 192.168.1.111,172.217.7.14,0,0,0,0,0, 192.168.1.111,172.217.12.174,0,0,0,0,0, 192.168.1.111,172.217.10.78,0,0,0,0,0, 192.168.1.111,74.125.155.231,0,0,0,0,0, 192.168.1.111,216.58.212.227,0,0,0,0,0, 192.168.1.111,172.217.11.33,0,0,0,0,0, 192.168.1.111,172.217.9.227,0,0,0,0,0, 192.168.1.111,172.217.11.14,0,0,0,0,0, 192.168.1.111,172.217.9.226,0,0,0,0,0, 192.168.1.111,172.217.11.51,0,0,0,0,0, 192.168.1.111,172.217.10.150,0,0,0,0,0, 192.168.1.111,172.217.11.38,0,0,0,0,0, 192.168.1.111,74.125.170.23,0,0,0,0,0, 192.168.1.111,172.217.11.45,0,0,0,0,0, 192.168.1.111,172.217.11.3,0,0,0,0,0, 192.168.1.111,172.217.11.42,0,0,0,0,0, 192.168.1.111,172.217.11.46,0,0,0,0,0, 192.168.1.111,172.217.11.10,0,0,0,0,0, 192.168.1.111,172.217.5.228,0,0,0,0,0, 192.168.1.111,172.217.11.19,0,0,0,0,0, 192.168.1.111,0,0,0,0,0,0, 192.168.1.111,0,0,0,0,0,0, 192.168.1.111,0.0.0.0,0,0,0,0,0,0,0,0,0,0,1526401973816,0.0,2058.621,0,0,0,0,0,0,0,0,0,0.0,0.0,-1
1800.7999999994577,0,0,0,0, 192.168.1.111,173.194.184.41,0,0,0,0,0, 192.168.1.111,172.217.11.35,0,0,0,0,0, 192.168.1.111,172.217.10.142,0,0,0,0,0, 192.168.1.111,172.217.7.14,0,0,0,0,0, 192.168.1.111,172.217.12.174,0,0,0,0,0, 192.168.1.111,172.217.10.78,0,0,0,0,0, 192.168.1.111,74.125.155.231,0,0,0,0,0, 192.168.1.111,216.58.212.227,0,0,0,0,0, 192.168.1.111,172.217.11.33,0,0,0,0,0, 192.168.1.111,172.217.9.227,0,0,0,0,0, 192.168.1.111,172.217.11.14,0,0,0,0,0, 192.168.1.111,172.217.9.226,0,0,0,0,0, 192.168.1.111,172.217.11.51,0,0,0,0,0, 192.168.1.111,172.217.10.150,0,0,0,0,0, 192.168.1.111,172.217.11.38,0,0,0,0,0, 192.168.1.111,74.125.170.23,0,0,0,0,0, 192.168.1.111,172.217.11.45,0,0,0,0,0, 192.168.1.111,172.217.11.3,0,0,0,0,0, 192.168.1.111,172.217.11.42,0,0,0,0,0, 192.168.1.111,172.217.11.46,0,0,0,0,0, 192.168.1.111,172.217.11.10,0,0,0,0,0, 192.168.1.111,172.217.5.228,0,0,0,0,0, 192.168.1.111,172.217.11.19,0,0,0,0,0, 192.168.1.111,0,0,0,0,0,0, 192.168.1.111,0,0,0,0,0,0, 192.168.1.111,0.0.0.0,0,0,0,0,0,0,0,0,0,0,1526401973816,0.0,2058.621,0,0,0,0,0,0,0,0,0,0.0,0.0,-1
1800.8999999994576,0,0,0,0, 192.168.1.111,173.194.184.41,0,0,0,0,0, 192.168.1.111,172.217.11.35,0,0,0,0,0, 192.168.1.111,172.217.10.142,0,0,0,0,0, 192.168.1.111,172.217.7.14,0,0,0,0,0, 192.168.1.111,172.217.12.174,0,0,0,0,0, 192.168.1.111,172.217.10.78,0,0,0,0,0, 192.168.1.111,74.125.155.231,0,0,0,0,0, 192.168.1.111,216.58.212.227,0,0,0,0,0, 192.168.1.111,172.217.11.33,0,0,0,0,0, 192.168.1.111,172.217.9.227,0,0,0,0,0, 192.168.1.111,172.217.11.14,0,0,0,0,0, 192.168.1.111,172.217.9.226,0,0,0,0,0, 192.168.1.111,172.217.11.51,0,0,0,0,0, 192.168.1.111,172.217.10.150,0,0,0,0,0, 192.168.1.111,172.217.11.38,0,0,0,0,0, 192.168.1.111,74.125.170.23,0,0,0,0,0, 192.168.1.111,172.217.11.45,0,0,0,0,0, 192.168.1.111,172.217.11.3,0,0,0,0,0, 192.168.1.111,172.217.11.42,0,0,0,0,0, 192.168.1.111,172.217.11.46,0,0,0,0,0, 192.168.1.111,172.217.11.10,0,0,0,0,0, 192.168.1.111,172.217.5.228,0,0,0,0,0, 192.168.1.111,172.217.11.19,0,0,0,0,0, 192.168.1.111,0,0,0,0,0,0, 192.168.1.111,0,0,0,0,0,0, 192.168.1.111,0.0.0.0,0,0,0,0,0,0,0,0,0,0,1526401973816,0.0,2058.621,0,0,0,0,0,0,0,0,0,0.0,0.0,-1
0.0,1,0,78,0, 192.168.1.111,173.194.184.232,0,0,0,0,0, 192.168.1.111,173.194.184.41,0,0,0,0,0, 192.168.1.111,172.217.11.3,0,0,0,0,0, 192.168.1.111,172.217.10.110,0,0,0,0,0, 192.168.1.111,172.217.12.206,0,0,0,0,0, 192.168.1.111,172.217.6.206,0,0,0,0,0, 192.168.1.111,216.58.211.131,0,0,0,0,0, 192.168.1.111,216.58.212.131,0,0,0,0,0, 192.168.1.111,172.217.11.14,0,0,0,0,0, 192.168.1.111,104.237.191.1,0,0,0,0,0, 192.168.1.111,172.217.11.13,0,0,0,0,0, 192.168.1.111,216.58.212.227,0,0,0,0,0, 192.168.1.111,172.217.9.227,0,0,0,0,0, 192.168.1.111,172.217.11.42,0,0,0,0,0, 192.168.1.111,172.217.6.226,0,0,0,0,0, 192.168.1.111,172.217.13.228,0,0,0,0,0, 192.168.1.111,74.125.155.199,0,0,0,0,0, 192.168.1.111,172.217.9.230,0,0,0,0,0, 192.168.1.111,216.58.212.163,0,0,0,0,0, 192.168.1.111,172.217.11.10,0,0,0,0,0, 192.168.1.111,172.217.9.238,0,0,0,0,0, 192.168.1.111,172.217.11.35,0,0,0,0,0, 192.168.1.111,23.208.103.148,0,0,0,0,0, 192.168.1.111,172.217.11.51,TCP,1,0,78,0, 192.168.1.111,216.58.209.131,0,0,0,0,0, 192.168.1.111,0.0.0.0,0,0,0,0,0,0,0,0,0,0,1526489043309,0.0,2058.621,0,0,0,0,0,0,0,0,0,0.0,0.0,-1
0.1,10,10,5290,11360, 192.168.1.111,173.194.184.232,0,0,0,0,0, 192.168.1.111,173.194.184.41,0,0,0,0,0, 192.168.1.111,172.217.11.3,0,0,0,0,0, 192.168.1.111,172.217.10.110,QUIC,2,2,1472,2784, 192.168.1.111,172.217.12.206,0,0,0,0,0, 192.168.1.111,172.217.6.206,0,0,0,0,0, 192.168.1.111,216.58.211.131,0,0,0,0,0, 192.168.1.111,216.58.212.131,0,0,0,0,0, 192.168.1.111,172.217.11.14,0,0,0,0,0, 192.168.1.111,104.237.191.1,0,0,0,0,0, 192.168.1.111,172.217.11.13,0,0,0,0,0, 192.168.1.111,216.58.212.227,0,0,0,0,0, 192.168.1.111,172.217.9.227,0,0,0,0,0, 192.168.1.111,172.217.11.42,0,0,0,0,0, 192.168.1.111,172.217.6.226,0,0,0,0,0, 192.168.1.111,172.217.13.228,0,0,0,0,0, 192.168.1.111,74.125.155.199,0,0,0,0,0, 192.168.1.111,172.217.9.230,0,0,0,0,0, 192.168.1.111,216.58.212.163,0,0,0,0,0, 192.168.1.111,172.217.11.10,QUIC,2,2,1472,2784, 192.168.1.111,172.217.9.238,QUIC,2,2,1472,2784, 192.168.1.111,172.217.11.35,0,0,0,0,0, 192.168.1.111,23.208.103.148,0,0,0,0,0, 192.168.1.111,172.217.11.51,TLSv1.2,4,4,874,3008, 192.168.1.111,216.58.209.131,0,0,0,0,0, 192.168.1.111,0.0.0.0,0,0,0,0,0,0,0,0,0,0,1526489043309,0.0,2058.621,0,0,0,0,0,0,0,0,0,0.0,0.0,-1
0.2,12,9,4950,4725, 192.168.1.111,173.194.184.232,0,0,0,0,0, 192.168.1.111,173.194.184.41,0,0,0,0,0, 192.168.1.111,172.217.11.3,0,0,0,0,0, 192.168.1.111,172.217.10.110,QUIC,3,2,1553,1465, 192.168.1.111,172.217.12.206,0,0,0,0,0, 192.168.1.111,172.217.6.206,0,0,0,0,0, 192.168.1.111,216.58.211.131,0,0,0,0,0, 192.168.1.111,216.58.212.131,0,0,0,0,0, 192.168.1.111,172.217.11.14,0,0,0,0,0, 192.168.1.111,104.237.191.1,0,0,0,0,0, 192.168.1.111,172.217.11.13,0,0,0,0,0, 192.168.1.111,216.58.212.227,0,0,0,0,0, 192.168.1.111,172.217.9.227,0,0,0,0,0, 192.168.1.111,172.217.11.42,0,0,0,0,0, 192.168.1.111,172.217.6.226,0,0,0,0,0, 192.168.1.111,172.217.13.228,0,0,0,0,0, 192.168.1.111,74.125.155.199,0,0,0,0,0, 192.168.1.111,172.217.9.230,0,0,0,0,0, 192.168.1.111,216.58.212.163,0,0,0,0,0, 192.168.1.111,172.217.11.10,QUIC,3,2,1553,1465, 192.168.1.111,172.217.9.238,QUIC,3,2,1553,1465, 192.168.1.111,172.217.11.35,0,0,0,0,0, 192.168.1.111,23.208.103.148,0,0,0,0,0, 192.168.1.111,172.217.11.51,TCP,3,3,291,330, 192.168.1.111,216.58.209.131,0,0,0,0,0, 192.168.1.111,0.0.0.0,0,0,0,0,0,0,0,0,0,0,1526489043309,0.0,2058.621,0,0,0,0,0,0,0,0,0,0.0,0.0,-1
0.3,1,3,217,216, 192.168.1.111,173.194.184.232,0,0,0,0,0, 192.168.1.111,173.194.184.41,0,0,0,0,0, 192.168.1.111,172.217.11.3,0,0,0,0,0, 192.168.1.111,172.217.10.110,QUIC,0,1,0,72, 192.168.1.111,172.217.12.206,0,0,0,0,0, 192.168.1.111,172.217.6.206,0,0,0,0,0, 192.168.1.111,216.58.211.131,0,0,0,0,0, 192.168.1.111,216.58.212.131,0,0,0,0,0, 192.168.1.111,172.217.11.14,0,0,0,0,0, 192.168.1.111,104.237.191.1,0,0,0,0,0, 192.168.1.111,172.217.11.13,0,0,0,0,0, 192.168.1.111,216.58.212.227,0,0,0,0,0, 192.168.1.111,172.217.9.227,0,0,0,0,0, 192.168.1.111,172.217.11.42,0,0,0,0,0, 192.168.1.111,172.217.6.226,0,0,0,0,0, 192.168.1.111,172.217.13.228,0,0,0,0,0, 192.168.1.111,74.125.155.199,0,0,0,0,0, 192.168.1.111,172.217.9.230,0,0,0,0,0, 192.168.1.111,216.58.212.163,0,0,0,0,0, 192.168.1.111,172.217.11.10,QUIC,0,1,0,72, 192.168.1.111,172.217.9.238,QUIC,0,1,0,72, 192.168.1.111,172.217.11.35,0,0,0,0,0, 192.168.1.111,23.208.103.148,0,0,0,0,0, 192.168.1.111,172.217.11.51,0,0,0,0,0, 192.168.1.111,216.58.209.131,0,0,0,0,0, 192.168.1.111,0.0.0.0,0,1,0,217,0,0,0,0,0,0,1526489043309,0.0,2058.621,0,0,0,0,0,0,0,0,0,0.0,0.0,-1
0.4,0,0,0,0, 192.168.1.111,173.194.184.232,0,0,0,0,0, 192.168.1.111,173.194.184.41,0,0,0,0,0, 192.168.1.111,172.217.11.3,0,0,0,0,0, 192.168.1.111,172.217.10.110,0,0,0,0,0, 192.168.1.111,172.217.12.206,0,0,0,0,0, 192.168.1.111,172.217.6.206,0,0,0,0,0, 192.168.1.111,216.58.211.131,0,0,0,0,0, 192.168.1.111,216.58.212.131,0,0,0,0,0, 192.168.1.111,172.217.11.14,0,0,0,0,0, 192.168.1.111,104.237.191.1,0,0,0,0,0, 192.168.1.111,172.217.11.13,0,0,0,0,0, 192.168.1.111,216.58.212.227,0,0,0,0,0, 192.168.1.111,172.217.9.227,0,0,0,0,0, 192.168.1.111,172.217.11.42,0,0,0,0,0, 192.168.1.111,172.217.6.226,0,0,0,0,0, 192.168.1.111,172.217.13.228,0,0,0,0,0, 192.168.1.111,74.125.155.199,0,0,0,0,0, 192.168.1.111,172.217.9.230,0,0,0,0,0, 192.168.1.111,216.58.212.163,0,0,0,0,0, 192.168.1.111,172.217.11.10,0,0,0,0,0, 192.168.1.111,172.217.9.238,0,0,0,0,0, 192.168.1.111,172.217.11.35,0,0,0,0,0, 192.168.1.111,23.208.103.148,0,0,0,0,0, 192.168.1.111,172.217.11.51,0,0,0,0,0, 192.168.1.111,216.58.209.131,0,0,0,0,0, 192.168.1.111,0.0.0.0,0,0,0,0,0,0,0,0,0,0,1526489043309,0.0,2058.621,0,0,0,0,0,0,0,0,0,0.0,0.0,-1
0.5,0,0,0,0, 192.168.1.111,173.194.184.232,0,0,0,0,0, 192.168.1.111,173.194.184.41,0,0,0,0,0, 192.168.1.111,172.217.11.3,0,0,0,0,0, 192.168.1.111,172.217.10.110,0,0,0,0,0, 192.168.1.111,172.217.12.206,0,0,0,0,0, 192.168.1.111,172.217.6.206,0,0,0,0,0, 192.168.1.111,216.58.211.131,0,0,0,0,0, 192.168.1.111,216.58.212.131,0,0,0,0,0, 192.168.1.111,172.217.11.14,0,0,0,0,0, 192.168.1.111,104.237.191.1,0,0,0,0,0, 192.168.1.111,172.217.11.13,0,0,0,0,0, 192.168.1.111,216.58.212.227,0,0,0,0,0, 192.168.1.111,172.217.9.227,0,0,0,0,0, 192.168.1.111,172.217.11.42,0,0,0,0,0, 192.168.1.111,172.217.6.226,0,0,0,0,0, 192.168.1.111,172.217.13.228,0,0,0,0,0, 192.168.1.111,74.125.155.199,0,0,0,0,0, 192.168.1.111,172.217.9.230,0,0,0,0,0, 192.168.1.111,216.58.212.163,0,0,0,0,0, 192.168.1.111,172.217.11.10,0,0,0,0,0, 192.168.1.111,172.217.9.238,0,0,0,0,0, 192.168.1.111,172.217.11.35,0,0,0,0,0, 192.168.1.111,23.208.103.148,0,0,0,0,0, 192.168.1.111,172.217.11.51,0,0,0,0,0, 192.168.1.111,216.58.209.131,0,0,0,0,0, 192.168.1.111,0.0.0.0,0,0,0,0,0,0,0,0,0,0,1526489043309,0.0,2058.621,0,0,0,0,0,0,0,0,0,0.0,0.0,-1
0.6,0,0,0,0, 192.168.1.111,173.194.184.232,0,0,0,0,0, 192.168.1.111,173.194.184.41,0,0,0,0,0, 192.168.1.111,172.217.11.3,0,0,0,0,0, 192.168.1.111,172.217.10.110,0,0,0,0,0, 192.168.1.111,172.217.12.206,0,0,0,0,0, 192.168.1.111,172.217.6.206,0,0,0,0,0, 192.168.1.111,216.58.211.131,0,0,0,0,0, 192.168.1.111,216.58.212.131,0,0,0,0,0, 192.168.1.111,172.217.11.14,0,0,0,0,0, 192.168.1.111,104.237.191.1,0,0,0,0,0, 192.168.1.111,172.217.11.13,0,0,0,0,0, 192.168.1.111,216.58.212.227,0,0,0,0,0, 192.168.1.111,172.217.9.227,0,0,0,0,0, 192.168.1.111,172.217.11.42,0,0,0,0,0, 192.168.1.111,172.217.6.226,0,0,0,0,0, 192.168.1.111,172.217.13.228,0,0,0,0,0, 192.168.1.111,74.125.155.199,0,0,0,0,0, 192.168.1.111,172.217.9.230,0,0,0,0,0, 192.168.1.111,216.58.212.163,0,0,0,0,0, 192.168.1.111,172.217.11.10,0,0,0,0,0, 192.168.1.111,172.217.9.238,0,0,0,0,0, 192.168.1.111,172.217.11.35,0,0,0,0,0, 192.168.1.111,23.208.103.148,0,0,0,0,0, 192.168.1.111,172.217.11.51,0,0,0,0,0, 192.168.1.111,216.58.209.131,0,0,0,0,0, 192.168.1.111,0.0.0.0,0,0,0,0,0,0,0,0,0,0,1526489043309,0.0,2058.621,0,0,0,0,0,0,0,0,0,0.0,0.0,-1
0.7,2,1,1471,95, 192.168.1.111,173.194.184.232,0,0,0,0,0, 192.168.1.111,173.194.184.41,0,0,0,0,0, 192.168.1.111,172.217.11.3,0,0,0,0,0, 192.168.1.111,172.217.10.110,0,0,0,0,0, 192.168.1.111,172.217.12.206,0,0,0,0,0, 192.168.1.111,172.217.6.206,0,0,0,0,0, 192.168.1.111,216.58.211.131,0,0,0,0,0, 192.168.1.111,216.58.212.131,0,0,0,0,0, 192.168.1.111,172.217.11.14,0,0,0,0,0, 192.168.1.111,104.237.191.1,0,0,0,0,0, 192.168.1.111,172.217.11.13,QUIC,1,0,1392,0, 192.168.1.111,216.58.212.227,0,0,0,0,0, 192.168.1.111,172.217.9.227,0,0,0,0,0, 192.168.1.111,172.217.11.42,0,0,0,0,0, 192.168.1.111,172.217.6.226,0,0,0,0,0, 192.168.1.111,172.217.13.228,0,0,0,0,0, 192.168.1.111,74.125.155.199,0,0,0,0,0, 192.168.1.111,172.217.9.230,0,0,0,0,0, 192.168.1.111,216.58.212.163,0,0,0,0,0, 192.168.1.111,172.217.11.10,0,0,0,0,0, 192.168.1.111,172.217.9.238,0,0,0,0,0, 192.168.1.111,172.217.11.35,0,0,0,0,0, 192.168.1.111,23.208.103.148,0,0,0,0,0, 192.168.1.111,172.217.11.51,0,0,0,0,0, 192.168.1.111,216.58.209.131,0,0,0,0,0, 192.168.1.111,0.0.0.0,0,1,1,79,95,0,0,0,0,0,1526489043309,0.0,2058.621,0,0,0,0,0,0,0,0,0,0.0,0.0,-1
0.7999999999999999,15,15,5573,9482, 192.168.1.111,173.194.184.232,0,0,0,0,0, 192.168.1.111,173.194.184.41,0,0,0,0,0, 192.168.1.111,172.217.11.3,0,0,0,0,0, 192.168.1.111,172.217.10.110,0,0,0,0,0, 192.168.1.111,172.217.12.206,0,0,0,0,0, 192.168.1.111,172.217.6.206,0,0,0,0,0, 192.168.1.111,216.58.211.131,0,0,0,0,0, 192.168.1.111,216.58.212.131,0,0,0,0,0, 192.168.1.111,172.217.11.14,0,0,0,0,0, 192.168.1.111,104.237.191.1,0,0,0,0,0, 192.168.1.111,172.217.11.13,QUIC,15,15,5573,9482, 192.168.1.111,216.58.212.227,0,0,0,0,0, 192.168.1.111,172.217.9.227,0,0,0,0,0, 192.168.1.111,172.217.11.42,0,0,0,0,0, 192.168.1.111,172.217.6.226,0,0,0,0,0, 192.168.1.111,172.217.13.228,0,0,0,0,0, 192.168.1.111,74.125.155.199,0,0,0,0,0, 192.168.1.111,172.217.9.230,0,0,0,0,0, 192.168.1.111,216.58.212.163,0,0,0,0,0, 192.168.1.111,172.217.11.10,0,0,0,0,0, 192.168.1.111,172.217.9.238,0,0,0,0,0, 192.168.1.111,172.217.11.35,0,0,0,0,0, 192.168.1.111,23.208.103.148,0,0,0,0,0, 192.168.1.111,172.217.11.51,0,0,0,0,0, 192.168.1.111,216.58.209.131,0,0,0,0,0, 192.168.1.111,0.0.0.0,0,0,0,0,0,0,0,0,0,0,1526489043309,0.0,2058.621,0,0,0,0,0,0,0,0,0,0.0,0.0,-1
0.8999999999999999,1,0,77,0, 192.168.1.111,173.194.184.232,0,0,0,0,0, 192.168.1.111,173.194.184.41,0,0,0,0,0, 192.168.1.111,172.217.11.3,0,0,0,0,0, 192.168.1.111,172.217.10.110,0,0,0,0,0, 192.168.1.111,172.217.12.206,0,0,0,0,0, 192.168.1.111,172.217.6.206,0,0,0,0,0, 192.168.1.111,216.58.211.131,0,0,0,0,0, 192.168.1.111,216.58.212.131,0,0,0,0,0, 192.168.1.111,172.217.11.14,0,0,0,0,0, 192.168.1.111,104.237.191.1,0,0,0,0,0, 192.168.1.111,172.217.11.13,QUIC,1,0,77,0, 192.168.1.111,216.58.212.227,0,0,0,0,0, 192.168.1.111,172.217.9.227,0,0,0,0,0, 192.168.1.111,172.217.11.42,0,0,0,0,0, 192.168.1.111,172.217.6.226,0,0,0,0,0, 192.168.1.111,172.217.13.228,0,0,0,0,0, 192.168.1.111,74.125.155.199,0,0,0,0,0, 192.168.1.111,172.217.9.230,0,0,0,0,0, 192.168.1.111,216.58.212.163,0,0,0,0,0, 192.168.1.111,172.217.11.10,0,0,0,0,0, 192.168.1.111,172.217.9.238,0,0,0,0,0, 192.168.1.111,172.217.11.35,0,0,0,0,0, 192.168.1.111,23.208.103.148,0,0,0,0,0, 192.168.1.111,172.217.11.51,0,0,0,0,0, 192.168.1.111,216.58.209.131,0,0,0,0,0, 192.168.1.111,0.0.0.0,0,0,0,0,0,0,0,0,0,0,1526489043309,0.0,2058.621,0,0,0,0,0,0,0,0,0,0.0,0.0,-1
1.0,2,1,918,1143, 192.168.1.111,173.194.184.232,0,0,0,0,0, 192.168.1.111,173.194.184.41,0,0,0,0,0, 192.168.1.111,172.217.11.3,0,0,0,0,0, 192.168.1.111,172.217.10.110,QUIC,2,1,918,1143, 192.168.1.111,172.217.12.206,0,0,0,0,0, 192.168.1.111,172.217.6.206,0,0,0,0,0, 192.168.1.111,216.58.211.131,0,0,0,0,0, 192.168.1.111,216.58.212.131,0,0,0,0,0, 192.168.1.111,172.217.11.14,0,0,0,0,0, 192.168.1.111,104.237.191.1,0,0,0,0,0, 192.168.1.111,172.217.11.13,0,0,0,0,0, 192.168.1.111,216.58.212.227,0,0,0,0,0, 192.168.1.111,172.217.9.227,0,0,0,0,0, 192.168.1.111,172.217.11.42,0,0,0,0,0, 192.168.1.111,172.217.6.226,0,0,0,0,0, 192.168.1.111,172.217.13.228,0,0,0,0,0, 192.168.1.111,74.125.155.199,0,0,0,0,0, 192.168.1.111,172.217.9.230,0,0,0,0,0, 192.168.1.111,216.58.212.163,0,0,0,0,0, 192.168.1.111,172.217.11.10,0,0,0,0,0, 192.168.1.111,172.217.9.238,0,0,0,0,0, 192.168.1.111,172.217.11.35,0,0,0,0,0, 192.168.1.111,23.208.103.148,0,0,0,0,0, 192.168.1.111,172.217.11.51,0,0,0,0,0, 192.168.1.111,216.58.209.131,0,0,0,0,0, 192.168.1.111,0.0.0.0,0,0,0,0,0,0,0,0,0,0,1526489043309,0.0,2058.621,0,0,0,0,0,0,0,0,0,0.0,0.0,-1
1.1,6,6,3102,4450, 192.168.1.111,173.194.184.232,0,0,0,0,0, 192.168.1.111,173.194.184.41,0,0,0,0,0, 192.168.1.111,172.217.11.3,0,0,0,0,0, 192.168.1.111,172.217.10.110,0,0,0,0,0, 192.168.1.111,172.217.12.206,0,0,0,0,0, 192.168.1.111,172.217.6.206,0,0,0,0,0, 192.168.1.111,216.58.211.131,0,0,0,0,0, 192.168.1.111,216.58.212.131,0,0,0,0,0, 192.168.1.111,172.217.11.14,0,0,0,0,0, 192.168.1.111,104.237.191.1,0,0,0,0,0, 192.168.1.111,172.217.11.13,0,0,0,0,0, 192.168.1.111,216.58.212.227,0,0,0,0,0, 192.168.1.111,172.217.9.227,0,0,0,0,0, 192.168.1.111,172.217.11.42,0,0,0,0,0, 192.168.1.111,172.217.6.226,0,0,0,0,0, 192.168.1.111,172.217.13.228,0,0,0,0,0, 192.168.1.111,74.125.155.199,0,0,0,0,0, 192.168.1.111,172.217.9.230,0,0,0,0,0, 192.168.1.111,216.58.212.163,0,0,0,0,0, 192.168.1.111,172.217.11.10,0,0,0,0,0, 192.168.1.111,172.217.9.238,0,0,0,0,0, 192.168.1.111,172.217.11.35,QUIC,5,5,3025,4321, 192.168.1.111,23.208.103.148,0,0,0,0,0, 192.168.1.111,172.217.11.51,0,0,0,0,0, 192.168.1.111,216.58.209.131,0,0,0,0,0, 192.168.1.111,0.0.0.0,0,1,1,77,129,0,0,0,0,0,1526489043309,0.0,2058.621,0,0,0,0,0,0,0,0,0,0.0,0.0,-1
1.2,0,0,0,0, 192.168.1.111,173.194.184.232,0,0,0,0,0, 192.168.1.111,173.194.184.41,0,0,0,0,0, 192.168.1.111,172.217.11.3,0,0,0,0,0, 192.168.1.111,172.217.10.110,0,0,0,0,0, 192.168.1.111,172.217.12.206,0,0,0,0,0, 192.168.1.111,172.217.6.206,0,0,0,0,0, 192.168.1.111,216.58.211.131,0,0,0,0,0, 192.168.1.111,216.58.212.131,0,0,0,0,0, 192.168.1.111,172.217.11.14,0,0,0,0,0, 192.168.1.111,104.237.191.1,0,0,0,0,0, 192.168.1.111,172.217.11.13,0,0,0,0,0, 192.168.1.111,216.58.212.227,0,0,0,0,0, 192.168.1.111,172.217.9.227,0,0,0,0,0, 192.168.1.111,172.217.11.42,0,0,0,0,0, 192.168.1.111,172.217.6.226,0,0,0,0,0, 192.168.1.111,172.217.13.228,0,0,0,0,0, 192.168.1.111,74.125.155.199,0,0,0,0,0, 192.168.1.111,172.217.9.230,0,0,0,0,0, 192.168.1.111,216.58.212.163,0,0,0,0,0, 192.168.1.111,172.217.11.10,0,0,0,0,0, 192.168.1.111,172.217.9.238,0,0,0,0,0, 192.168.1.111,172.217.11.35,0,0,0,0,0, 192.168.1.111,23.208.103.148,0,0,0,0,0, 192.168.1.111,172.217.11.51,0,0,0,0,0, 192.168.1.111,216.58.209.131,0,0,0,0,0, 192.168.1.111,0.0.0.0,0,0,0,0,0,0,0,0,0,0,1526489043309,0.0,2058.621,0,0,0,0,0,0,0,0,0,0.0,0.0,-1
1.3,1,0,217,0, 192.168.1.111,173.194.184.232,0,0,0,0,0, 192.168.1.111,173.194.184.41,0,0,0,0,0, 192.168.1.111,172.217.11.3,0,0,0,0,0, 192.168.1.111,172.217.10.110,0,0,0,0,0, 192.168.1.111,172.217.12.206,0,0,0,0,0, 192.168.1.111,172.217.6.206,0,0,0,0,0, 192.168.1.111,216.58.211.131,0,0,0,0,0, 192.168.1.111,216.58.212.131,0,0,0,0,0, 192.168.1.111,172.217.11.14,0,0,0,0,0, 192.168.1.111,104.237.191.1,0,0,0,0,0, 192.168.1.111,172.217.11.13,0,0,0,0,0, 192.168.1.111,216.58.212.227,0,0,0,0,0, 192.168.1.111,172.217.9.227,0,0,0,0,0, 192.168.1.111,172.217.11.42,0,0,0,0,0, 192.168.1.111,172.217.6.226,0,0,0,0,0, 192.168.1.111,172.217.13.228,0,0,0,0,0, 192.168.1.111,74.125.155.199,0,0,0,0,0, 192.168.1.111,172.217.9.230,0,0,0,0,0, 192.168.1.111,216.58.212.163,0,0,0,0,0, 192.168.1.111,172.217.11.10,0,0,0,0,0, 192.168.1.111,172.217.9.238,0,0,0,0,0, 192.168.1.111,172.217.11.35,0,0,0,0,0, 192.168.1.111,23.208.103.148,0,0,0,0,0, 192.168.1.111,172.217.11.51,0,0,0,0,0, 192.168.1.111,216.58.209.131,0,0,0,0,0, 192.168.1.111,0.0.0.0,0,1,0,217,0,0,0,0,0,0,1526489043309,0.0,2058.621,0,0,0,0,0,0,0,0,0,0.0,0.0,-1
1.4,4,1,4268,137, 192.168.1.111,173.194.184.232,0,0,0,0,0, 192.168.1.111,173.194.184.41,0,0,0,0,0, 192.168.1.111,172.217.11.3,0,0,0,0,0, 192.168.1.111,172.217.10.110,0,0,0,0,0, 192.168.1.111,172.217.12.206,0,0,0,0,0, 192.168.1.111,172.217.6.206,0,0,0,0,0, 192.168.1.111,216.58.211.131,0,0,0,0,0, 192.168.1.111,216.58.212.131,0,0,0,0,0, 192.168.1.111,172.217.11.14,0,0,0,0,0, 192.168.1.111,104.237.191.1,0,0,0,0,0, 192.168.1.111,172.217.11.13,0,0,0,0,0, 192.168.1.111,216.58.212.227,0,0,0,0,0, 192.168.1.111,172.217.9.227,0,0,0,0,0, 192.168.1.111,172.217.11.42,0,0,0,0,0, 192.168.1.111,172.217.6.226,QUIC,1,0,1392,0, 192.168.1.111,172.217.13.228,QUIC,1,0,1392,0, 192.168.1.111,74.125.155.199,0,0,0,0,0, 192.168.1.111,172.217.9.230,QUIC,1,0,1392,0, 192.168.1.111,216.58.212.163,0,0,0,0,0, 192.168.1.111,172.217.11.10,0,0,0,0,0, 192.168.1.111,172.217.9.238,0,0,0,0,0, 192.168.1.111,172.217.11.35,0,0,0,0,0, 192.168.1.111,23.208.103.148,0,0,0,0,0, 192.168.1.111,172.217.11.51,0,0,0,0,0, 192.168.1.111,216.58.209.131,0,0,0,0,0, 192.168.1.111,0.0.0.0,0,1,1,92,137,0,0,0,0,0,1526489043309,0.0,2058.621,0,0,0,0,0,0,0,0,0,0.0,0.0,-1
1.5000000000000002,25,31,8730,33921, 192.168.1.111,173.194.184.232,0,0,0,0,0, 192.168.1.111,173.194.184.41,0,0,0,0,0, 192.168.1.111,172.217.11.3,0,0,0,0,0, 192.168.1.111,172.217.10.110,QUIC,6,11,642,13992, 192.168.1.111,172.217.12.206,0,0,0,0,0, 192.168.1.111,172.217.6.206,0,0,0,0,0, 192.168.1.111,216.58.211.131,0,0,0,0,0, 192.168.1.111,216.58.212.131,0,0,0,0,0, 192.168.1.111,172.217.11.14,0,0,0,0,0, 192.168.1.111,104.237.191.1,0,0,0,0,0, 192.168.1.111,172.217.11.13,0,0,0,0,0, 192.168.1.111,216.58.212.227,0,0,0,0,0, 192.168.1.111,172.217.9.227,0,0,0,0,0, 192.168.1.111,172.217.11.42,0,0,0,0,0, 192.168.1.111,172.217.6.226,QUIC,5,5,1710,4321, 192.168.1.111,172.217.13.228,QUIC,5,4,1707,4249, 192.168.1.111,74.125.155.199,QUIC,5,7,3038,7110, 192.168.1.111,172.217.9.230,QUIC,4,4,1633,4249, 192.168.1.111,216.58.212.163,0,0,0,0,0, 192.168.1.111,172.217.11.10,0,0,0,0,0, 192.168.1.111,172.217.9.238,0,0,0,0,0, 192.168.1.111,172.217.11.35,0,0,0,0,0, 192.168.1.111,23.208.103.148,0,0,0,0,0, 192.168.1.111,172.217.11.51,0,0,0,0,0, 192.168.1.111,216.58.209.131,0,0,0,0,0, 192.168.1.111,0.0.0.0,0,0,0,0,0,0,0,0,0,0,1526489043309,0.0,2058.621,0,0,0,0,0,0,0,0,0,0.0,0.0,-1
1.6000000000000003,3,8,237,2675, 192.168.1.111,173.194.184.232,0,0,0,0,0, 192.168.1.111,173.194.184.41,0,0,0,0,0, 192.168.1.111,172.217.11.3,0,0,0,0,0, 192.168.1.111,172.217.10.110,QUIC,3,5,237,2462, 192.168.1.111,172.217.12.206,0,0,0,0,0, 192.168.1.111,172.217.6.206,0,0,0,0,0, 192.168.1.111,216.58.211.131,0,0,0,0,0, 192.168.1.111,216.58.212.131,0,0,0,0,0, 192.168.1.111,172.217.11.14,0,0,0,0,0, 192.168.1.111,104.237.191.1,0,0,0,0,0, 192.168.1.111,172.217.11.13,0,0,0,0,0, 192.168.1.111,216.58.212.227,0,0,0,0,0, 192.168.1.111,172.217.9.227,0,0,0,0,0, 192.168.1.111,172.217.11.42,0,0,0,0,0, 192.168.1.111,172.217.6.226,0,0,0,0,0, 192.168.1.111,172.217.13.228,QUIC,0,1,0,72, 192.168.1.111,74.125.155.199,QUIC,0,1,0,69, 192.168.1.111,172.217.9.230,QUIC,0,1,0,72, 192.168.1.111,216.58.212.163,0,0,0,0,0, 192.168.1.111,172.217.11.10,0,0,0,0,0, 192.168.1.111,172.217.9.238,0,0,0,0,0, 192.168.1.111,172.217.11.35,0,0,0,0,0, 192.168.1.111,23.208.103.148,0,0,0,0,0, 192.168.1.111,172.217.11.51,0,0,0,0,0, 192.168.1.111,216.58.209.131,0,0,0,0,0, 192.168.1.111,0.0.0.0,0,0,0,0,0,0,0,0,0,0,1526489043309,0.0,2058.621,0,0,0,0,0,0,0,0,0,0.0,0.0,-1
1.7000000000000004,0,0,0,0, 192.168.1.111,173.194.184.232,0,0,0,0,0, 192.168.1.111,173.194.184.41,0,0,0,0,0, 192.168.1.111,172.217.11.3,0,0,0,0,0, 192.168.1.111,172.217.10.110,0,0,0,0,0, 192.168.1.111,172.217.12.206,0,0,0,0,0, 192.168.1.111,172.217.6.206,0,0,0,0,0, 192.168.1.111,216.58.211.131,0,0,0,0,0, 192.168.1.111,216.58.212.131,0,0,0,0,0, 192.168.1.111,172.217.11.14,0,0,0,0,0, 192.168.1.111,104.237.191.1,0,0,0,0,0, 192.168.1.111,172.217.11.13,0,0,0,0,0, 192.168.1.111,216.58.212.227,0,0,0,0,0, 192.168.1.111,172.217.9.227,0,0,0,0,0, 192.168.1.111,172.217.11.42,0,0,0,0,0, 192.168.1.111,172.217.6.226,0,0,0,0,0, 192.168.1.111,172.217.13.228,0,0,0,0,0, 192.168.1.111,74.125.155.199,0,0,0,0,0, 192.168.1.111,172.217.9.230,0,0,0,0,0, 192.168.1.111,216.58.212.163,0,0,0,0,0, 192.168.1.111,172.217.11.10,0,0,0,0,0, 192.168.1.111,172.217.9.238,0,0,0,0,0, 192.168.1.111,172.217.11.35,0,0,0,0,0, 192.168.1.111,23.208.103.148,0,0,0,0,0, 192.168.1.111,172.217.11.51,0,0,0,0,0, 192.168.1.111,216.58.209.131,0,0,0,0,0, 192.168.1.111,0.0.0.0,0,0,0,0,0,0,0,0,0,0,1526489043309,0.0,2058.621,0,0,0,0,0,0,0,0,0,0.0,0.0,-1
1.8000000000000005,2,0,1090,0, 192.168.1.111,173.194.184.232,0,0,0,0,0, 192.168.1.111,173.194.184.41,0,0,0,0,0, 192.168.1.111,172.217.11.3,0,0,0,0,0, 192.168.1.111,172.217.10.110,0,0,0,0,0, 192.168.1.111,172.217.12.206,0,0,0,0,0, 192.168.1.111,172.217.6.206,0,0,0,0,0, 192.168.1.111,216.58.211.131,0,0,0,0,0, 192.168.1.111,216.58.212.131,0,0,0,0,0, 192.168.1.111,172.217.11.14,0,0,0,0,0, 192.168.1.111,104.237.191.1,0,0,0,0,0, 192.168.1.111,172.217.11.13,0,0,0,0,0, 192.168.1.111,216.58.212.227,0,0,0,0,0, 192.168.1.111,172.217.9.227,0,0,0,0,0, 192.168.1.111,172.217.11.42,0,0,0,0,0, 192.168.1.111,172.217.6.226,QUIC,1,0,543,0, 192.168.1.111,172.217.13.228,0,0,0,0,0, 192.168.1.111,74.125.155.199,0,0,0,0,0, 192.168.1.111,172.217.9.230,QUIC,1,0,547,0, 192.168.1.111,216.58.212.163,0,0,0,0,0, 192.168.1.111,172.217.11.10,0,0,0,0,0, 192.168.1.111,172.217.9.238,0,0,0,0,0, 192.168.1.111,172.217.11.35,0,0,0,0,0, 192.168.1.111,23.208.103.148,0,0,0,0,0, 192.168.1.111,172.217.11.51,0,0,0,0,0, 192.168.1.111,216.58.209.131,0,0,0,0,0, 192.168.1.111,0.0.0.0,0,0,0,0,0,0,0,0,0,0,1526489043309,0.0,2058.621,0,0,0,0,0,0,0,0,0,0.0,0.0,-1
1.9000000000000008,1,1,80,243, 192.168.1.111,173.194.184.232,0,0,0,0,0, 192.168.1.111,173.194.184.41,0,0,0,0,0, 192.168.1.111,172.217.11.3,0,0,0,0,0, 192.168.1.111,172.217.10.110,0,0,0,0,0, 192.168.1.111,172.217.12.206,0,0,0,0,0, 192.168.1.111,172.217.6.206,0,0,0,0,0, 192.168.1.111,216.58.211.131,0,0,0,0,0, 192.168.1.111,216.58.212.131,0,0,0,0,0, 192.168.1.111,172.217.11.14,0,0,0,0,0, 192.168.1.111,104.237.191.1,0,0,0,0,0, 192.168.1.111,172.217.11.13,0,0,0,0,0, 192.168.1.111,216.58.212.227,0,0,0,0,0, 192.168.1.111,172.217.9.227,0,0,0,0,0, 192.168.1.111,172.217.11.42,0,0,0,0,0, 192.168.1.111,172.217.6.226,0,0,0,0,0, 192.168.1.111,172.217.13.228,0,0,0,0,0, 192.168.1.111,74.125.155.199,0,0,0,0,0, 192.168.1.111,172.217.9.230,QUIC,1,1,80,243, 192.168.1.111,216.58.212.163,0,0,0,0,0, 192.168.1.111,172.217.11.10,0,0,0,0,0, 192.168.1.111,172.217.9.238,0,0,0,0,0, 192.168.1.111,172.217.11.35,0,0,0,0,0, 192.168.1.111,23.208.103.148,0,0,0,0,0, 192.168.1.111,172.217.11.51,0,0,0,0,0, 192.168.1.111,216.58.209.131,0,0,0,0,0, 192.168.1.111,0.0.0.0,0,0,0,0,0,0,0,0,0,0,1526489043309,0.0,2058.621,0,0,0,0,0,0,0,0,0,0.0,0.0,-1
2.0000000000000004,4,0,2180,0, 192.168.1.111,173.194.184.232,0,0,0,0,0, 192.168.1.111,173.194.184.41,0,0,0,0,0, 192.168.1.111,172.217.11.3,0,0,0,0,0, 192.168.1.111,172.217.10.110,0,0,0,0,0, 192.168.1.111,172.217.12.206,0,0,0,0,0, 192.168.1.111,172.217.6.206,0,0,0,0,0, 192.168.1.111,216.58.211.131,0,0,0,0,0, 192.168.1.111,216.58.212.131,0,0,0,0,0, 192.168.1.111,172.217.11.14,0,0,0,0,0, 192.168.1.111,104.237.191.1,0,0,0,0,0, 192.168.1.111,172.217.11.13,0,0,0,0,0, 192.168.1.111,216.58.212.227,0,0,0,0,0, 192.168.1.111,172.217.9.227,0,0,0,0,0, 192.168.1.111,172.217.11.42,0,0,0,0,0, 192.168.1.111,172.217.6.226,QUIC,2,0,1086,0, 192.168.1.111,172.217.13.228,0,0,0,0,0, 192.168.1.111,74.125.155.199,0,0,0,0,0, 192.168.1.111,172.217.9.230,QUIC,2,0,1094,0, 192.168.1.111,216.58.212.163,0,0,0,0,0, 192.168.1.111,172.217.11.10,0,0,0,0,0, 192.168.1.111,172.217.9.238,0,0,0,0,0, 192.168.1.111,172.217.11.35,0,0,0,0,0, 192.168.1.111,23.208.103.148,0,0,0,0,0, 192.168.1.111,172.217.11.51,0,0,0,0,0, 192.168.1.111,216.58.209.131,0,0,0,0,0, 192.168.1.111,0.0.0.0,0,0,0,0,0,0,0,0,0,0,1526489043309,0.0,2058.621,0,0,0,0,0,0,0,0,0,0.0,0.0,-1
2.1000000000000005,0,0,0,0, 192.168.1.111,173.194.184.232,0,0,0,0,0, 192.168.1.111,173.194.184.41,0,0,0,0,0, 192.168.1.111,172.217.11.3,0,0,0,0,0, 192.168.1.111,172.217.10.110,0,0,0,0,0, 192.168.1.111,172.217.12.206,0,0,0,0,0, 192.168.1.111,172.217.6.206,0,0,0,0,0, 192.168.1.111,216.58.211.131,0,0,0,0,0, 192.168.1.111,216.58.212.131,0,0,0,0,0, 192.168.1.111,172.217.11.14,0,0,0,0,0, 192.168.1.111,104.237.191.1,0,0,0,0,0, 192.168.1.111,172.217.11.13,0,0,0,0,0, 192.168.1.111,216.58.212.227,0,0,0,0,0, 192.168.1.111,172.217.9.227,0,0,0,0,0, 192.168.1.111,172.217.11.42,0,0,0,0,0, 192.168.1.111,172.217.6.226,0,0,0,0,0, 192.168.1.111,172.217.13.228,0,0,0,0,0, 192.168.1.111,74.125.155.199,0,0,0,0,0, 192.168.1.111,172.217.9.230,0,0,0,0,0, 192.168.1.111,216.58.212.163,0,0,0,0,0, 192.168.1.111,172.217.11.10,0,0,0,0,0, 192.168.1.111,172.217.9.238,0,0,0,0,0, 192.168.1.111,172.217.11.35,0,0,0,0,0, 192.168.1.111,23.208.103.148,0,0,0,0,0, 192.168.1.111,172.217.11.51,0,0,0,0,0, 192.168.1.111,216.58.209.131,0,0,0,0,0, 192.168.1.111,0.0.0.0,0,0,0,0,0,0,0,0,0,0,1526489043309,0.0,2058.621,0,0,0,0,0,0,0,0,0,0.0,0.0,-1
2.2000000000000006,3,5,240,1774, 192.168.1.111,173.194.184.232,0,0,0,0,0, 192.168.1.111,173.194.184.41,0,0,0,0,0, 192.168.1.111,172.217.11.3,0,0,0,0,0, 192.168.1.111,172.217.10.110,0,0,0,0,0, 192.168.1.111,172.217.12.206,0,0,0,0,0, 192.168.1.111,172.217.6.206,0,0,0,0,0, 192.168.1.111,216.58.211.131,0,0,0,0,0, 192.168.1.111,216.58.212.131,0,0,0,0,0, 192.168.1.111,172.217.11.14,0,0,0,0,0, 192.168.1.111,104.237.191.1,0,0,0,0,0, 192.168.1.111,172.217.11.13,0,0,0,0,0, 192.168.1.111,216.58.212.227,0,0,0,0,0, 192.168.1.111,172.217.9.227,0,0,0,0,0, 192.168.1.111,172.217.11.42,0,0,0,0,0, 192.168.1.111,172.217.6.226,QUIC,1,2,80,1213, 192.168.1.111,172.217.13.228,0,0,0,0,0, 192.168.1.111,74.125.155.199,0,0,0,0,0, 192.168.1.111,172.217.9.230,QUIC,2,3,160,561, 192.168.1.111,216.58.212.163,0,0,0,0,0, 192.168.1.111,172.217.11.10,0,0,0,0,0, 192.168.1.111,172.217.9.238,0,0,0,0,0, 192.168.1.111,172.217.11.35,0,0,0,0,0, 192.168.1.111,23.208.103.148,0,0,0,0,0, 192.168.1.111,172.217.11.51,0,0,0,0,0, 192.168.1.111,216.58.209.131,0,0,0,0,0, 192.168.1.111,0.0.0.0,0,0,0,0,0,0,0,0,0,0,1526489043309,0.0,2058.621,0,0,0,0,0,0,0,0,0,0.0,0.0,-1
2.3000000000000007,1,2,80,1752, 192.168.1.111,173.194.184.232,0,0,0,0,0, 192.168.1.111,173.194.184.41,0,0,0,0,0, 192.168.1.111,172.217.11.3,0,0,0,0,0, 192.168.1.111,172.217.10.110,0,0,0,0,0, 192.168.1.111,172.217.12.206,0,0,0,0,0, 192.168.1.111,172.217.6.206,0,0,0,0,0, 192.168.1.111,216.58.211.131,0,0,0,0,0, 192.168.1.111,216.58.212.131,0,0,0,0,0, 192.168.1.111,172.217.11.14,0,0,0,0,0, 192.168.1.111,104.237.191.1,0,0,0,0,0, 192.168.1.111,172.217.11.13,0,0,0,0,0, 192.168.1.111,216.58.212.227,0,0,0,0,0, 192.168.1.111,172.217.9.227,0,0,0,0,0, 192.168.1.111,172.217.11.42,0,0,0,0,0, 192.168.1.111,172.217.6.226,QUIC,1,2,80,1752, 192.168.1.111,172.217.13.228,0,0,0,0,0, 192.168.1.111,74.125.155.199,0,0,0,0,0, 192.168.1.111,172.217.9.230,0,0,0,0,0, 192.168.1.111,216.58.212.163,0,0,0,0,0, 192.168.1.111,172.217.11.10,0,0,0,0,0, 192.168.1.111,172.217.9.238,0,0,0,0,0, 192.168.1.111,172.217.11.35,0,0,0,0,0, 192.168.1.111,23.208.103.148,0,0,0,0,0, 192.168.1.111,172.217.11.51,0,0,0,0,0, 192.168.1.111,216.58.209.131,0,0,0,0,0, 192.168.1.111,0.0.0.0,0,0,0,0,0,0,0,0,0,0,1526489043309,0.0,2058.621,0,0,0,0,0,0,0,0,0,0.0,0.0,-1
2.400000000000001,4,1,1399,102, 192.168.1.111,173.194.184.232,0,0,0,0,0, 192.168.1.111,173.194.184.41,0,0,0,0,0, 192.168.1.111,172.217.11.3,0,0,0,0,0, 192.168.1.111,172.217.10.110,QUIC,3,0,1317,0, 192.168.1.111,172.217.12.206,0,0,0,0,0, 192.168.1.111,172.217.6.206,0,0,0,0,0, 192.168.1.111,216.58.211.131,0,0,0,0,0, 192.168.1.111,216.58.212.131,0,0,0,0,0, 192.168.1.111,172.217.11.14,0,0,0,0,0, 192.168.1.111,104.237.191.1,0,0,0,0,0, 192.168.1.111,172.217.11.13,0,0,0,0,0, 192.168.1.111,216.58.212.227,0,0,0,0,0, 192.168.1.111,172.217.9.227,0,0,0,0,0, 192.168.1.111,172.217.11.42,0,0,0,0,0, 192.168.1.111,172.217.6.226,0,0,0,0,0, 192.168.1.111,172.217.13.228,0,0,0,0,0, 192.168.1.111,74.125.155.199,0,0,0,0,0, 192.168.1.111,172.217.9.230,0,0,0,0,0, 192.168.1.111,216.58.212.163,0,0,0,0,0, 192.168.1.111,172.217.11.10,0,0,0,0,0, 192.168.1.111,172.217.9.238,0,0,0,0,0, 192.168.1.111,172.217.11.35,0,0,0,0,0, 192.168.1.111,23.208.103.148,0,0,0,0,0, 192.168.1.111,172.217.11.51,0,0,0,0,0, 192.168.1.111,216.58.209.131,0,0,0,0,0, 192.168.1.111,0.0.0.0,0,1,0,82,0,0,0,0,0,0,1526489043309,0.0,2058.621,0,0,0,0,0,0,0,0,0,0.0,0.0,-1
5.4999999999999964,17,37,2410,50193, 192.168.1.111,173.194.184.232,QUIC,15,36,1251,50112, 192.168.1.111,173.194.184.41,0,0,0,0,0, 192.168.1.111,172.217.11.3,0,0,0,0,0, 192.168.1.111,172.217.10.110,QUIC,2,1,1159,81, 192.168.1.111,172.217.12.206,0,0,0,0,0, 192.168.1.111,172.217.6.206,0,0,0,0,0, 192.168.1.111,216.58.211.131,0,0,0,0,0, 192.168.1.111,216.58.212.131,0,0,0,0,0, 192.168.1.111,172.217.11.14,0,0,0,0,0, 192.168.1.111,104.237.191.1,0,0,0,0,0, 192.168.1.111,172.217.11.13,0,0,0,0,0, 192.168.1.111,216.58.212.227,0,0,0,0,0, 192.168.1.111,172.217.9.227,0,0,0,0,0, 192.168.1.111,172.217.11.42,0,0,0,0,0, 192.168.1.111,172.217.6.226,0,0,0,0,0, 192.168.1.111,172.217.13.228,0,0,0,0,0, 192.168.1.111,74.125.155.199,0,0,0,0,0, 192.168.1.111,172.217.9.230,0,0,0,0,0, 192.168.1.111,216.58.212.163,0,0,0,0,0, 192.168.1.111,172.217.11.10,0,0,0,0,0, 192.168.1.111,172.217.9.238,0,0,0,0,0, 192.168.1.111,172.217.11.35,0,0,0,0,0, 192.168.1.111,23.208.103.148,0,0,0,0,0, 192.168.1.111,172.217.11.51,0,0,0,0,0, 192.168.1.111,216.58.209.131,0,0,0,0,0, 192.168.1.111,0.0.0.0,0,0,0,0,0,0,0,1,0,1526489047396,1526489043309,0.0272199485015869,2058.621,0,0,0,0,0,1,0,0,0,1.773780051498413,0.0008748574895524,true
1799.7999999994586,0,0,0,0, 192.168.1.111,173.194.184.232,0,0,0,0,0, 192.168.1.111,173.194.184.41,0,0,0,0,0, 192.168.1.111,172.217.11.3,0,0,0,0,0, 192.168.1.111,172.217.10.110,0,0,0,0,0, 192.168.1.111,172.217.12.206,0,0,0,0,0, 192.168.1.111,172.217.6.206,0,0,0,0,0, 192.168.1.111,216.58.211.131,0,0,0,0,0, 192.168.1.111,216.58.212.131,0,0,0,0,0, 192.168.1.111,172.217.11.14,0,0,0,0,0, 192.168.1.111,104.237.191.1,0,0,0,0,0, 192.168.1.111,172.217.11.13,0,0,0,0,0, 192.168.1.111,216.58.212.227,0,0,0,0,0, 192.168.1.111,172.217.9.227,0,0,0,0,0, 192.168.1.111,172.217.11.42,0,0,0,0,0, 192.168.1.111,172.217.6.226,0,0,0,0,0, 192.168.1.111,172.217.13.228,0,0,0,0,0, 192.168.1.111,74.125.155.199,0,0,0,0,0, 192.168.1.111,172.217.9.230,0,0,0,0,0, 192.168.1.111,216.58.212.163,0,0,0,0,0, 192.168.1.111,172.217.11.10,0,0,0,0,0, 192.168.1.111,172.217.9.238,0,0,0,0,0, 192.168.1.111,172.217.11.35,0,0,0,0,0, 192.168.1.111,23.208.103.148,0,0,0,0,0, 192.168.1.111,172.217.11.51,0,0,0,0,0, 192.168.1.111,216.58.209.131,0,0,0,0,0, 192.168.1.111,0.0.0.0,0,0,0,0,0,0,0,0,0,0,1526489043309,0.0,2058.621,0,0,0,0,0,0,0,0,0,0.0,0.0,-1
1799.8999999994585,0,0,0,0, 192.168.1.111,173.194.184.232,0,0,0,0,0, 192.168.1.111,173.194.184.41,0,0,0,0,0, 192.168.1.111,172.217.11.3,0,0,0,0,0, 192.168.1.111,172.217.10.110,0,0,0,0,0, 192.168.1.111,172.217.12.206,0,0,0,0,0, 192.168.1.111,172.217.6.206,0,0,0,0,0, 192.168.1.111,216.58.211.131,0,0,0,0,0, 192.168.1.111,216.58.212.131,0,0,0,0,0, 192.168.1.111,172.217.11.14,0,0,0,0,0, 192.168.1.111,104.237.191.1,0,0,0,0,0, 192.168.1.111,172.217.11.13,0,0,0,0,0, 192.168.1.111,216.58.212.227,0,0,0,0,0, 192.168.1.111,172.217.9.227,0,0,0,0,0, 192.168.1.111,172.217.11.42,0,0,0,0,0, 192.168.1.111,172.217.6.226,0,0,0,0,0, 192.168.1.111,172.217.13.228,0,0,0,0,0, 192.168.1.111,74.125.155.199,0,0,0,0,0, 192.168.1.111,172.217.9.230,0,0,0,0,0, 192.168.1.111,216.58.212.163,0,0,0,0,0, 192.168.1.111,172.217.11.10,0,0,0,0,0, 192.168.1.111,172.217.9.238,0,0,0,0,0, 192.168.1.111,172.217.11.35,0,0,0,0,0, 192.168.1.111,23.208.103.148,0,0,0,0,0, 192.168.1.111,172.217.11.51,0,0,0,0,0, 192.168.1.111,216.58.209.131,0,0,0,0,0, 192.168.1.111,0.0.0.0,0,0,0,0,0,0,0,0,0,0,1526489043309,0.0,2058.621,0,0,0,0,0,0,0,0,0,0.0,0.0,-1
1799.9999999994584,0,0,0,0, 192.168.1.111,173.194.184.232,0,0,0,0,0, 192.168.1.111,173.194.184.41,0,0,0,0,0, 192.168.1.111,172.217.11.3,0,0,0,0,0, 192.168.1.111,172.217.10.110,0,0,0,0,0, 192.168.1.111,172.217.12.206,0,0,0,0,0, 192.168.1.111,172.217.6.206,0,0,0,0,0, 192.168.1.111,216.58.211.131,0,0,0,0,0, 192.168.1.111,216.58.212.131,0,0,0,0,0, 192.168.1.111,172.217.11.14,0,0,0,0,0, 192.168.1.111,104.237.191.1,0,0,0,0,0, 192.168.1.111,172.217.11.13,0,0,0,0,0, 192.168.1.111,216.58.212.227,0,0,0,0,0, 192.168.1.111,172.217.9.227,0,0,0,0,0, 192.168.1.111,172.217.11.42,0,0,0,0,0, 192.168.1.111,172.217.6.226,0,0,0,0,0, 192.168.1.111,172.217.13.228,0,0,0,0,0, 192.168.1.111,74.125.155.199,0,0,0,0,0, 192.168.1.111,172.217.9.230,0,0,0,0,0, 192.168.1.111,216.58.212.163,0,0,0,0,0, 192.168.1.111,172.217.11.10,0,0,0,0,0, 192.168.1.111,172.217.9.238,0,0,0,0,0, 192.168.1.111,172.217.11.35,0,0,0,0,0, 192.168.1.111,23.208.103.148,0,0,0,0,0, 192.168.1.111,172.217.11.51,0,0,0,0,0, 192.168.1.111,216.58.209.131,0,0,0,0,0, 192.168.1.111,0.0.0.0,0,0,0,0,0,0,0,0,0,0,1526489043309,0.0,2058.621,0,0,0,0,0,0,0,0,0,0.0,0.0,-1
1800.0999999994583,0,0,0,0, 192.168.1.111,173.194.184.232,0,0,0,0,0, 192.168.1.111,173.194.184.41,0,0,0,0,0, 192.168.1.111,172.217.11.3,0,0,0,0,0, 192.168.1.111,172.217.10.110,0,0,0,0,0, 192.168.1.111,172.217.12.206,0,0,0,0,0, 192.168.1.111,172.217.6.206,0,0,0,0,0, 192.168.1.111,216.58.211.131,0,0,0,0,0, 192.168.1.111,216.58.212.131,0,0,0,0,0, 192.168.1.111,172.217.11.14,0,0,0,0,0, 192.168.1.111,104.237.191.1,0,0,0,0,0, 192.168.1.111,172.217.11.13,0,0,0,0,0, 192.168.1.111,216.58.212.227,0,0,0,0,0, 192.168.1.111,172.217.9.227,0,0,0,0,0, 192.168.1.111,172.217.11.42,0,0,0,0,0, 192.168.1.111,172.217.6.226,0,0,0,0,0, 192.168.1.111,172.217.13.228,0,0,0,0,0, 192.168.1.111,74.125.155.199,0,0,0,0,0, 192.168.1.111,172.217.9.230,0,0,0,0,0, 192.168.1.111,216.58.212.163,0,0,0,0,0, 192.168.1.111,172.217.11.10,0,0,0,0,0, 192.168.1.111,172.217.9.238,0,0,0,0,0, 192.168.1.111,172.217.11.35,0,0,0,0,0, 192.168.1.111,23.208.103.148,0,0,0,0,0, 192.168.1.111,172.217.11.51,0,0,0,0,0, 192.168.1.111,216.58.209.131,0,0,0,0,0, 192.168.1.111,0.0.0.0,0,0,0,0,0,0,0,0,0,0,1526489043309,0.0,2058.621,0,0,0,0,0,0,0,0,0,0.0,0.0,-1
1800.1999999994582,0,0,0,0, 192.168.1.111,173.194.184.232,0,0,0,0,0, 192.168.1.111,173.194.184.41,0,0,0,0,0, 192.168.1.111,172.217.11.3,0,0,0,0,0, 192.168.1.111,172.217.10.110,0,0,0,0,0, 192.168.1.111,172.217.12.206,0,0,0,0,0, 192.168.1.111,172.217.6.206,0,0,0,0,0, 192.168.1.111,216.58.211.131,0,0,0,0,0, 192.168.1.111,216.58.212.131,0,0,0,0,0, 192.168.1.111,172.217.11.14,0,0,0,0,0, 192.168.1.111,104.237.191.1,0,0,0,0,0, 192.168.1.111,172.217.11.13,0,0,0,0,0, 192.168.1.111,216.58.212.227,0,0,0,0,0, 192.168.1.111,172.217.9.227,0,0,0,0,0, 192.168.1.111,172.217.11.42,0,0,0,0,0, 192.168.1.111,172.217.6.226,0,0,0,0,0, 192.168.1.111,172.217.13.228,0,0,0,0,0, 192.168.1.111,74.125.155.199,0,0,0,0,0, 192.168.1.111,172.217.9.230,0,0,0,0,0, 192.168.1.111,216.58.212.163,0,0,0,0,0, 192.168.1.111,172.217.11.10,0,0,0,0,0, 192.168.1.111,172.217.9.238,0,0,0,0,0, 192.168.1.111,172.217.11.35,0,0,0,0,0, 192.168.1.111,23.208.103.148,0,0,0,0,0, 192.168.1.111,172.217.11.51,0,0,0,0,0, 192.168.1.111,216.58.209.131,0,0,0,0,0, 192.168.1.111,0.0.0.0,0,0,0,0,0,0,0,0,0,0,1526489043309,0.0,2058.621,0,0,0,0,0,0,0,0,0,0.0,0.0,-1
1800.299999999458,0,0,0,0, 192.168.1.111,173.194.184.232,0,0,0,0,0, 192.168.1.111,173.194.184.41,0,0,0,0,0, 192.168.1.111,172.217.11.3,0,0,0,0,0, 192.168.1.111,172.217.10.110,0,0,0,0,0, 192.168.1.111,172.217.12.206,0,0,0,0,0, 192.168.1.111,172.217.6.206,0,0,0,0,0, 192.168.1.111,216.58.211.131,0,0,0,0,0, 192.168.1.111,216.58.212.131,0,0,0,0,0, 192.168.1.111,172.217.11.14,0,0,0,0,0, 192.168.1.111,104.237.191.1,0,0,0,0,0, 192.168.1.111,172.217.11.13,0,0,0,0,0, 192.168.1.111,216.58.212.227,0,0,0,0,0, 192.168.1.111,172.217.9.227,0,0,0,0,0, 192.168.1.111,172.217.11.42,0,0,0,0,0, 192.168.1.111,172.217.6.226,0,0,0,0,0, 192.168.1.111,172.217.13.228,0,0,0,0,0, 192.168.1.111,74.125.155.199,0,0,0,0,0, 192.168.1.111,172.217.9.230,0,0,0,0,0, 192.168.1.111,216.58.212.163,0,0,0,0,0, 192.168.1.111,172.217.11.10,0,0,0,0,0, 192.168.1.111,172.217.9.238,0,0,0,0,0, 192.168.1.111,172.217.11.35,0,0,0,0,0, 192.168.1.111,23.208.103.148,0,0,0,0,0, 192.168.1.111,172.217.11.51,0,0,0,0,0, 192.168.1.111,216.58.209.131,0,0,0,0,0, 192.168.1.111,0.0.0.0,0,0,0,0,0,0,0,0,0,0,1526489043309,0.0,2058.621,0,0,0,0,0,0,0,0,0,0.0,0.0,-1
1800.399999999458,0,0,0,0, 192.168.1.111,173.194.184.232,0,0,0,0,0, 192.168.1.111,173.194.184.41,0,0,0,0,0, 192.168.1.111,172.217.11.3,0,0,0,0,0, 192.168.1.111,172.217.10.110,0,0,0,0,0, 192.168.1.111,172.217.12.206,0,0,0,0,0, 192.168.1.111,172.217.6.206,0,0,0,0,0, 192.168.1.111,216.58.211.131,0,0,0,0,0, 192.168.1.111,216.58.212.131,0,0,0,0,0, 192.168.1.111,172.217.11.14,0,0,0,0,0, 192.168.1.111,104.237.191.1,0,0,0,0,0, 192.168.1.111,172.217.11.13,0,0,0,0,0, 192.168.1.111,216.58.212.227,0,0,0,0,0, 192.168.1.111,172.217.9.227,0,0,0,0,0, 192.168.1.111,172.217.11.42,0,0,0,0,0, 192.168.1.111,172.217.6.226,0,0,0,0,0, 192.168.1.111,172.217.13.228,0,0,0,0,0, 192.168.1.111,74.125.155.199,0,0,0,0,0, 192.168.1.111,172.217.9.230,0,0,0,0,0, 192.168.1.111,216.58.212.163,0,0,0,0,0, 192.168.1.111,172.217.11.10,0,0,0,0,0, 192.168.1.111,172.217.9.238,0,0,0,0,0, 192.168.1.111,172.217.11.35,0,0,0,0,0, 192.168.1.111,23.208.103.148,0,0,0,0,0, 192.168.1.111,172.217.11.51,0,0,0,0,0, 192.168.1.111,216.58.209.131,0,0,0,0,0, 192.168.1.111,0.0.0.0,0,0,0,0,0,0,0,0,0,0,1526489043309,0.0,2058.621,0,0,0,0,0,0,0,0,0,0.0,0.0,-1
1800.499999999458,0,0,0,0, 192.168.1.111,173.194.184.232,0,0,0,0,0, 192.168.1.111,173.194.184.41,0,0,0,0,0, 192.168.1.111,172.217.11.3,0,0,0,0,0, 192.168.1.111,172.217.10.110,0,0,0,0,0, 192.168.1.111,172.217.12.206,0,0,0,0,0, 192.168.1.111,172.217.6.206,0,0,0,0,0, 192.168.1.111,216.58.211.131,0,0,0,0,0, 192.168.1.111,216.58.212.131,0,0,0,0,0, 192.168.1.111,172.217.11.14,0,0,0,0,0, 192.168.1.111,104.237.191.1,0,0,0,0,0, 192.168.1.111,172.217.11.13,0,0,0,0,0, 192.168.1.111,216.58.212.227,0,0,0,0,0, 192.168.1.111,172.217.9.227,0,0,0,0,0, 192.168.1.111,172.217.11.42,0,0,0,0,0, 192.168.1.111,172.217.6.226,0,0,0,0,0, 192.168.1.111,172.217.13.228,0,0,0,0,0, 192.168.1.111,74.125.155.199,0,0,0,0,0, 192.168.1.111,172.217.9.230,0,0,0,0,0, 192.168.1.111,216.58.212.163,0,0,0,0,0, 192.168.1.111,172.217.11.10,0,0,0,0,0, 192.168.1.111,172.217.9.238,0,0,0,0,0, 192.168.1.111,172.217.11.35,0,0,0,0,0, 192.168.1.111,23.208.103.148,0,0,0,0,0, 192.168.1.111,172.217.11.51,0,0,0,0,0, 192.168.1.111,216.58.209.131,0,0,0,0,0, 192.168.1.111,0.0.0.0,0,0,0,0,0,0,0,0,0,0,1526489043309,0.0,2058.621,0,0,0,0,0,0,0,0,0,0.0,0.0,-1
1800.599999999458,0,0,0,0, 192.168.1.111,173.194.184.232,0,0,0,0,0, 192.168.1.111,173.194.184.41,0,0,0,0,0, 192.168.1.111,172.217.11.3,0,0,0,0,0, 192.168.1.111,172.217.10.110,0,0,0,0,0, 192.168.1.111,172.217.12.206,0,0,0,0,0, 192.168.1.111,172.217.6.206,0,0,0,0,0, 192.168.1.111,216.58.211.131,0,0,0,0,0, 192.168.1.111,216.58.212.131,0,0,0,0,0, 192.168.1.111,172.217.11.14,0,0,0,0,0, 192.168.1.111,104.237.191.1,0,0,0,0,0, 192.168.1.111,172.217.11.13,0,0,0,0,0, 192.168.1.111,216.58.212.227,0,0,0,0,0, 192.168.1.111,172.217.9.227,0,0,0,0,0, 192.168.1.111,172.217.11.42,0,0,0,0,0, 192.168.1.111,172.217.6.226,0,0,0,0,0, 192.168.1.111,172.217.13.228,0,0,0,0,0, 192.168.1.111,74.125.155.199,0,0,0,0,0, 192.168.1.111,172.217.9.230,0,0,0,0,0, 192.168.1.111,216.58.212.163,0,0,0,0,0, 192.168.1.111,172.217.11.10,0,0,0,0,0, 192.168.1.111,172.217.9.238,0,0,0,0,0, 192.168.1.111,172.217.11.35,0,0,0,0,0, 192.168.1.111,23.208.103.148,0,0,0,0,0, 192.168.1.111,172.217.11.51,0,0,0,0,0, 192.168.1.111,216.58.209.131,0,0,0,0,0, 192.168.1.111,0.0.0.0,0,0,0,0,0,0,0,0,0,0,1526489043309,0.0,2058.621,0,0,0,0,0,0,0,0,0,0.0,0.0,-1
1800.6999999994578,0,0,0,0, 192.168.1.111,173.194.184.232,0,0,0,0,0, 192.168.1.111,173.194.184.41,0,0,0,0,0, 192.168.1.111,172.217.11.3,0,0,0,0,0, 192.168.1.111,172.217.10.110,0,0,0,0,0, 192.168.1.111,172.217.12.206,0,0,0,0,0, 192.168.1.111,172.217.6.206,0,0,0,0,0, 192.168.1.111,216.58.211.131,0,0,0,0,0, 192.168.1.111,216.58.212.131,0,0,0,0,0, 192.168.1.111,172.217.11.14,0,0,0,0,0, 192.168.1.111,104.237.191.1,0,0,0,0,0, 192.168.1.111,172.217.11.13,0,0,0,0,0, 192.168.1.111,216.58.212.227,0,0,0,0,0, 192.168.1.111,172.217.9.227,0,0,0,0,0, 192.168.1.111,172.217.11.42,0,0,0,0,0, 192.168.1.111,172.217.6.226,0,0,0,0,0, 192.168.1.111,172.217.13.228,0,0,0,0,0, 192.168.1.111,74.125.155.199,0,0,0,0,0, 192.168.1.111,172.217.9.230,0,0,0,0,0, 192.168.1.111,216.58.212.163,0,0,0,0,0, 192.168.1.111,172.217.11.10,0,0,0,0,0, 192.168.1.111,172.217.9.238,0,0,0,0,0, 192.168.1.111,172.217.11.35,0,0,0,0,0, 192.168.1.111,23.208.103.148,0,0,0,0,0, 192.168.1.111,172.217.11.51,0,0,0,0,0, 192.168.1.111,216.58.209.131,0,0,0,0,0, 192.168.1.111,0.0.0.0,0,0,0,0,0,0,0,0,0,0,1526489043309,0.0,2058.621,0,0,0,0,0,0,0,0,0,0.0,0.0,-1
1800.7999999994577,0,0,0,0, 192.168.1.111,173.194.184.232,0,0,0,0,0, 192.168.1.111,173.194.184.41,0,0,0,0,0, 192.168.1.111,172.217.11.3,0,0,0,0,0, 192.168.1.111,172.217.10.110,0,0,0,0,0, 192.168.1.111,172.217.12.206,0,0,0,0,0, 192.168.1.111,172.217.6.206,0,0,0,0,0, 192.168.1.111,216.58.211.131,0,0,0,0,0, 192.168.1.111,216.58.212.131,0,0,0,0,0, 192.168.1.111,172.217.11.14,0,0,0,0,0, 192.168.1.111,104.237.191.1,0,0,0,0,0, 192.168.1.111,172.217.11.13,0,0,0,0,0, 192.168.1.111,216.58.212.227,0,0,0,0,0, 192.168.1.111,172.217.9.227,0,0,0,0,0, 192.168.1.111,172.217.11.42,0,0,0,0,0, 192.168.1.111,172.217.6.226,0,0,0,0,0, 192.168.1.111,172.217.13.228,0,0,0,0,0, 192.168.1.111,74.125.155.199,0,0,0,0,0, 192.168.1.111,172.217.9.230,0,0,0,0,0, 192.168.1.111,216.58.212.163,0,0,0,0,0, 192.168.1.111,172.217.11.10,0,0,0,0,0, 192.168.1.111,172.217.9.238,0,0,0,0,0, 192.168.1.111,172.217.11.35,0,0,0,0,0, 192.168.1.111,23.208.103.148,0,0,0,0,0, 192.168.1.111,172.217.11.51,0,0,0,0,0, 192.168.1.111,216.58.209.131,0,0,0,0,0, 192.168.1.111,0.0.0.0,0,0,0,0,0,0,0,0,0,0,1526489043309,0.0,2058.621,0,0,0,0,0,0,0,0,0,0.0,0.0,-1
1800.8999999994576,0,0,0,0, 192.168.1.111,173.194.184.232,0,0,0,0,0, 192.168.1.111,173.194.184.41,0,0,0,0,0, 192.168.1.111,172.217.11.3,0,0,0,0,0, 192.168.1.111,172.217.10.110,0,0,0,0,0, 192.168.1.111,172.217.12.206,0,0,0,0,0, 192.168.1.111,172.217.6.206,0,0,0,0,0, 192.168.1.111,216.58.211.131,0,0,0,0,0, 192.168.1.111,216.58.212.131,0,0,0,0,0, 192.168.1.111,172.217.11.14,0,0,0,0,0, 192.168.1.111,104.237.191.1,0,0,0,0,0, 192.168.1.111,172.217.11.13,0,0,0,0,0, 192.168.1.111,216.58.212.227,0,0,0,0,0, 192.168.1.111,172.217.9.227,0,0,0,0,0, 192.168.1.111,172.217.11.42,0,0,0,0,0, 192.168.1.111,172.217.6.226,0,0,0,0,0, 192.168.1.111,172.217.13.228,0,0,0,0,0, 192.168.1.111,74.125.155.199,0,0,0,0,0, 192.168.1.111,172.217.9.230,0,0,0,0,0, 192.168.1.111,216.58.212.163,0,0,0,0,0, 192.168.1.111,172.217.11.10,0,0,0,0,0, 192.168.1.111,172.217.9.238,0,0,0,0,0, 192.168.1.111,172.217.11.35,0,0,0,0,0, 192.168.1.111,23.208.103.148,0,0,0,0,0, 192.168.1.111,172.217.11.51,0,0,0,0,0, 192.168.1.111,216.58.209.131,0,0,0,0,0, 192.168.1.111,0.0.0.0,0,0,0,0,0,0,0,0,0,0,1526489043309,0.0,2058.621,0,0,0,0,0,0,0,0,0,0.0,0.0,-1
0.0,1,0,217,0, 192.168.1.111,173.194.7.91,0,0,0,0,0, 192.168.1.111,173.194.7.25,0,0,0,0,0, 192.168.1.111,172.217.11.35,0,0,0,0,0, 192.168.1.111,172.217.9.225,0,0,0,0,0, 192.168.1.111,172.217.12.150,0,0,0,0,0, 192.168.1.111,172.217.10.78,0,0,0,0,0, 192.168.1.111,172.217.12.162,0,0,0,0,0, 192.168.1.111,172.217.12.214,0,0,0,0,0, 192.168.1.111,172.217.11.14,0,0,0,0,0, 192.168.1.111,172.217.10.110,0,0,0,0,0, 192.168.1.111,172.217.9.227,0,0,0,0,0, 192.168.1.111,172.217.11.46,0,0,0,0,0, 192.168.1.111,216.58.209.131,0,0,0,0,0, 192.168.1.111,216.58.212.195,0,0,0,0,0, 192.168.1.111,172.217.9.238,0,0,0,0,0, 192.168.1.111,172.217.11.45,0,0,0,0,0, 192.168.1.111,172.217.11.42,0,0,0,0,0, 192.168.1.111,216.58.212.131,0,0,0,0,0, 192.168.1.111,104.237.191.1,0,0,0,0,0, 192.168.1.111,172.217.9.230,0,0,0,0,0, 192.168.1.111,172.217.17.99,0,0,0,0,0, 192.168.1.111,173.194.164.169,0,0,0,0,0, 192.168.1.111,172.217.11.3,0,0,0,0,0, 192.168.1.111,74.125.155.231,0,0,0,0,0, 192.168.1.111,172.217.22.163,0,0,0,0,0, 192.168.1.111,0.0.0.0,0,1,0,217,0,0,0,0,0,0,1526400089972,0.0,1479.681,0,0,0,0,0,0,0,0,0,0.0,0.0,-1
0.1,0,0,0,0, 192.168.1.111,173.194.7.91,0,0,0,0,0, 192.168.1.111,173.194.7.25,0,0,0,0,0, 192.168.1.111,172.217.11.35,0,0,0,0,0, 192.168.1.111,172.217.9.225,0,0,0,0,0, 192.168.1.111,172.217.12.150,0,0,0,0,0, 192.168.1.111,172.217.10.78,0,0,0,0,0, 192.168.1.111,172.217.12.162,0,0,0,0,0, 192.168.1.111,172.217.12.214,0,0,0,0,0, 192.168.1.111,172.217.11.14,0,0,0,0,0, 192.168.1.111,172.217.10.110,0,0,0,0,0, 192.168.1.111,172.217.9.227,0,0,0,0,0, 192.168.1.111,172.217.11.46,0,0,0,0,0, 192.168.1.111,216.58.209.131,0,0,0,0,0, 192.168.1.111,216.58.212.195,0,0,0,0,0, 192.168.1.111,172.217.9.238,0,0,0,0,0, 192.168.1.111,172.217.11.45,0,0,0,0,0, 192.168.1.111,172.217.11.42,0,0,0,0,0, 192.168.1.111,216.58.212.131,0,0,0,0,0, 192.168.1.111,104.237.191.1,0,0,0,0,0, 192.168.1.111,172.217.9.230,0,0,0,0,0, 192.168.1.111,172.217.17.99,0,0,0,0,0, 192.168.1.111,173.194.164.169,0,0,0,0,0, 192.168.1.111,172.217.11.3,0,0,0,0,0, 192.168.1.111,74.125.155.231,0,0,0,0,0, 192.168.1.111,172.217.22.163,0,0,0,0,0, 192.168.1.111,0.0.0.0,0,0,0,0,0,0,0,0,0,0,1526400089972,0.0,1479.681,0,0,0,0,0,0,0,0,0,0.0,0.0,-1
0.2,0,0,0,0, 192.168.1.111,173.194.7.91,0,0,0,0,0, 192.168.1.111,173.194.7.25,0,0,0,0,0, 192.168.1.111,172.217.11.35,0,0,0,0,0, 192.168.1.111,172.217.9.225,0,0,0,0,0, 192.168.1.111,172.217.12.150,0,0,0,0,0, 192.168.1.111,172.217.10.78,0,0,0,0,0, 192.168.1.111,172.217.12.162,0,0,0,0,0, 192.168.1.111,172.217.12.214,0,0,0,0,0, 192.168.1.111,172.217.11.14,0,0,0,0,0, 192.168.1.111,172.217.10.110,0,0,0,0,0, 192.168.1.111,172.217.9.227,0,0,0,0,0, 192.168.1.111,172.217.11.46,0,0,0,0,0, 192.168.1.111,216.58.209.131,0,0,0,0,0, 192.168.1.111,216.58.212.195,0,0,0,0,0, 192.168.1.111,172.217.9.238,0,0,0,0,0, 192.168.1.111,172.217.11.45,0,0,0,0,0, 192.168.1.111,172.217.11.42,0,0,0,0,0, 192.168.1.111,216.58.212.131,0,0,0,0,0, 192.168.1.111,104.237.191.1,0,0,0,0,0, 192.168.1.111,172.217.9.230,0,0,0,0,0, 192.168.1.111,172.217.17.99,0,0,0,0,0, 192.168.1.111,173.194.164.169,0,0,0,0,0, 192.168.1.111,172.217.11.3,0,0,0,0,0, 192.168.1.111,74.125.155.231,0,0,0,0,0, 192.168.1.111,172.217.22.163,0,0,0,0,0, 192.168.1.111,0.0.0.0,0,0,0,0,0,0,0,0,0,0,1526400089972,0.0,1479.681,0,0,0,0,0,0,0,0,0,0.0,0.0,-1
0.3,0,0,0,0, 192.168.1.111,173.194.7.91,0,0,0,0,0, 192.168.1.111,173.194.7.25,0,0,0,0,0, 192.168.1.111,172.217.11.35,0,0,0,0,0, 192.168.1.111,172.217.9.225,0,0,0,0,0, 192.168.1.111,172.217.12.150,0,0,0,0,0, 192.168.1.111,172.217.10.78,0,0,0,0,0, 192.168.1.111,172.217.12.162,0,0,0,0,0, 192.168.1.111,172.217.12.214,0,0,0,0,0, 192.168.1.111,172.217.11.14,0,0,0,0,0, 192.168.1.111,172.217.10.110,0,0,0,0,0, 192.168.1.111,172.217.9.227,0,0,0,0,0, 192.168.1.111,172.217.11.46,0,0,0,0,0, 192.168.1.111,216.58.209.131,0,0,0,0,0, 192.168.1.111,216.58.212.195,0,0,0,0,0, 192.168.1.111,172.217.9.238,0,0,0,0,0, 192.168.1.111,172.217.11.45,0,0,0,0,0, 192.168.1.111,172.217.11.42,0,0,0,0,0, 192.168.1.111,216.58.212.131,0,0,0,0,0, 192.168.1.111,104.237.191.1,0,0,0,0,0, 192.168.1.111,172.217.9.230,0,0,0,0,0, 192.168.1.111,172.217.17.99,0,0,0,0,0, 192.168.1.111,173.194.164.169,0,0,0,0,0, 192.168.1.111,172.217.11.3,0,0,0,0,0, 192.168.1.111,74.125.155.231,0,0,0,0,0, 192.168.1.111,172.217.22.163,0,0,0,0,0, 192.168.1.111,0.0.0.0,0,0,0,0,0,0,0,0,0,0,1526400089972,0.0,1479.681,0,0,0,0,0,0,0,0,0,0.0,0.0,-1
0.4,0,0,0,0, 192.168.1.111,173.194.7.91,0,0,0,0,0, 192.168.1.111,173.194.7.25,0,0,0,0,0, 192.168.1.111,172.217.11.35,0,0,0,0,0, 192.168.1.111,172.217.9.225,0,0,0,0,0, 192.168.1.111,172.217.12.150,0,0,0,0,0, 192.168.1.111,172.217.10.78,0,0,0,0,0, 192.168.1.111,172.217.12.162,0,0,0,0,0, 192.168.1.111,172.217.12.214,0,0,0,0,0, 192.168.1.111,172.217.11.14,0,0,0,0,0, 192.168.1.111,172.217.10.110,0,0,0,0,0, 192.168.1.111,172.217.9.227,0,0,0,0,0, 192.168.1.111,172.217.11.46,0,0,0,0,0, 192.168.1.111,216.58.209.131,0,0,0,0,0, 192.168.1.111,216.58.212.195,0,0,0,0,0, 192.168.1.111,172.217.9.238,0,0,0,0,0, 192.168.1.111,172.217.11.45,0,0,0,0,0, 192.168.1.111,172.217.11.42,0,0,0,0,0, 192.168.1.111,216.58.212.131,0,0,0,0,0, 192.168.1.111,104.237.191.1,0,0,0,0,0, 192.168.1.111,172.217.9.230,0,0,0,0,0, 192.168.1.111,172.217.17.99,0,0,0,0,0, 192.168.1.111,173.194.164.169,0,0,0,0,0, 192.168.1.111,172.217.11.3,0,0,0,0,0, 192.168.1.111,74.125.155.231,0,0,0,0,0, 192.168.1.111,172.217.22.163,0,0,0,0,0, 192.168.1.111,0.0.0.0,0,0,0,0,0,0,0,0,0,0,1526400089972,0.0,1479.681,0,0,0,0,0,0,0,0,0,0.0,0.0,-1
0.5,0,0,0,0, 192.168.1.111,173.194.7.91,0,0,0,0,0, 192.168.1.111,173.194.7.25,0,0,0,0,0, 192.168.1.111,172.217.11.35,0,0,0,0,0, 192.168.1.111,172.217.9.225,0,0,0,0,0, 192.168.1.111,172.217.12.150,0,0,0,0,0, 192.168.1.111,172.217.10.78,0,0,0,0,0, 192.168.1.111,172.217.12.162,0,0,0,0,0, 192.168.1.111,172.217.12.214,0,0,0,0,0, 192.168.1.111,172.217.11.14,0,0,0,0,0, 192.168.1.111,172.217.10.110,0,0,0,0,0, 192.168.1.111,172.217.9.227,0,0,0,0,0, 192.168.1.111,172.217.11.46,0,0,0,0,0, 192.168.1.111,216.58.209.131,0,0,0,0,0, 192.168.1.111,216.58.212.195,0,0,0,0,0, 192.168.1.111,172.217.9.238,0,0,0,0,0, 192.168.1.111,172.217.11.45,0,0,0,0,0, 192.168.1.111,172.217.11.42,0,0,0,0,0, 192.168.1.111,216.58.212.131,0,0,0,0,0, 192.168.1.111,104.237.191.1,0,0,0,0,0, 192.168.1.111,172.217.9.230,0,0,0,0,0, 192.168.1.111,172.217.17.99,0,0,0,0,0, 192.168.1.111,173.194.164.169,0,0,0,0,0, 192.168.1.111,172.217.11.3,0,0,0,0,0, 192.168.1.111,74.125.155.231,0,0,0,0,0, 192.168.1.111,172.217.22.163,0,0,0,0,0, 192.168.1.111,0.0.0.0,0,0,0,0,0,0,0,0,0,0,1526400089972,0.0,1479.681,0,0,0,0,0,0,0,0,0,0.0,0.0,-1
0.6,0,0,0,0, 192.168.1.111,173.194.7.91,0,0,0,0,0, 192.168.1.111,173.194.7.25,0,0,0,0,0, 192.168.1.111,172.217.11.35,0,0,0,0,0, 192.168.1.111,172.217.9.225,0,0,0,0,0, 192.168.1.111,172.217.12.150,0,0,0,0,0, 192.168.1.111,172.217.10.78,0,0,0,0,0, 192.168.1.111,172.217.12.162,0,0,0,0,0, 192.168.1.111,172.217.12.214,0,0,0,0,0, 192.168.1.111,172.217.11.14,0,0,0,0,0, 192.168.1.111,172.217.10.110,0,0,0,0,0, 192.168.1.111,172.217.9.227,0,0,0,0,0, 192.168.1.111,172.217.11.46,0,0,0,0,0, 192.168.1.111,216.58.209.131,0,0,0,0,0, 192.168.1.111,216.58.212.195,0,0,0,0,0, 192.168.1.111,172.217.9.238,0,0,0,0,0, 192.168.1.111,172.217.11.45,0,0,0,0,0, 192.168.1.111,172.217.11.42,0,0,0,0,0, 192.168.1.111,216.58.212.131,0,0,0,0,0, 192.168.1.111,104.237.191.1,0,0,0,0,0, 192.168.1.111,172.217.9.230,0,0,0,0,0, 192.168.1.111,172.217.17.99,0,0,0,0,0, 192.168.1.111,173.194.164.169,0,0,0,0,0, 192.168.1.111,172.217.11.3,0,0,0,0,0, 192.168.1.111,74.125.155.231,0,0,0,0,0, 192.168.1.111,172.217.22.163,0,0,0,0,0, 192.168.1.111,0.0.0.0,0,0,0,0,0,0,0,0,0,0,1526400089972,0.0,1479.681,0,0,0,0,0,0,0,0,0,0.0,0.0,-1
0.7,0,0,0,0, 192.168.1.111,173.194.7.91,0,0,0,0,0, 192.168.1.111,173.194.7.25,0,0,0,0,0, 192.168.1.111,172.217.11.35,0,0,0,0,0, 192.168.1.111,172.217.9.225,0,0,0,0,0, 192.168.1.111,172.217.12.150,0,0,0,0,0, 192.168.1.111,172.217.10.78,0,0,0,0,0, 192.168.1.111,172.217.12.162,0,0,0,0,0, 192.168.1.111,172.217.12.214,0,0,0,0,0, 192.168.1.111,172.217.11.14,0,0,0,0,0, 192.168.1.111,172.217.10.110,0,0,0,0,0, 192.168.1.111,172.217.9.227,0,0,0,0,0, 192.168.1.111,172.217.11.46,0,0,0,0,0, 192.168.1.111,216.58.209.131,0,0,0,0,0, 192.168.1.111,216.58.212.195,0,0,0,0,0, 192.168.1.111,172.217.9.238,0,0,0,0,0, 192.168.1.111,172.217.11.45,0,0,0,0,0, 192.168.1.111,172.217.11.42,0,0,0,0,0, 192.168.1.111,216.58.212.131,0,0,0,0,0, 192.168.1.111,104.237.191.1,0,0,0,0,0, 192.168.1.111,172.217.9.230,0,0,0,0,0, 192.168.1.111,172.217.17.99,0,0,0,0,0, 192.168.1.111,173.194.164.169,0,0,0,0,0, 192.168.1.111,172.217.11.3,0,0,0,0,0, 192.168.1.111,74.125.155.231,0,0,0,0,0, 192.168.1.111,172.217.22.163,0,0,0,0,0, 192.168.1.111,0.0.0.0,0,0,0,0,0,0,0,0,0,0,1526400089972,0.0,1479.681,0,0,0,0,0,0,0,0,0,0.0,0.0,-1
0.7999999999999999,8,5,4319,4344, 192.168.1.111,173.194.7.91,0,0,0,0,0, 192.168.1.111,173.194.7.25,0,0,0,0,0, 192.168.1.111,172.217.11.35,0,0,0,0,0, 192.168.1.111,172.217.9.225,0,0,0,0,0, 192.168.1.111,172.217.12.150,0,0,0,0,0, 192.168.1.111,172.217.10.78,0,0,0,0,0, 192.168.1.111,172.217.12.162,0,0,0,0,0, 192.168.1.111,172.217.12.214,0,0,0,0,0, 192.168.1.111,172.217.11.14,0,0,0,0,0, 192.168.1.111,172.217.10.110,0,0,0,0,0, 192.168.1.111,172.217.9.227,0,0,0,0,0, 192.168.1.111,172.217.11.46,0,0,0,0,0, 192.168.1.111,216.58.209.131,0,0,0,0,0, 192.168.1.111,216.58.212.195,0,0,0,0,0, 192.168.1.111,172.217.9.238,0,0,0,0,0, 192.168.1.111,172.217.11.45,QUIC,7,4,4240,4249, 192.168.1.111,172.217.11.42,0,0,0,0,0, 192.168.1.111,216.58.212.131,0,0,0,0,0, 192.168.1.111,104.237.191.1,0,0,0,0,0, 192.168.1.111,172.217.9.230,0,0,0,0,0, 192.168.1.111,172.217.17.99,0,0,0,0,0, 192.168.1.111,173.194.164.169,0,0,0,0,0, 192.168.1.111,172.217.11.3,0,0,0,0,0, 192.168.1.111,74.125.155.231,0,0,0,0,0, 192.168.1.111,172.217.22.163,0,0,0,0,0, 192.168.1.111,0.0.0.0,0,1,1,79,95,0,0,0,0,0,1526400089972,0.0,1479.681,0,0,0,0,0,0,0,0,0,0.0,0.0,-1
0.8999999999999999,3,4,999,2486, 192.168.1.111,173.194.7.91,0,0,0,0,0, 192.168.1.111,173.194.7.25,0,0,0,0,0, 192.168.1.111,172.217.11.35,0,0,0,0,0, 192.168.1.111,172.217.9.225,0,0,0,0,0, 192.168.1.111,172.217.12.150,0,0,0,0,0, 192.168.1.111,172.217.10.78,QUIC,1,0,839,0, 192.168.1.111,172.217.12.162,0,0,0,0,0, 192.168.1.111,172.217.12.214,0,0,0,0,0, 192.168.1.111,172.217.11.14,0,0,0,0,0, 192.168.1.111,172.217.10.110,0,0,0,0,0, 192.168.1.111,172.217.9.227,0,0,0,0,0, 192.168.1.111,172.217.11.46,0,0,0,0,0, 192.168.1.111,216.58.209.131,0,0,0,0,0, 192.168.1.111,216.58.212.195,0,0,0,0,0, 192.168.1.111,172.217.9.238,0,0,0,0,0, 192.168.1.111,172.217.11.45,QUIC,2,4,160,2486, 192.168.1.111,172.217.11.42,0,0,0,0,0, 192.168.1.111,216.58.212.131,0,0,0,0,0, 192.168.1.111,104.237.191.1,0,0,0,0,0, 192.168.1.111,172.217.9.230,0,0,0,0,0, 192.168.1.111,172.217.17.99,0,0,0,0,0, 192.168.1.111,173.194.164.169,0,0,0,0,0, 192.168.1.111,172.217.11.3,0,0,0,0,0, 192.168.1.111,74.125.155.231,0,0,0,0,0, 192.168.1.111,172.217.22.163,0,0,0,0,0, 192.168.1.111,0.0.0.0,0,0,0,0,0,0,0,0,0,0,1526400089972,0.0,1479.681,0,0,0,0,0,0,0,0,0,0.0,0.0,-1
1.0,2,1,1472,1146, 192.168.1.111,173.194.7.91,0,0,0,0,0, 192.168.1.111,173.194.7.25,0,0,0,0,0, 192.168.1.111,172.217.11.35,0,0,0,0,0, 192.168.1.111,172.217.9.225,0,0,0,0,0, 192.168.1.111,172.217.12.150,0,0,0,0,0, 192.168.1.111,172.217.10.78,QUIC,1,1,80,1146, 192.168.1.111,172.217.12.162,0,0,0,0,0, 192.168.1.111,172.217.12.214,0,0,0,0,0, 192.168.1.111,172.217.11.14,0,0,0,0,0, 192.168.1.111,172.217.10.110,0,0,0,0,0, 192.168.1.111,172.217.9.227,QUIC,1,0,1392,0, 192.168.1.111,172.217.11.46,0,0,0,0,0, 192.168.1.111,216.58.209.131,0,0,0,0,0, 192.168.1.111,216.58.212.195,0,0,0,0,0, 192.168.1.111,172.217.9.238,0,0,0,0,0, 192.168.1.111,172.217.11.45,0,0,0,0,0, 192.168.1.111,172.217.11.42,0,0,0,0,0, 192.168.1.111,216.58.212.131,0,0,0,0,0, 192.168.1.111,104.237.191.1,0,0,0,0,0, 192.168.1.111,172.217.9.230,0,0,0,0,0, 192.168.1.111,172.217.17.99,0,0,0,0,0, 192.168.1.111,173.194.164.169,0,0,0,0,0, 192.168.1.111,172.217.11.3,0,0,0,0,0, 192.168.1.111,74.125.155.231,0,0,0,0,0, 192.168.1.111,172.217.22.163,0,0,0,0,0, 192.168.1.111,0.0.0.0,0,0,0,0,0,0,0,0,0,0,1526400089972,0.0,1479.681,0,0,0,0,0,0,0,0,0,0.0,0.0,-1
1.1,4,4,1633,4249, 192.168.1.111,173.194.7.91,0,0,0,0,0, 192.168.1.111,173.194.7.25,0,0,0,0,0, 192.168.1.111,172.217.11.35,0,0,0,0,0, 192.168.1.111,172.217.9.225,0,0,0,0,0, 192.168.1.111,172.217.12.150,0,0,0,0,0, 192.168.1.111,172.217.10.78,0,0,0,0,0, 192.168.1.111,172.217.12.162,0,0,0,0,0, 192.168.1.111,172.217.12.214,0,0,0,0,0, 192.168.1.111,172.217.11.14,0,0,0,0,0, 192.168.1.111,172.217.10.110,0,0,0,0,0, 192.168.1.111,172.217.9.227,QUIC,4,4,1633,4249, 192.168.1.111,172.217.11.46,0,0,0,0,0, 192.168.1.111,216.58.209.131,0,0,0,0,0, 192.168.1.111,216.58.212.195,0,0,0,0,0, 192.168.1.111,172.217.9.238,0,0,0,0,0, 192.168.1.111,172.217.11.45,0,0,0,0,0, 192.168.1.111,172.217.11.42,0,0,0,0,0, 192.168.1.111,216.58.212.131,0,0,0,0,0, 192.168.1.111,104.237.191.1,0,0,0,0,0, 192.168.1.111,172.217.9.230,0,0,0,0,0, 192.168.1.111,172.217.17.99,0,0,0,0,0, 192.168.1.111,173.194.164.169,0,0,0,0,0, 192.168.1.111,172.217.11.3,0,0,0,0,0, 192.168.1.111,74.125.155.231,0,0,0,0,0, 192.168.1.111,172.217.22.163,0,0,0,0,0, 192.168.1.111,0.0.0.0,0,0,0,0,0,0,0,0,0,0,1526400089972,0.0,1479.681,0,0,0,0,0,0,0,0,0,0.0,0.0,-1
1.2,1,2,82,174, 192.168.1.111,173.194.7.91,0,0,0,0,0, 192.168.1.111,173.194.7.25,0,0,0,0,0, 192.168.1.111,172.217.11.35,0,0,0,0,0, 192.168.1.111,172.217.9.225,0,0,0,0,0, 192.168.1.111,172.217.12.150,0,0,0,0,0, 192.168.1.111,172.217.10.78,0,0,0,0,0, 192.168.1.111,172.217.12.162,0,0,0,0,0, 192.168.1.111,172.217.12.214,0,0,0,0,0, 192.168.1.111,172.217.11.14,0,0,0,0,0, 192.168.1.111,172.217.10.110,0,0,0,0,0, 192.168.1.111,172.217.9.227,QUIC,0,1,0,72, 192.168.1.111,172.217.11.46,0,0,0,0,0, 192.168.1.111,216.58.209.131,0,0,0,0,0, 192.168.1.111,216.58.212.195,0,0,0,0,0, 192.168.1.111,172.217.9.238,0,0,0,0,0, 192.168.1.111,172.217.11.45,0,0,0,0,0, 192.168.1.111,172.217.11.42,0,0,0,0,0, 192.168.1.111,216.58.212.131,0,0,0,0,0, 192.168.1.111,104.237.191.1,0,0,0,0,0, 192.168.1.111,172.217.9.230,0,0,0,0,0, 192.168.1.111,172.217.17.99,0,0,0,0,0, 192.168.1.111,173.194.164.169,0,0,0,0,0, 192.168.1.111,172.217.11.3,0,0,0,0,0, 192.168.1.111,74.125.155.231,0,0,0,0,0, 192.168.1.111,172.217.22.163,0,0,0,0,0, 192.168.1.111,0.0.0.0,0,1,0,82,0,0,0,0,0,0,1526400089972,0.0,1479.681,0,0,0,0,0,0,0,0,0,0.0,0.0,-1
1.3,0,0,0,0, 192.168.1.111,173.194.7.91,0,0,0,0,0, 192.168.1.111,173.194.7.25,0,0,0,0,0, 192.168.1.111,172.217.11.35,0,0,0,0,0, 192.168.1.111,172.217.9.225,0,0,0,0,0, 192.168.1.111,172.217.12.150,0,0,0,0,0, 192.168.1.111,172.217.10.78,0,0,0,0,0, 192.168.1.111,172.217.12.162,0,0,0,0,0, 192.168.1.111,172.217.12.214,0,0,0,0,0, 192.168.1.111,172.217.11.14,0,0,0,0,0, 192.168.1.111,172.217.10.110,0,0,0,0,0, 192.168.1.111,172.217.9.227,0,0,0,0,0, 192.168.1.111,172.217.11.46,0,0,0,0,0, 192.168.1.111,216.58.209.131,0,0,0,0,0, 192.168.1.111,216.58.212.195,0,0,0,0,0, 192.168.1.111,172.217.9.238,0,0,0,0,0, 192.168.1.111,172.217.11.45,0,0,0,0,0, 192.168.1.111,172.217.11.42,0,0,0,0,0, 192.168.1.111,216.58.212.131,0,0,0,0,0, 192.168.1.111,104.237.191.1,0,0,0,0,0, 192.168.1.111,172.217.9.230,0,0,0,0,0, 192.168.1.111,172.217.17.99,0,0,0,0,0, 192.168.1.111,173.194.164.169,0,0,0,0,0, 192.168.1.111,172.217.11.3,0,0,0,0,0, 192.168.1.111,74.125.155.231,0,0,0,0,0, 192.168.1.111,172.217.22.163,0,0,0,0,0, 192.168.1.111,0.0.0.0,0,0,0,0,0,0,0,0,0,0,1526400089972,0.0,1479.681,0,0,0,0,0,0,0,0,0,0.0,0.0,-1
1.4,14,19,13092,21300, 192.168.1.111,173.194.7.91,0,0,0,0,0, 192.168.1.111,173.194.7.25,0,0,0,0,0, 192.168.1.111,172.217.11.35,0,0,0,0,0, 192.168.1.111,172.217.9.225,QUIC,1,2,1392,2784, 192.168.1.111,172.217.12.150,QUIC,3,2,2864,2784, 192.168.1.111,172.217.10.78,QUIC,1,1,239,72, 192.168.1.111,172.217.12.162,QUIC,1,2,1392,2784, 192.168.1.111,172.217.12.214,0,0,0,0,0, 192.168.1.111,172.217.11.14,0,0,0,0,0, 192.168.1.111,172.217.10.110,0,0,0,0,0, 192.168.1.111,172.217.9.227,QUIC,3,4,4176,5568, 192.168.1.111,172.217.11.46,QUIC,2,2,1472,2784, 192.168.1.111,216.58.209.131,0,0,0,0,0, 192.168.1.111,216.58.212.195,0,0,0,0,0, 192.168.1.111,172.217.9.238,0,0,0,0,0, 192.168.1.111,172.217.11.45,0,0,0,0,0, 192.168.1.111,172.217.11.42,0,0,0,0,0, 192.168.1.111,216.58.212.131,0,0,0,0,0, 192.168.1.111,104.237.191.1,0,0,0,0,0, 192.168.1.111,172.217.9.230,0,0,0,0,0, 192.168.1.111,172.217.17.99,0,0,0,0,0, 192.168.1.111,173.194.164.169,0,0,0,0,0, 192.168.1.111,172.217.11.3,0,0,0,0,0, 192.168.1.111,74.125.155.231,QUIC,1,4,1392,4253, 192.168.1.111,172.217.22.163,0,0,0,0,0, 192.168.1.111,0.0.0.0,0,2,2,165,271,0,0,0,0,0,1526400089972,0.0,1479.681,0,0,0,0,0,0,0,0,0,0.0,0.0,-1
1.5000000000000002,33,33,11881,28170, 192.168.1.111,173.194.7.91,0,0,0,0,0, 192.168.1.111,173.194.7.25,0,0,0,0,0, 192.168.1.111,172.217.11.35,0,0,0,0,0, 192.168.1.111,172.217.9.225,QUIC,4,2,1633,1465, 192.168.1.111,172.217.12.150,QUIC,3,4,2881,1614, 192.168.1.111,172.217.10.78,QUIC,7,15,563,16302, 192.168.1.111,172.217.12.162,QUIC,4,2,1633,1465, 192.168.1.111,172.217.12.214,0,0,0,0,0, 192.168.1.111,172.217.11.14,0,0,0,0,0, 192.168.1.111,172.217.10.110,0,0,0,0,0, 192.168.1.111,172.217.9.227,QUIC,7,5,1902,3002, 192.168.1.111,172.217.11.46,QUIC,3,2,1553,1465, 192.168.1.111,216.58.209.131,0,0,0,0,0, 192.168.1.111,216.58.212.195,0,0,0,0,0, 192.168.1.111,172.217.9.238,0,0,0,0,0, 192.168.1.111,172.217.11.45,0,0,0,0,0, 192.168.1.111,172.217.11.42,0,0,0,0,0, 192.168.1.111,216.58.212.131,0,0,0,0,0, 192.168.1.111,104.237.191.1,0,0,0,0,0, 192.168.1.111,172.217.9.230,0,0,0,0,0, 192.168.1.111,172.217.17.99,0,0,0,0,0, 192.168.1.111,173.194.164.169,0,0,0,0,0, 192.168.1.111,172.217.11.3,0,0,0,0,0, 192.168.1.111,74.125.155.231,QUIC,5,3,1716,2857, 192.168.1.111,172.217.22.163,0,0,0,0,0, 192.168.1.111,0.0.0.0,0,0,0,0,0,0,0,0,0,0,1526400089972,0.0,1479.681,0,0,0,0,0,0,0,0,0,0.0,0.0,-1
1.6000000000000003,2,0,157,0, 192.168.1.111,173.194.7.91,0,0,0,0,0, 192.168.1.111,173.194.7.25,0,0,0,0,0, 192.168.1.111,172.217.11.35,0,0,0,0,0, 192.168.1.111,172.217.9.225,0,0,0,0,0, 192.168.1.111,172.217.12.150,QUIC,1,0,80,0, 192.168.1.111,172.217.10.78,QUIC,1,0,77,0, 192.168.1.111,172.217.12.162,0,0,0,0,0, 192.168.1.111,172.217.12.214,0,0,0,0,0, 192.168.1.111,172.217.11.14,0,0,0,0,0, 192.168.1.111,172.217.10.110,0,0,0,0,0, 192.168.1.111,172.217.9.227,0,0,0,0,0, 192.168.1.111,172.217.11.46,0,0,0,0,0, 192.168.1.111,216.58.209.131,0,0,0,0,0, 192.168.1.111,216.58.212.195,0,0,0,0,0, 192.168.1.111,172.217.9.238,0,0,0,0,0, 192.168.1.111,172.217.11.45,0,0,0,0,0, 192.168.1.111,172.217.11.42,0,0,0,0,0, 192.168.1.111,216.58.212.131,0,0,0,0,0, 192.168.1.111,104.237.191.1,0,0,0,0,0, 192.168.1.111,172.217.9.230,0,0,0,0,0, 192.168.1.111,172.217.17.99,0,0,0,0,0, 192.168.1.111,173.194.164.169,0,0,0,0,0, 192.168.1.111,172.217.11.3,0,0,0,0,0, 192.168.1.111,74.125.155.231,0,0,0,0,0, 192.168.1.111,172.217.22.163,0,0,0,0,0, 192.168.1.111,0.0.0.0,0,0,0,0,0,0,0,0,0,0,1526400089972,0.0,1479.681,0,0,0,0,0,0,0,0,0,0.0,0.0,-1
1.7000000000000004,6,11,451,7387, 192.168.1.111,173.194.7.91,0,0,0,0,0, 192.168.1.111,173.194.7.25,0,0,0,0,0, 192.168.1.111,172.217.11.35,0,0,0,0,0, 192.168.1.111,172.217.9.225,QUIC,1,2,77,1467, 192.168.1.111,172.217.12.150,QUIC,1,1,77,73, 192.168.1.111,172.217.10.78,QUIC,1,1,77,60, 192.168.1.111,172.217.12.162,QUIC,0,1,0,72, 192.168.1.111,172.217.12.214,0,0,0,0,0, 192.168.1.111,172.217.11.14,0,0,0,0,0, 192.168.1.111,172.217.10.110,0,0,0,0,0, 192.168.1.111,172.217.9.227,172.217.9.227,2,2,140,2784, 192.168.1.111,172.217.11.46,QUIC,0,1,0,72, 192.168.1.111,216.58.209.131,0,0,0,0,0, 192.168.1.111,216.58.212.195,0,0,0,0,0, 192.168.1.111,172.217.9.238,0,0,0,0,0, 192.168.1.111,172.217.11.45,0,0,0,0,0, 192.168.1.111,172.217.11.42,0,0,0,0,0, 192.168.1.111,216.58.212.131,0,0,0,0,0, 192.168.1.111,104.237.191.1,0,0,0,0,0, 192.168.1.111,172.217.9.230,0,0,0,0,0, 192.168.1.111,172.217.17.99,0,0,0,0,0, 192.168.1.111,173.194.164.169,0,0,0,0,0, 192.168.1.111,172.217.11.3,0,0,0,0,0, 192.168.1.111,74.125.155.231,QUIC,1,3,80,2859, 192.168.1.111,172.217.22.163,0,0,0,0,0, 192.168.1.111,0.0.0.0,0,0,0,0,0,0,0,0,0,0,1526400089972,0.0,1479.681,0,0,0,0,0,0,0,0,0,0.0,0.0,-1
1.8000000000000005,5,0,4797,0, 192.168.1.111,173.194.7.91,0,0,0,0,0, 192.168.1.111,173.194.7.25,0,0,0,0,0, 192.168.1.111,172.217.11.35,0,0,0,0,0, 192.168.1.111,172.217.9.225,0,0,0,0,0, 192.168.1.111,172.217.12.150,0,0,0,0,0, 192.168.1.111,172.217.10.78,0,0,0,0,0, 192.168.1.111,172.217.12.162,QUIC,1,0,543,0, 192.168.1.111,172.217.12.214,0,0,0,0,0, 192.168.1.111,172.217.11.14,0,0,0,0,0, 192.168.1.111,172.217.10.110,0,0,0,0,0, 192.168.1.111,172.217.9.227,0,0,0,0,0, 192.168.1.111,172.217.11.46,0,0,0,0,0, 192.168.1.111,216.58.209.131,0,0,0,0,0, 192.168.1.111,216.58.212.195,0,0,0,0,0, 192.168.1.111,172.217.9.238,0,0,0,0,0, 192.168.1.111,172.217.11.45,0,0,0,0,0, 192.168.1.111,172.217.11.42,0,0,0,0,0, 192.168.1.111,216.58.212.131,0,0,0,0,0, 192.168.1.111,104.237.191.1,0,0,0,0,0, 192.168.1.111,172.217.9.230,QUIC,4,0,4254,0, 192.168.1.111,172.217.17.99,0,0,0,0,0, 192.168.1.111,173.194.164.169,0,0,0,0,0, 192.168.1.111,172.217.11.3,0,0,0,0,0, 192.168.1.111,74.125.155.231,0,0,0,0,0, 192.168.1.111,172.217.22.163,0,0,0,0,0, 192.168.1.111,0.0.0.0,0,0,0,0,0,0,0,0,0,0,1526400089972,0.0,1479.681,0,0,0,0,0,0,0,0,0,0.0,0.0,-1
1.9000000000000008,7,9,2828,5522, 192.168.1.111,173.194.7.91,0,0,0,0,0, 192.168.1.111,173.194.7.25,0,0,0,0,0, 192.168.1.111,172.217.11.35,0,0,0,0,0, 192.168.1.111,172.217.9.225,0,0,0,0,0, 192.168.1.111,172.217.12.150,0,0,0,0,0, 192.168.1.111,172.217.10.78,0,0,0,0,0, 192.168.1.111,172.217.12.162,QUIC,1,2,83,1038, 192.168.1.111,172.217.12.214,0,0,0,0,0, 192.168.1.111,172.217.11.14,0,0,0,0,0, 192.168.1.111,172.217.10.110,0,0,0,0,0, 192.168.1.111,172.217.9.227,172.217.9.227,1,1,70,1392, 192.168.1.111,172.217.11.46,0,0,0,0,0, 192.168.1.111,216.58.209.131,0,0,0,0,0, 192.168.1.111,216.58.212.195,0,0,0,0,0, 192.168.1.111,172.217.9.238,0,0,0,0,0, 192.168.1.111,172.217.11.45,0,0,0,0,0, 192.168.1.111,172.217.11.42,0,0,0,0,0, 192.168.1.111,216.58.212.131,0,0,0,0,0, 192.168.1.111,104.237.191.1,0,0,0,0,0, 192.168.1.111,172.217.9.230,QUIC,5,6,2675,3092, 192.168.1.111,172.217.17.99,0,0,0,0,0, 192.168.1.111,173.194.164.169,0,0,0,0,0, 192.168.1.111,172.217.11.3,0,0,0,0,0, 192.168.1.111,74.125.155.231,0,0,0,0,0, 192.168.1.111,172.217.22.163,0,0,0,0,0, 192.168.1.111,0.0.0.0,0,0,0,0,0,0,0,0,0,0,1526400089972,0.0,1479.681,0,0,0,0,0,0,0,0,0,0.0,0.0,-1
2.0000000000000004,9,7,2021,5009, 192.168.1.111,173.194.7.91,0,0,0,0,0, 192.168.1.111,173.194.7.25,0,0,0,0,0, 192.168.1.111,172.217.11.35,0,0,0,0,0, 192.168.1.111,172.217.9.225,0,0,0,0,0, 192.168.1.111,172.217.12.150,0,0,0,0,0, 192.168.1.111,172.217.10.78,0,0,0,0,0, 192.168.1.111,172.217.12.162,0,0,0,0,0, 192.168.1.111,172.217.12.214,0,0,0,0,0, 192.168.1.111,172.217.11.14,0,0,0,0,0, 192.168.1.111,172.217.10.110,0,0,0,0,0, 192.168.1.111,172.217.9.227,0,0,0,0,0, 192.168.1.111,172.217.11.46,0,0,0,0,0, 192.168.1.111,216.58.209.131,0,0,0,0,0, 192.168.1.111,216.58.212.195,0,0,0,0,0, 192.168.1.111,172.217.9.238,0,0,0,0,0, 192.168.1.111,172.217.11.45,0,0,0,0,0, 192.168.1.111,172.217.11.42,0,0,0,0,0, 192.168.1.111,216.58.212.131,0,0,0,0,0, 192.168.1.111,104.237.191.1,0,0,0,0,0, 192.168.1.111,172.217.9.230,QUIC,7,6,1230,4911, 192.168.1.111,172.217.17.99,0,0,0,0,0, 192.168.1.111,173.194.164.169,0,0,0,0,0, 192.168.1.111,172.217.11.3,0,0,0,0,0, 192.168.1.111,74.125.155.231,0,0,0,0,0, 192.168.1.111,172.217.22.163,0,0,0,0,0, 192.168.1.111,0.0.0.0,0,2,0,791,0,0,0,0,0,0,1526400089972,0.0,1479.681,0,0,0,0,0,0,0,0,0,0.0,0.0,-1
2.1000000000000005,7,5,1883,2273, 192.168.1.111,173.194.7.91,0,0,0,0,0, 192.168.1.111,173.194.7.25,0,0,0,0,0, 192.168.1.111,172.217.11.35,0,0,0,0,0, 192.168.1.111,172.217.9.225,0,0,0,0,0, 192.168.1.111,172.217.12.150,0,0,0,0,0, 192.168.1.111,172.217.10.78,QUIC,2,1,891,99, 192.168.1.111,172.217.12.162,0,0,0,0,0, 192.168.1.111,172.217.12.214,0,0,0,0,0, 192.168.1.111,172.217.11.14,0,0,0,0,0, 192.168.1.111,172.217.10.110,0,0,0,0,0, 192.168.1.111,172.217.9.227,172.217.9.227,1,1,70,1392, 192.168.1.111,172.217.11.46,0,0,0,0,0, 192.168.1.111,216.58.209.131,0,0,0,0,0, 192.168.1.111,216.58.212.195,0,0,0,0,0, 192.168.1.111,172.217.9.238,0,0,0,0,0, 192.168.1.111,172.217.11.45,0,0,0,0,0, 192.168.1.111,172.217.11.42,0,0,0,0,0, 192.168.1.111,216.58.212.131,0,0,0,0,0, 192.168.1.111,104.237.191.1,0,0,0,0,0, 192.168.1.111,172.217.9.230,QUIC,3,3,209,782, 192.168.1.111,172.217.17.99,0,0,0,0,0, 192.168.1.111,173.194.164.169,0,0,0,0,0, 192.168.1.111,172.217.11.3,0,0,0,0,0, 192.168.1.111,74.125.155.231,0,0,0,0,0, 192.168.1.111,172.217.22.163,0,0,0,0,0, 192.168.1.111,0.0.0.0,0,1,0,713,0,0,0,0,0,0,1526400089972,0.0,1479.681,0,0,0,0,0,0,0,0,0,0.0,0.0,-1
2.2000000000000006,1,0,713,0, 192.168.1.111,173.194.7.91,0,0,0,0,0, 192.168.1.111,173.194.7.25,0,0,0,0,0, 192.168.1.111,172.217.11.35,0,0,0,0,0, 192.168.1.111,172.217.9.225,0,0,0,0,0, 192.168.1.111,172.217.12.150,0,0,0,0,0, 192.168.1.111,172.217.10.78,0,0,0,0,0, 192.168.1.111,172.217.12.162,0,0,0,0,0, 192.168.1.111,172.217.12.214,0,0,0,0,0, 192.168.1.111,172.217.11.14,0,0,0,0,0, 192.168.1.111,172.217.10.110,0,0,0,0,0, 192.168.1.111,172.217.9.227,0,0,0,0,0, 192.168.1.111,172.217.11.46,0,0,0,0,0, 192.168.1.111,216.58.209.131,0,0,0,0,0, 192.168.1.111,216.58.212.195,0,0,0,0,0, 192.168.1.111,172.217.9.238,0,0,0,0,0, 192.168.1.111,172.217.11.45,0,0,0,0,0, 192.168.1.111,172.217.11.42,0,0,0,0,0, 192.168.1.111,216.58.212.131,0,0,0,0,0, 192.168.1.111,104.237.191.1,0,0,0,0,0, 192.168.1.111,172.217.9.230,0,0,0,0,0, 192.168.1.111,172.217.17.99,0,0,0,0,0, 192.168.1.111,173.194.164.169,0,0,0,0,0, 192.168.1.111,172.217.11.3,0,0,0,0,0, 192.168.1.111,74.125.155.231,0,0,0,0,0, 192.168.1.111,172.217.22.163,0,0,0,0,0, 192.168.1.111,0.0.0.0,0,1,0,713,0,0,0,0,0,0,1526400089972,0.0,1479.681,0,0,0,0,0,0,0,0,0,0.0,0.0,-1
2.3000000000000007,0,0,0,0, 192.168.1.111,173.194.7.91,0,0,0,0,0, 192.168.1.111,173.194.7.25,0,0,0,0,0, 192.168.1.111,172.217.11.35,0,0,0,0,0, 192.168.1.111,172.217.9.225,0,0,0,0,0, 192.168.1.111,172.217.12.150,0,0,0,0,0, 192.168.1.111,172.217.10.78,0,0,0,0,0, 192.168.1.111,172.217.12.162,0,0,0,0,0, 192.168.1.111,172.217.12.214,0,0,0,0,0, 192.168.1.111,172.217.11.14,0,0,0,0,0, 192.168.1.111,172.217.10.110,0,0,0,0,0, 192.168.1.111,172.217.9.227,0,0,0,0,0, 192.168.1.111,172.217.11.46,0,0,0,0,0, 192.168.1.111,216.58.209.131,0,0,0,0,0, 192.168.1.111,216.58.212.195,0,0,0,0,0, 192.168.1.111,172.217.9.238,0,0,0,0,0, 192.168.1.111,172.217.11.45,0,0,0,0,0, 192.168.1.111,172.217.11.42,0,0,0,0,0, 192.168.1.111,216.58.212.131,0,0,0,0,0, 192.168.1.111,104.237.191.1,0,0,0,0,0, 192.168.1.111,172.217.9.230,0,0,0,0,0, 192.168.1.111,172.217.17.99,0,0,0,0,0, 192.168.1.111,173.194.164.169,0,0,0,0,0, 192.168.1.111,172.217.11.3,0,0,0,0,0, 192.168.1.111,74.125.155.231,0,0,0,0,0, 192.168.1.111,172.217.22.163,0,0,0,0,0, 192.168.1.111,0.0.0.0,0,0,0,0,0,0,0,0,0,0,1526400089972,0.0,1479.681,0,0,0,0,0,0,0,0,0,0.0,0.0,-1
2.400000000000001,2,0,1139,0, 192.168.1.111,173.194.7.91,0,0,0,0,0, 192.168.1.111,173.194.7.25,0,0,0,0,0, 192.168.1.111,172.217.11.35,0,0,0,0,0, 192.168.1.111,172.217.9.225,0,0,0,0,0, 192.168.1.111,172.217.12.150,0,0,0,0,0, 192.168.1.111,172.217.10.78,QUIC,1,0,426,0, 192.168.1.111,172.217.12.162,0,0,0,0,0, 192.168.1.111,172.217.12.214,0,0,0,0,0, 192.168.1.111,172.217.11.14,0,0,0,0,0, 192.168.1.111,172.217.10.110,0,0,0,0,0, 192.168.1.111,172.217.9.227,0,0,0,0,0, 192.168.1.111,172.217.11.46,0,0,0,0,0, 192.168.1.111,216.58.209.131,0,0,0,0,0, 192.168.1.111,216.58.212.195,0,0,0,0,0, 192.168.1.111,172.217.9.238,0,0,0,0,0, 192.168.1.111,172.217.11.45,0,0,0,0,0, 192.168.1.111,172.217.11.42,0,0,0,0,0, 192.168.1.111,216.58.212.131,0,0,0,0,0, 192.168.1.111,104.237.191.1,0,0,0,0,0, 192.168.1.111,172.217.9.230,0,0,0,0,0, 192.168.1.111,172.217.17.99,0,0,0,0,0, 192.168.1.111,173.194.164.169,0,0,0,0,0, 192.168.1.111,172.217.11.3,0,0,0,0,0, 192.168.1.111,74.125.155.231,0,0,0,0,0, 192.168.1.111,172.217.22.163,0,0,0,0,0, 192.168.1.111,0.0.0.0,0,1,0,713,0,0,0,0,0,0,1526400089972,0.0,1479.681,0,0,0,0,0,0,0,0,0,0.0,0.0,-1
13.999999999999966,20,31,2945,37866, 192.168.1.111,173.194.7.91,QUIC,16,27,1348,37567, 192.168.1.111,173.194.7.25,0,0,0,0,0, 192.168.1.111,172.217.11.35,0,0,0,0,0, 192.168.1.111,172.217.9.225,0,0,0,0,0, 192.168.1.111,172.217.12.150,0,0,0,0,0, 192.168.1.111,172.217.10.78,QUIC,3,3,1253,221, 192.168.1.111,172.217.12.162,QUIC,1,1,344,78, 192.168.1.111,172.217.12.214,0,0,0,0,0, 192.168.1.111,172.217.11.14,0,0,0,0,0, 192.168.1.111,172.217.10.110,0,0,0,0,0, 192.168.1.111,172.217.9.227,0,0,0,0,0, 192.168.1.111,172.217.11.46,0,0,0,0,0, 192.168.1.111,216.58.209.131,0,0,0,0,0, 192.168.1.111,216.58.212.195,0,0,0,0,0, 192.168.1.111,172.217.9.238,0,0,0,0,0, 192.168.1.111,172.217.11.45,0,0,0,0,0, 192.168.1.111,172.217.11.42,0,0,0,0,0, 192.168.1.111,216.58.212.131,0,0,0,0,0, 192.168.1.111,104.237.191.1,0,0,0,0,0, 192.168.1.111,172.217.9.230,0,0,0,0,0, 192.168.1.111,172.217.17.99,0,0,0,0,0, 192.168.1.111,173.194.164.169,0,0,0,0,0, 192.168.1.111,172.217.11.3,0,0,0,0,0, 192.168.1.111,74.125.155.231,0,0,0,0,0, 192.168.1.111,172.217.22.163,0,0,0,0,0, 192.168.1.111,0.0.0.0,0,0,0,0,0,0,0,1,0,1526400102595,1526400089972,0.0855681049041748,1479.681,0,0,0,0,0,0,1,0,0,7.330431895095826,0.0050118910765225,true
1799.699999999459,0,0,0,0, 192.168.1.111,173.194.7.91,0,0,0,0,0, 192.168.1.111,173.194.7.25,0,0,0,0,0, 192.168.1.111,172.217.11.35,0,0,0,0,0, 192.168.1.111,172.217.9.225,0,0,0,0,0, 192.168.1.111,172.217.12.150,0,0,0,0,0, 192.168.1.111,172.217.10.78,0,0,0,0,0, 192.168.1.111,172.217.12.162,0,0,0,0,0, 192.168.1.111,172.217.12.214,0,0,0,0,0, 192.168.1.111,172.217.11.14,0,0,0,0,0, 192.168.1.111,172.217.10.110,0,0,0,0,0, 192.168.1.111,172.217.9.227,0,0,0,0,0, 192.168.1.111,172.217.11.46,0,0,0,0,0, 192.168.1.111,216.58.209.131,0,0,0,0,0, 192.168.1.111,216.58.212.195,0,0,0,0,0, 192.168.1.111,172.217.9.238,0,0,0,0,0, 192.168.1.111,172.217.11.45,0,0,0,0,0, 192.168.1.111,172.217.11.42,0,0,0,0,0, 192.168.1.111,216.58.212.131,0,0,0,0,0, 192.168.1.111,104.237.191.1,0,0,0,0,0, 192.168.1.111,172.217.9.230,0,0,0,0,0, 192.168.1.111,172.217.17.99,0,0,0,0,0, 192.168.1.111,173.194.164.169,0,0,0,0,0, 192.168.1.111,172.217.11.3,0,0,0,0,0, 192.168.1.111,74.125.155.231,0,0,0,0,0, 192.168.1.111,172.217.22.163,0,0,0,0,0, 192.168.1.111,0.0.0.0,0,0,0,0,0,0,0,0,0,0,1526400089972,0.0,1479.681,0,0,0,0,0,0,0,0,0,0.0,0.0,-1
1799.7999999994586,0,0,0,0, 192.168.1.111,173.194.7.91,0,0,0,0,0, 192.168.1.111,173.194.7.25,0,0,0,0,0, 192.168.1.111,172.217.11.35,0,0,0,0,0, 192.168.1.111,172.217.9.225,0,0,0,0,0, 192.168.1.111,172.217.12.150,0,0,0,0,0, 192.168.1.111,172.217.10.78,0,0,0,0,0, 192.168.1.111,172.217.12.162,0,0,0,0,0, 192.168.1.111,172.217.12.214,0,0,0,0,0, 192.168.1.111,172.217.11.14,0,0,0,0,0, 192.168.1.111,172.217.10.110,0,0,0,0,0, 192.168.1.111,172.217.9.227,0,0,0,0,0, 192.168.1.111,172.217.11.46,0,0,0,0,0, 192.168.1.111,216.58.209.131,0,0,0,0,0, 192.168.1.111,216.58.212.195,0,0,0,0,0, 192.168.1.111,172.217.9.238,0,0,0,0,0, 192.168.1.111,172.217.11.45,0,0,0,0,0, 192.168.1.111,172.217.11.42,0,0,0,0,0, 192.168.1.111,216.58.212.131,0,0,0,0,0, 192.168.1.111,104.237.191.1,0,0,0,0,0, 192.168.1.111,172.217.9.230,0,0,0,0,0, 192.168.1.111,172.217.17.99,0,0,0,0,0, 192.168.1.111,173.194.164.169,0,0,0,0,0, 192.168.1.111,172.217.11.3,0,0,0,0,0, 192.168.1.111,74.125.155.231,0,0,0,0,0, 192.168.1.111,172.217.22.163,0,0,0,0,0, 192.168.1.111,0.0.0.0,0,0,0,0,0,0,0,0,0,0,1526400089972,0.0,1479.681,0,0,0,0,0,0,0,0,0,0.0,0.0,-1
1799.8999999994585,0,0,0,0, 192.168.1.111,173.194.7.91,0,0,0,0,0, 192.168.1.111,173.194.7.25,0,0,0,0,0, 192.168.1.111,172.217.11.35,0,0,0,0,0, 192.168.1.111,172.217.9.225,0,0,0,0,0, 192.168.1.111,172.217.12.150,0,0,0,0,0, 192.168.1.111,172.217.10.78,0,0,0,0,0, 192.168.1.111,172.217.12.162,0,0,0,0,0, 192.168.1.111,172.217.12.214,0,0,0,0,0, 192.168.1.111,172.217.11.14,0,0,0,0,0, 192.168.1.111,172.217.10.110,0,0,0,0,0, 192.168.1.111,172.217.9.227,0,0,0,0,0, 192.168.1.111,172.217.11.46,0,0,0,0,0, 192.168.1.111,216.58.209.131,0,0,0,0,0, 192.168.1.111,216.58.212.195,0,0,0,0,0, 192.168.1.111,172.217.9.238,0,0,0,0,0, 192.168.1.111,172.217.11.45,0,0,0,0,0, 192.168.1.111,172.217.11.42,0,0,0,0,0, 192.168.1.111,216.58.212.131,0,0,0,0,0, 192.168.1.111,104.237.191.1,0,0,0,0,0, 192.168.1.111,172.217.9.230,0,0,0,0,0, 192.168.1.111,172.217.17.99,0,0,0,0,0, 192.168.1.111,173.194.164.169,0,0,0,0,0, 192.168.1.111,172.217.11.3,0,0,0,0,0, 192.168.1.111,74.125.155.231,0,0,0,0,0, 192.168.1.111,172.217.22.163,0,0,0,0,0, 192.168.1.111,0.0.0.0,0,0,0,0,0,0,0,0,0,0,1526400089972,0.0,1479.681,0,0,0,0,0,0,0,0,0,0.0,0.0,-1
1799.9999999994584,0,0,0,0, 192.168.1.111,173.194.7.91,0,0,0,0,0, 192.168.1.111,173.194.7.25,0,0,0,0,0, 192.168.1.111,172.217.11.35,0,0,0,0,0, 192.168.1.111,172.217.9.225,0,0,0,0,0, 192.168.1.111,172.217.12.150,0,0,0,0,0, 192.168.1.111,172.217.10.78,0,0,0,0,0, 192.168.1.111,172.217.12.162,0,0,0,0,0, 192.168.1.111,172.217.12.214,0,0,0,0,0, 192.168.1.111,172.217.11.14,0,0,0,0,0, 192.168.1.111,172.217.10.110,0,0,0,0,0, 192.168.1.111,172.217.9.227,0,0,0,0,0, 192.168.1.111,172.217.11.46,0,0,0,0,0, 192.168.1.111,216.58.209.131,0,0,0,0,0, 192.168.1.111,216.58.212.195,0,0,0,0,0, 192.168.1.111,172.217.9.238,0,0,0,0,0, 192.168.1.111,172.217.11.45,0,0,0,0,0, 192.168.1.111,172.217.11.42,0,0,0,0,0, 192.168.1.111,216.58.212.131,0,0,0,0,0, 192.168.1.111,104.237.191.1,0,0,0,0,0, 192.168.1.111,172.217.9.230,0,0,0,0,0, 192.168.1.111,172.217.17.99,0,0,0,0,0, 192.168.1.111,173.194.164.169,0,0,0,0,0, 192.168.1.111,172.217.11.3,0,0,0,0,0, 192.168.1.111,74.125.155.231,0,0,0,0,0, 192.168.1.111,172.217.22.163,0,0,0,0,0, 192.168.1.111,0.0.0.0,0,0,0,0,0,0,0,0,0,0,1526400089972,0.0,1479.681,0,0,0,0,0,0,0,0,0,0.0,0.0,-1
1800.0999999994583,0,0,0,0, 192.168.1.111,173.194.7.91,0,0,0,0,0, 192.168.1.111,173.194.7.25,0,0,0,0,0, 192.168.1.111,172.217.11.35,0,0,0,0,0, 192.168.1.111,172.217.9.225,0,0,0,0,0, 192.168.1.111,172.217.12.150,0,0,0,0,0, 192.168.1.111,172.217.10.78,0,0,0,0,0, 192.168.1.111,172.217.12.162,0,0,0,0,0, 192.168.1.111,172.217.12.214,0,0,0,0,0, 192.168.1.111,172.217.11.14,0,0,0,0,0, 192.168.1.111,172.217.10.110,0,0,0,0,0, 192.168.1.111,172.217.9.227,0,0,0,0,0, 192.168.1.111,172.217.11.46,0,0,0,0,0, 192.168.1.111,216.58.209.131,0,0,0,0,0, 192.168.1.111,216.58.212.195,0,0,0,0,0, 192.168.1.111,172.217.9.238,0,0,0,0,0, 192.168.1.111,172.217.11.45,0,0,0,0,0, 192.168.1.111,172.217.11.42,0,0,0,0,0, 192.168.1.111,216.58.212.131,0,0,0,0,0, 192.168.1.111,104.237.191.1,0,0,0,0,0, 192.168.1.111,172.217.9.230,0,0,0,0,0, 192.168.1.111,172.217.17.99,0,0,0,0,0, 192.168.1.111,173.194.164.169,0,0,0,0,0, 192.168.1.111,172.217.11.3,0,0,0,0,0, 192.168.1.111,74.125.155.231,0,0,0,0,0, 192.168.1.111,172.217.22.163,0,0,0,0,0, 192.168.1.111,0.0.0.0,0,0,0,0,0,0,0,0,0,0,1526400089972,0.0,1479.681,0,0,0,0,0,0,0,0,0,0.0,0.0,-1
1800.1999999994582,0,0,0,0, 192.168.1.111,173.194.7.91,0,0,0,0,0, 192.168.1.111,173.194.7.25,0,0,0,0,0, 192.168.1.111,172.217.11.35,0,0,0,0,0, 192.168.1.111,172.217.9.225,0,0,0,0,0, 192.168.1.111,172.217.12.150,0,0,0,0,0, 192.168.1.111,172.217.10.78,0,0,0,0,0, 192.168.1.111,172.217.12.162,0,0,0,0,0, 192.168.1.111,172.217.12.214,0,0,0,0,0, 192.168.1.111,172.217.11.14,0,0,0,0,0, 192.168.1.111,172.217.10.110,0,0,0,0,0, 192.168.1.111,172.217.9.227,0,0,0,0,0, 192.168.1.111,172.217.11.46,0,0,0,0,0, 192.168.1.111,216.58.209.131,0,0,0,0,0, 192.168.1.111,216.58.212.195,0,0,0,0,0, 192.168.1.111,172.217.9.238,0,0,0,0,0, 192.168.1.111,172.217.11.45,0,0,0,0,0, 192.168.1.111,172.217.11.42,0,0,0,0,0, 192.168.1.111,216.58.212.131,0,0,0,0,0, 192.168.1.111,104.237.191.1,0,0,0,0,0, 192.168.1.111,172.217.9.230,0,0,0,0,0, 192.168.1.111,172.217.17.99,0,0,0,0,0, 192.168.1.111,173.194.164.169,0,0,0,0,0, 192.168.1.111,172.217.11.3,0,0,0,0,0, 192.168.1.111,74.125.155.231,0,0,0,0,0, 192.168.1.111,172.217.22.163,0,0,0,0,0, 192.168.1.111,0.0.0.0,0,0,0,0,0,0,0,0,0,0,1526400089972,0.0,1479.681,0,0,0,0,0,0,0,0,0,0.0,0.0,-1
1800.299999999458,0,0,0,0, 192.168.1.111,173.194.7.91,0,0,0,0,0, 192.168.1.111,173.194.7.25,0,0,0,0,0, 192.168.1.111,172.217.11.35,0,0,0,0,0, 192.168.1.111,172.217.9.225,0,0,0,0,0, 192.168.1.111,172.217.12.150,0,0,0,0,0, 192.168.1.111,172.217.10.78,0,0,0,0,0, 192.168.1.111,172.217.12.162,0,0,0,0,0, 192.168.1.111,172.217.12.214,0,0,0,0,0, 192.168.1.111,172.217.11.14,0,0,0,0,0, 192.168.1.111,172.217.10.110,0,0,0,0,0, 192.168.1.111,172.217.9.227,0,0,0,0,0, 192.168.1.111,172.217.11.46,0,0,0,0,0, 192.168.1.111,216.58.209.131,0,0,0,0,0, 192.168.1.111,216.58.212.195,0,0,0,0,0, 192.168.1.111,172.217.9.238,0,0,0,0,0, 192.168.1.111,172.217.11.45,0,0,0,0,0, 192.168.1.111,172.217.11.42,0,0,0,0,0, 192.168.1.111,216.58.212.131,0,0,0,0,0, 192.168.1.111,104.237.191.1,0,0,0,0,0, 192.168.1.111,172.217.9.230,0,0,0,0,0, 192.168.1.111,172.217.17.99,0,0,0,0,0, 192.168.1.111,173.194.164.169,0,0,0,0,0, 192.168.1.111,172.217.11.3,0,0,0,0,0, 192.168.1.111,74.125.155.231,0,0,0,0,0, 192.168.1.111,172.217.22.163,0,0,0,0,0, 192.168.1.111,0.0.0.0,0,0,0,0,0,0,0,0,0,0,1526400089972,0.0,1479.681,0,0,0,0,0,0,0,0,0,0.0,0.0,-1
1800.399999999458,0,0,0,0, 192.168.1.111,173.194.7.91,0,0,0,0,0, 192.168.1.111,173.194.7.25,0,0,0,0,0, 192.168.1.111,172.217.11.35,0,0,0,0,0, 192.168.1.111,172.217.9.225,0,0,0,0,0, 192.168.1.111,172.217.12.150,0,0,0,0,0, 192.168.1.111,172.217.10.78,0,0,0,0,0, 192.168.1.111,172.217.12.162,0,0,0,0,0, 192.168.1.111,172.217.12.214,0,0,0,0,0, 192.168.1.111,172.217.11.14,0,0,0,0,0, 192.168.1.111,172.217.10.110,0,0,0,0,0, 192.168.1.111,172.217.9.227,0,0,0,0,0, 192.168.1.111,172.217.11.46,0,0,0,0,0, 192.168.1.111,216.58.209.131,0,0,0,0,0, 192.168.1.111,216.58.212.195,0,0,0,0,0, 192.168.1.111,172.217.9.238,0,0,0,0,0, 192.168.1.111,172.217.11.45,0,0,0,0,0, 192.168.1.111,172.217.11.42,0,0,0,0,0, 192.168.1.111,216.58.212.131,0,0,0,0,0, 192.168.1.111,104.237.191.1,0,0,0,0,0, 192.168.1.111,172.217.9.230,0,0,0,0,0, 192.168.1.111,172.217.17.99,0,0,0,0,0, 192.168.1.111,173.194.164.169,0,0,0,0,0, 192.168.1.111,172.217.11.3,0,0,0,0,0, 192.168.1.111,74.125.155.231,0,0,0,0,0, 192.168.1.111,172.217.22.163,0,0,0,0,0, 192.168.1.111,0.0.0.0,0,0,0,0,0,0,0,0,0,0,1526400089972,0.0,1479.681,0,0,0,0,0,0,0,0,0,0.0,0.0,-1
1800.499999999458,0,0,0,0, 192.168.1.111,173.194.7.91,0,0,0,0,0, 192.168.1.111,173.194.7.25,0,0,0,0,0, 192.168.1.111,172.217.11.35,0,0,0,0,0, 192.168.1.111,172.217.9.225,0,0,0,0,0, 192.168.1.111,172.217.12.150,0,0,0,0,0, 192.168.1.111,172.217.10.78,0,0,0,0,0, 192.168.1.111,172.217.12.162,0,0,0,0,0, 192.168.1.111,172.217.12.214,0,0,0,0,0, 192.168.1.111,172.217.11.14,0,0,0,0,0, 192.168.1.111,172.217.10.110,0,0,0,0,0, 192.168.1.111,172.217.9.227,0,0,0,0,0, 192.168.1.111,172.217.11.46,0,0,0,0,0, 192.168.1.111,216.58.209.131,0,0,0,0,0, 192.168.1.111,216.58.212.195,0,0,0,0,0, 192.168.1.111,172.217.9.238,0,0,0,0,0, 192.168.1.111,172.217.11.45,0,0,0,0,0, 192.168.1.111,172.217.11.42,0,0,0,0,0, 192.168.1.111,216.58.212.131,0,0,0,0,0, 192.168.1.111,104.237.191.1,0,0,0,0,0, 192.168.1.111,172.217.9.230,0,0,0,0,0, 192.168.1.111,172.217.17.99,0,0,0,0,0, 192.168.1.111,173.194.164.169,0,0,0,0,0, 192.168.1.111,172.217.11.3,0,0,0,0,0, 192.168.1.111,74.125.155.231,0,0,0,0,0, 192.168.1.111,172.217.22.163,0,0,0,0,0, 192.168.1.111,0.0.0.0,0,0,0,0,0,0,0,0,0,0,1526400089972,0.0,1479.681,0,0,0,0,0,0,0,0,0,0.0,0.0,-1
1800.599999999458,0,0,0,0, 192.168.1.111,173.194.7.91,0,0,0,0,0, 192.168.1.111,173.194.7.25,0,0,0,0,0, 192.168.1.111,172.217.11.35,0,0,0,0,0, 192.168.1.111,172.217.9.225,0,0,0,0,0, 192.168.1.111,172.217.12.150,0,0,0,0,0, 192.168.1.111,172.217.10.78,0,0,0,0,0, 192.168.1.111,172.217.12.162,0,0,0,0,0, 192.168.1.111,172.217.12.214,0,0,0,0,0, 192.168.1.111,172.217.11.14,0,0,0,0,0, 192.168.1.111,172.217.10.110,0,0,0,0,0, 192.168.1.111,172.217.9.227,0,0,0,0,0, 192.168.1.111,172.217.11.46,0,0,0,0,0, 192.168.1.111,216.58.209.131,0,0,0,0,0, 192.168.1.111,216.58.212.195,0,0,0,0,0, 192.168.1.111,172.217.9.238,0,0,0,0,0, 192.168.1.111,172.217.11.45,0,0,0,0,0, 192.168.1.111,172.217.11.42,0,0,0,0,0, 192.168.1.111,216.58.212.131,0,0,0,0,0, 192.168.1.111,104.237.191.1,0,0,0,0,0, 192.168.1.111,172.217.9.230,0,0,0,0,0, 192.168.1.111,172.217.17.99,0,0,0,0,0, 192.168.1.111,173.194.164.169,0,0,0,0,0, 192.168.1.111,172.217.11.3,0,0,0,0,0, 192.168.1.111,74.125.155.231,0,0,0,0,0, 192.168.1.111,172.217.22.163,0,0,0,0,0, 192.168.1.111,0.0.0.0,0,0,0,0,0,0,0,0,0,0,1526400089972,0.0,1479.681,0,0,0,0,0,0,0,0,0,0.0,0.0,-1
1800.6999999994578,0,0,0,0, 192.168.1.111,173.194.7.91,0,0,0,0,0, 192.168.1.111,173.194.7.25,0,0,0,0,0, 192.168.1.111,172.217.11.35,0,0,0,0,0, 192.168.1.111,172.217.9.225,0,0,0,0,0, 192.168.1.111,172.217.12.150,0,0,0,0,0, 192.168.1.111,172.217.10.78,0,0,0,0,0, 192.168.1.111,172.217.12.162,0,0,0,0,0, 192.168.1.111,172.217.12.214,0,0,0,0,0, 192.168.1.111,172.217.11.14,0,0,0,0,0, 192.168.1.111,172.217.10.110,0,0,0,0,0, 192.168.1.111,172.217.9.227,0,0,0,0,0, 192.168.1.111,172.217.11.46,0,0,0,0,0, 192.168.1.111,216.58.209.131,0,0,0,0,0, 192.168.1.111,216.58.212.195,0,0,0,0,0, 192.168.1.111,172.217.9.238,0,0,0,0,0, 192.168.1.111,172.217.11.45,0,0,0,0,0, 192.168.1.111,172.217.11.42,0,0,0,0,0, 192.168.1.111,216.58.212.131,0,0,0,0,0, 192.168.1.111,104.237.191.1,0,0,0,0,0, 192.168.1.111,172.217.9.230,0,0,0,0,0, 192.168.1.111,172.217.17.99,0,0,0,0,0, 192.168.1.111,173.194.164.169,0,0,0,0,0, 192.168.1.111,172.217.11.3,0,0,0,0,0, 192.168.1.111,74.125.155.231,0,0,0,0,0, 192.168.1.111,172.217.22.163,0,0,0,0,0, 192.168.1.111,0.0.0.0,0,0,0,0,0,0,0,0,0,0,1526400089972,0.0,1479.681,0,0,0,0,0,0,0,0,0,0.0,0.0,-1
1800.7999999994577,0,0,0,0, 192.168.1.111,173.194.7.91,0,0,0,0,0, 192.168.1.111,173.194.7.25,0,0,0,0,0, 192.168.1.111,172.217.11.35,0,0,0,0,0, 192.168.1.111,172.217.9.225,0,0,0,0,0, 192.168.1.111,172.217.12.150,0,0,0,0,0, 192.168.1.111,172.217.10.78,0,0,0,0,0, 192.168.1.111,172.217.12.162,0,0,0,0,0, 192.168.1.111,172.217.12.214,0,0,0,0,0, 192.168.1.111,172.217.11.14,0,0,0,0,0, 192.168.1.111,172.217.10.110,0,0,0,0,0, 192.168.1.111,172.217.9.227,0,0,0,0,0, 192.168.1.111,172.217.11.46,0,0,0,0,0, 192.168.1.111,216.58.209.131,0,0,0,0,0, 192.168.1.111,216.58.212.195,0,0,0,0,0, 192.168.1.111,172.217.9.238,0,0,0,0,0, 192.168.1.111,172.217.11.45,0,0,0,0,0, 192.168.1.111,172.217.11.42,0,0,0,0,0, 192.168.1.111,216.58.212.131,0,0,0,0,0, 192.168.1.111,104.237.191.1,0,0,0,0,0, 192.168.1.111,172.217.9.230,0,0,0,0,0, 192.168.1.111,172.217.17.99,0,0,0,0,0, 192.168.1.111,173.194.164.169,0,0,0,0,0, 192.168.1.111,172.217.11.3,0,0,0,0,0, 192.168.1.111,74.125.155.231,0,0,0,0,0, 192.168.1.111,172.217.22.163,0,0,0,0,0, 192.168.1.111,0.0.0.0,0,0,0,0,0,0,0,0,0,0,1526400089972,0.0,1479.681,0,0,0,0,0,0,0,0,0,0.0,0.0,-1
1800.8999999994576,0,0,0,0, 192.168.1.111,173.194.7.91,0,0,0,0,0, 192.168.1.111,173.194.7.25,0,0,0,0,0, 192.168.1.111,172.217.11.35,0,0,0,0,0, 192.168.1.111,172.217.9.225,0,0,0,0,0, 192.168.1.111,172.217.12.150,0,0,0,0,0, 192.168.1.111,172.217.10.78,0,0,0,0,0, 192.168.1.111,172.217.12.162,0,0,0,0,0, 192.168.1.111,172.217.12.214,0,0,0,0,0, 192.168.1.111,172.217.11.14,0,0,0,0,0, 192.168.1.111,172.217.10.110,0,0,0,0,0, 192.168.1.111,172.217.9.227,0,0,0,0,0, 192.168.1.111,172.217.11.46,0,0,0,0,0, 192.168.1.111,216.58.209.131,0,0,0,0,0, 192.168.1.111,216.58.212.195,0,0,0,0,0, 192.168.1.111,172.217.9.238,0,0,0,0,0, 192.168.1.111,172.217.11.45,0,0,0,0,0, 192.168.1.111,172.217.11.42,0,0,0,0,0, 192.168.1.111,216.58.212.131,0,0,0,0,0, 192.168.1.111,104.237.191.1,0,0,0,0,0, 192.168.1.111,172.217.9.230,0,0,0,0,0, 192.168.1.111,172.217.17.99,0,0,0,0,0, 192.168.1.111,173.194.164.169,0,0,0,0,0, 192.168.1.111,172.217.11.3,0,0,0,0,0, 192.168.1.111,74.125.155.231,0,0,0,0,0, 192.168.1.111,172.217.22.163,0,0,0,0,0, 192.168.1.111,0.0.0.0,0,0,0,0,0,0,0,0,0,0,1526400089972,0.0,1479.681,0,0,0,0,0,0,0,0,0,0.0,0.0,-1
0.0,1,0,217,0, 192.168.1.111,74.125.155.188,0,0,0,0,0, 192.168.1.111,74.125.155.202,0,0,0,0,0, 192.168.1.111,172.217.11.3,0,0,0,0,0, 192.168.1.111,172.217.13.227,0,0,0,0,0, 192.168.1.111,172.217.6.206,0,0,0,0,0, 192.168.1.111,172.217.11.14,0,0,0,0,0, 192.168.1.111,172.217.5.246,0,0,0,0,0, 192.168.1.111,172.217.6.238,0,0,0,0,0, 192.168.1.111,172.217.11.46,0,0,0,0,0, 192.168.1.111,172.217.10.238,0,0,0,0,0, 192.168.1.111,172.217.6.227,0,0,0,0,0, 192.168.1.111,172.217.20.99,0,0,0,0,0, 192.168.1.111,172.217.10.110,0,0,0,0,0, 192.168.1.111,172.217.17.67,0,0,0,0,0, 192.168.1.111,173.194.184.106,0,0,0,0,0, 192.168.1.111,172.217.11.42,0,0,0,0,0, 192.168.1.111,104.237.191.1,0,0,0,0,0, 192.168.1.111,172.217.9.243,0,0,0,0,0, 192.168.1.111,172.217.10.98,0,0,0,0,0, 192.168.1.111,172.217.135.41,0,0,0,0,0, 192.168.1.111,173.194.7.25,0,0,0,0,0, 192.168.1.111,216.58.211.99,0,0,0,0,0, 192.168.1.111,172.217.11.13,0,0,0,0,0, 192.168.1.111,172.217.20.67,0,0,0,0,0, 192.168.1.111,216.58.211.131,0,0,0,0,0, 192.168.1.111,0.0.0.0,0,1,0,217,0,0,0,0,0,0,1526512263621,0.0,6252.241,0,0,0,0,0,0,0,0,0,0.0,0.0,-1
0.1,0,0,0,0, 192.168.1.111,74.125.155.188,0,0,0,0,0, 192.168.1.111,74.125.155.202,0,0,0,0,0, 192.168.1.111,172.217.11.3,0,0,0,0,0, 192.168.1.111,172.217.13.227,0,0,0,0,0, 192.168.1.111,172.217.6.206,0,0,0,0,0, 192.168.1.111,172.217.11.14,0,0,0,0,0, 192.168.1.111,172.217.5.246,0,0,0,0,0, 192.168.1.111,172.217.6.238,0,0,0,0,0, 192.168.1.111,172.217.11.46,0,0,0,0,0, 192.168.1.111,172.217.10.238,0,0,0,0,0, 192.168.1.111,172.217.6.227,0,0,0,0,0, 192.168.1.111,172.217.20.99,0,0,0,0,0, 192.168.1.111,172.217.10.110,0,0,0,0,0, 192.168.1.111,172.217.17.67,0,0,0,0,0, 192.168.1.111,173.194.184.106,0,0,0,0,0, 192.168.1.111,172.217.11.42,0,0,0,0,0, 192.168.1.111,104.237.191.1,0,0,0,0,0, 192.168.1.111,172.217.9.243,0,0,0,0,0, 192.168.1.111,172.217.10.98,0,0,0,0,0, 192.168.1.111,172.217.135.41,0,0,0,0,0, 192.168.1.111,173.194.7.25,0,0,0,0,0, 192.168.1.111,216.58.211.99,0,0,0,0,0, 192.168.1.111,172.217.11.13,0,0,0,0,0, 192.168.1.111,172.217.20.67,0,0,0,0,0, 192.168.1.111,216.58.211.131,0,0,0,0,0, 192.168.1.111,0.0.0.0,0,0,0,0,0,0,0,0,0,0,1526512263621,0.0,6252.241,0,0,0,0,0,0,0,0,0,0.0,0.0,-1
0.2,0,0,0,0, 192.168.1.111,74.125.155.188,0,0,0,0,0, 192.168.1.111,74.125.155.202,0,0,0,0,0, 192.168.1.111,172.217.11.3,0,0,0,0,0, 192.168.1.111,172.217.13.227,0,0,0,0,0, 192.168.1.111,172.217.6.206,0,0,0,0,0, 192.168.1.111,172.217.11.14,0,0,0,0,0, 192.168.1.111,172.217.5.246,0,0,0,0,0, 192.168.1.111,172.217.6.238,0,0,0,0,0, 192.168.1.111,172.217.11.46,0,0,0,0,0, 192.168.1.111,172.217.10.238,0,0,0,0,0, 192.168.1.111,172.217.6.227,0,0,0,0,0, 192.168.1.111,172.217.20.99,0,0,0,0,0, 192.168.1.111,172.217.10.110,0,0,0,0,0, 192.168.1.111,172.217.17.67,0,0,0,0,0, 192.168.1.111,173.194.184.106,0,0,0,0,0, 192.168.1.111,172.217.11.42,0,0,0,0,0, 192.168.1.111,104.237.191.1,0,0,0,0,0, 192.168.1.111,172.217.9.243,0,0,0,0,0, 192.168.1.111,172.217.10.98,0,0,0,0,0, 192.168.1.111,172.217.135.41,0,0,0,0,0, 192.168.1.111,173.194.7.25,0,0,0,0,0, 192.168.1.111,216.58.211.99,0,0,0,0,0, 192.168.1.111,172.217.11.13,0,0,0,0,0, 192.168.1.111,172.217.20.67,0,0,0,0,0, 192.168.1.111,216.58.211.131,0,0,0,0,0, 192.168.1.111,0.0.0.0,0,0,0,0,0,0,0,0,0,0,1526512263621,0.0,6252.241,0,0,0,0,0,0,0,0,0,0.0,0.0,-1
0.3,2,1,1471,95, 192.168.1.111,74.125.155.188,0,0,0,0,0, 192.168.1.111,74.125.155.202,0,0,0,0,0, 192.168.1.111,172.217.11.3,0,0,0,0,0, 192.168.1.111,172.217.13.227,0,0,0,0,0, 192.168.1.111,172.217.6.206,0,0,0,0,0, 192.168.1.111,172.217.11.14,0,0,0,0,0, 192.168.1.111,172.217.5.246,0,0,0,0,0, 192.168.1.111,172.217.6.238,0,0,0,0,0, 192.168.1.111,172.217.11.46,0,0,0,0,0, 192.168.1.111,172.217.10.238,0,0,0,0,0, 192.168.1.111,172.217.6.227,0,0,0,0,0, 192.168.1.111,172.217.20.99,0,0,0,0,0, 192.168.1.111,172.217.10.110,0,0,0,0,0, 192.168.1.111,172.217.17.67,0,0,0,0,0, 192.168.1.111,173.194.184.106,0,0,0,0,0, 192.168.1.111,172.217.11.42,0,0,0,0,0, 192.168.1.111,104.237.191.1,0,0,0,0,0, 192.168.1.111,172.217.9.243,0,0,0,0,0, 192.168.1.111,172.217.10.98,0,0,0,0,0, 192.168.1.111,172.217.135.41,0,0,0,0,0, 192.168.1.111,173.194.7.25,0,0,0,0,0, 192.168.1.111,216.58.211.99,0,0,0,0,0, 192.168.1.111,172.217.11.13,0,0,0,0,0, 192.168.1.111,172.217.20.67,0,0,0,0,0, 192.168.1.111,216.58.211.131,0,0,0,0,0, 192.168.1.111,0.0.0.0,0,2,1,1471,95,0,0,0,0,0,1526512263621,0.0,6252.241,0,0,0,0,0,0,0,0,0,0.0,0.0,-1
0.4,7,8,2930,5577, 192.168.1.111,74.125.155.188,0,0,0,0,0, 192.168.1.111,74.125.155.202,0,0,0,0,0, 192.168.1.111,172.217.11.3,0,0,0,0,0, 192.168.1.111,172.217.13.227,0,0,0,0,0, 192.168.1.111,172.217.6.206,0,0,0,0,0, 192.168.1.111,172.217.11.14,0,0,0,0,0, 192.168.1.111,172.217.5.246,0,0,0,0,0, 192.168.1.111,172.217.6.238,0,0,0,0,0, 192.168.1.111,172.217.11.46,0,0,0,0,0, 192.168.1.111,172.217.10.238,0,0,0,0,0, 192.168.1.111,172.217.6.227,0,0,0,0,0, 192.168.1.111,172.217.20.99,0,0,0,0,0, 192.168.1.111,172.217.10.110,0,0,0,0,0, 192.168.1.111,172.217.17.67,0,0,0,0,0, 192.168.1.111,173.194.184.106,0,0,0,0,0, 192.168.1.111,172.217.11.42,0,0,0,0,0, 192.168.1.111,104.237.191.1,0,0,0,0,0, 192.168.1.111,172.217.9.243,0,0,0,0,0, 192.168.1.111,172.217.10.98,0,0,0,0,0, 192.168.1.111,172.217.135.41,0,0,0,0,0, 192.168.1.111,173.194.7.25,0,0,0,0,0, 192.168.1.111,216.58.211.99,0,0,0,0,0, 192.168.1.111,172.217.11.13,0,0,0,0,0, 192.168.1.111,172.217.20.67,0,0,0,0,0, 192.168.1.111,216.58.211.131,0,0,0,0,0, 192.168.1.111,0.0.0.0,0,7,8,2930,5577,0,0,0,0,0,1526512263621,0.0,6252.241,0,0,0,0,0,0,0,0,0,0.0,0.0,-1
0.5,1,0,77,0, 192.168.1.111,74.125.155.188,0,0,0,0,0, 192.168.1.111,74.125.155.202,0,0,0,0,0, 192.168.1.111,172.217.11.3,0,0,0,0,0, 192.168.1.111,172.217.13.227,0,0,0,0,0, 192.168.1.111,172.217.6.206,0,0,0,0,0, 192.168.1.111,172.217.11.14,0,0,0,0,0, 192.168.1.111,172.217.5.246,0,0,0,0,0, 192.168.1.111,172.217.6.238,0,0,0,0,0, 192.168.1.111,172.217.11.46,0,0,0,0,0, 192.168.1.111,172.217.10.238,0,0,0,0,0, 192.168.1.111,172.217.6.227,0,0,0,0,0, 192.168.1.111,172.217.20.99,0,0,0,0,0, 192.168.1.111,172.217.10.110,0,0,0,0,0, 192.168.1.111,172.217.17.67,0,0,0,0,0, 192.168.1.111,173.194.184.106,0,0,0,0,0, 192.168.1.111,172.217.11.42,0,0,0,0,0, 192.168.1.111,104.237.191.1,0,0,0,0,0, 192.168.1.111,172.217.9.243,0,0,0,0,0, 192.168.1.111,172.217.10.98,0,0,0,0,0, 192.168.1.111,172.217.135.41,0,0,0,0,0, 192.168.1.111,173.194.7.25,0,0,0,0,0, 192.168.1.111,216.58.211.99,0,0,0,0,0, 192.168.1.111,172.217.11.13,0,0,0,0,0, 192.168.1.111,172.217.20.67,0,0,0,0,0, 192.168.1.111,216.58.211.131,0,0,0,0,0, 192.168.1.111,0.0.0.0,0,1,0,77,0,0,0,0,0,0,1526512263621,0.0,6252.241,0,0,0,0,0,0,0,0,0,0.0,0.0,-1
0.6,4,2,2388,1272, 192.168.1.111,74.125.155.188,0,0,0,0,0, 192.168.1.111,74.125.155.202,0,0,0,0,0, 192.168.1.111,172.217.11.3,QUIC,1,0,1392,0, 192.168.1.111,172.217.13.227,0,0,0,0,0, 192.168.1.111,172.217.6.206,QUIC,2,1,919,1143, 192.168.1.111,172.217.11.14,0,0,0,0,0, 192.168.1.111,172.217.5.246,0,0,0,0,0, 192.168.1.111,172.217.6.238,0,0,0,0,0, 192.168.1.111,172.217.11.46,0,0,0,0,0, 192.168.1.111,172.217.10.238,0,0,0,0,0, 192.168.1.111,172.217.6.227,0,0,0,0,0, 192.168.1.111,172.217.20.99,0,0,0,0,0, 192.168.1.111,172.217.10.110,0,0,0,0,0, 192.168.1.111,172.217.17.67,0,0,0,0,0, 192.168.1.111,173.194.184.106,0,0,0,0,0, 192.168.1.111,172.217.11.42,0,0,0,0,0, 192.168.1.111,104.237.191.1,0,0,0,0,0, 192.168.1.111,172.217.9.243,0,0,0,0,0, 192.168.1.111,172.217.10.98,0,0,0,0,0, 192.168.1.111,172.217.135.41,0,0,0,0,0, 192.168.1.111,173.194.7.25,0,0,0,0,0, 192.168.1.111,216.58.211.99,0,0,0,0,0, 192.168.1.111,172.217.11.13,0,0,0,0,0, 192.168.1.111,172.217.20.67,0,0,0,0,0, 192.168.1.111,216.58.211.131,0,0,0,0,0, 192.168.1.111,0.0.0.0,0,1,1,77,129,0,0,0,0,0,1526512263621,0.0,6252.241,0,0,0,0,0,0,0,0,0,0.0,0.0,-1
0.7,4,5,1633,4321, 192.168.1.111,74.125.155.188,0,0,0,0,0, 192.168.1.111,74.125.155.202,0,0,0,0,0, 192.168.1.111,172.217.11.3,QUIC,4,5,1633,4321, 192.168.1.111,172.217.13.227,0,0,0,0,0, 192.168.1.111,172.217.6.206,0,0,0,0,0, 192.168.1.111,172.217.11.14,0,0,0,0,0, 192.168.1.111,172.217.5.246,0,0,0,0,0, 192.168.1.111,172.217.6.238,0,0,0,0,0, 192.168.1.111,172.217.11.46,0,0,0,0,0, 192.168.1.111,172.217.10.238,0,0,0,0,0, 192.168.1.111,172.217.6.227,0,0,0,0,0, 192.168.1.111,172.217.20.99,0,0,0,0,0, 192.168.1.111,172.217.10.110,0,0,0,0,0, 192.168.1.111,172.217.17.67,0,0,0,0,0, 192.168.1.111,173.194.184.106,0,0,0,0,0, 192.168.1.111,172.217.11.42,0,0,0,0,0, 192.168.1.111,104.237.191.1,0,0,0,0,0, 192.168.1.111,172.217.9.243,0,0,0,0,0, 192.168.1.111,172.217.10.98,0,0,0,0,0, 192.168.1.111,172.217.135.41,0,0,0,0,0, 192.168.1.111,173.194.7.25,0,0,0,0,0, 192.168.1.111,216.58.211.99,0,0,0,0,0, 192.168.1.111,172.217.11.13,0,0,0,0,0, 192.168.1.111,172.217.20.67,0,0,0,0,0, 192.168.1.111,216.58.211.131,0,0,0,0,0, 192.168.1.111,0.0.0.0,0,0,0,0,0,0,0,0,0,0,1526512263621,0.0,6252.241,0,0,0,0,0,0,0,0,0,0.0,0.0,-1
0.7999999999999999,0,0,0,0, 192.168.1.111,74.125.155.188,0,0,0,0,0, 192.168.1.111,74.125.155.202,0,0,0,0,0, 192.168.1.111,172.217.11.3,0,0,0,0,0, 192.168.1.111,172.217.13.227,0,0,0,0,0, 192.168.1.111,172.217.6.206,0,0,0,0,0, 192.168.1.111,172.217.11.14,0,0,0,0,0, 192.168.1.111,172.217.5.246,0,0,0,0,0, 192.168.1.111,172.217.6.238,0,0,0,0,0, 192.168.1.111,172.217.11.46,0,0,0,0,0, 192.168.1.111,172.217.10.238,0,0,0,0,0, 192.168.1.111,172.217.6.227,0,0,0,0,0, 192.168.1.111,172.217.20.99,0,0,0,0,0, 192.168.1.111,172.217.10.110,0,0,0,0,0, 192.168.1.111,172.217.17.67,0,0,0,0,0, 192.168.1.111,173.194.184.106,0,0,0,0,0, 192.168.1.111,172.217.11.42,0,0,0,0,0, 192.168.1.111,104.237.191.1,0,0,0,0,0, 192.168.1.111,172.217.9.243,0,0,0,0,0, 192.168.1.111,172.217.10.98,0,0,0,0,0, 192.168.1.111,172.217.135.41,0,0,0,0,0, 192.168.1.111,173.194.7.25,0,0,0,0,0, 192.168.1.111,216.58.211.99,0,0,0,0,0, 192.168.1.111,172.217.11.13,0,0,0,0,0, 192.168.1.111,172.217.20.67,0,0,0,0,0, 192.168.1.111,216.58.211.131,0,0,0,0,0, 192.168.1.111,0.0.0.0,0,0,0,0,0,0,0,0,0,0,1526512263621,0.0,6252.241,0,0,0,0,0,0,0,0,0,0.0,0.0,-1
0.8999999999999999,0,0,0,0, 192.168.1.111,74.125.155.188,0,0,0,0,0, 192.168.1.111,74.125.155.202,0,0,0,0,0, 192.168.1.111,172.217.11.3,0,0,0,0,0, 192.168.1.111,172.217.13.227,0,0,0,0,0, 192.168.1.111,172.217.6.206,0,0,0,0,0, 192.168.1.111,172.217.11.14,0,0,0,0,0, 192.168.1.111,172.217.5.246,0,0,0,0,0, 192.168.1.111,172.217.6.238,0,0,0,0,0, 192.168.1.111,172.217.11.46,0,0,0,0,0, 192.168.1.111,172.217.10.238,0,0,0,0,0, 192.168.1.111,172.217.6.227,0,0,0,0,0, 192.168.1.111,172.217.20.99,0,0,0,0,0, 192.168.1.111,172.217.10.110,0,0,0,0,0, 192.168.1.111,172.217.17.67,0,0,0,0,0, 192.168.1.111,173.194.184.106,0,0,0,0,0, 192.168.1.111,172.217.11.42,0,0,0,0,0, 192.168.1.111,104.237.191.1,0,0,0,0,0, 192.168.1.111,172.217.9.243,0,0,0,0,0, 192.168.1.111,172.217.10.98,0,0,0,0,0, 192.168.1.111,172.217.135.41,0,0,0,0,0, 192.168.1.111,173.194.7.25,0,0,0,0,0, 192.168.1.111,216.58.211.99,0,0,0,0,0, 192.168.1.111,172.217.11.13,0,0,0,0,0, 192.168.1.111,172.217.20.67,0,0,0,0,0, 192.168.1.111,216.58.211.131,0,0,0,0,0, 192.168.1.111,0.0.0.0,0,0,0,0,0,0,0,0,0,0,1526512263621,0.0,6252.241,0,0,0,0,0,0,0,0,0,0.0,0.0,-1
1.0,0,0,0,0, 192.168.1.111,74.125.155.188,0,0,0,0,0, 192.168.1.111,74.125.155.202,0,0,0,0,0, 192.168.1.111,172.217.11.3,0,0,0,0,0, 192.168.1.111,172.217.13.227,0,0,0,0,0, 192.168.1.111,172.217.6.206,0,0,0,0,0, 192.168.1.111,172.217.11.14,0,0,0,0,0, 192.168.1.111,172.217.5.246,0,0,0,0,0, 192.168.1.111,172.217.6.238,0,0,0,0,0, 192.168.1.111,172.217.11.46,0,0,0,0,0, 192.168.1.111,172.217.10.238,0,0,0,0,0, 192.168.1.111,172.217.6.227,0,0,0,0,0, 192.168.1.111,172.217.20.99,0,0,0,0,0, 192.168.1.111,172.217.10.110,0,0,0,0,0, 192.168.1.111,172.217.17.67,0,0,0,0,0, 192.168.1.111,173.194.184.106,0,0,0,0,0, 192.168.1.111,172.217.11.42,0,0,0,0,0, 192.168.1.111,104.237.191.1,0,0,0,0,0, 192.168.1.111,172.217.9.243,0,0,0,0,0, 192.168.1.111,172.217.10.98,0,0,0,0,0, 192.168.1.111,172.217.135.41,0,0,0,0,0, 192.168.1.111,173.194.7.25,0,0,0,0,0, 192.168.1.111,216.58.211.99,0,0,0,0,0, 192.168.1.111,172.217.11.13,0,0,0,0,0, 192.168.1.111,172.217.20.67,0,0,0,0,0, 192.168.1.111,216.58.211.131,0,0,0,0,0, 192.168.1.111,0.0.0.0,0,0,0,0,0,0,0,0,0,0,1526512263621,0.0,6252.241,0,0,0,0,0,0,0,0,0,0.0,0.0,-1
1.1,1,0,217,0, 192.168.1.111,74.125.155.188,0,0,0,0,0, 192.168.1.111,74.125.155.202,0,0,0,0,0, 192.168.1.111,172.217.11.3,0,0,0,0,0, 192.168.1.111,172.217.13.227,0,0,0,0,0, 192.168.1.111,172.217.6.206,0,0,0,0,0, 192.168.1.111,172.217.11.14,0,0,0,0,0, 192.168.1.111,172.217.5.246,0,0,0,0,0, 192.168.1.111,172.217.6.238,0,0,0,0,0, 192.168.1.111,172.217.11.46,0,0,0,0,0, 192.168.1.111,172.217.10.238,0,0,0,0,0, 192.168.1.111,172.217.6.227,0,0,0,0,0, 192.168.1.111,172.217.20.99,0,0,0,0,0, 192.168.1.111,172.217.10.110,0,0,0,0,0, 192.168.1.111,172.217.17.67,0,0,0,0,0, 192.168.1.111,173.194.184.106,0,0,0,0,0, 192.168.1.111,172.217.11.42,0,0,0,0,0, 192.168.1.111,104.237.191.1,0,0,0,0,0, 192.168.1.111,172.217.9.243,0,0,0,0,0, 192.168.1.111,172.217.10.98,0,0,0,0,0, 192.168.1.111,172.217.135.41,0,0,0,0,0, 192.168.1.111,173.194.7.25,0,0,0,0,0, 192.168.1.111,216.58.211.99,0,0,0,0,0, 192.168.1.111,172.217.11.13,0,0,0,0,0, 192.168.1.111,172.217.20.67,0,0,0,0,0, 192.168.1.111,216.58.211.131,0,0,0,0,0, 192.168.1.111,0.0.0.0,0,1,0,217,0,0,0,0,0,0,1526512263621,0.0,6252.241,0,0,0,0,0,0,0,0,0,0.0,0.0,-1
1.2,31,36,17152,28020, 192.168.1.111,74.125.155.188,0,0,0,0,0, 192.168.1.111,74.125.155.202,0,0,0,0,0, 192.168.1.111,172.217.11.3,0,0,0,0,0, 192.168.1.111,172.217.13.227,0,0,0,0,0, 192.168.1.111,172.217.6.206,QUIC,1,1,239,72, 192.168.1.111,172.217.11.14,0,0,0,0,0, 192.168.1.111,172.217.5.246,0,0,0,0,0, 192.168.1.111,172.217.6.238,0,0,0,0,0, 192.168.1.111,172.217.11.46,0,0,0,0,0, 192.168.1.111,172.217.10.238,0,0,0,0,0, 192.168.1.111,172.217.6.227,0,0,0,0,0, 192.168.1.111,172.217.20.99,0,0,0,0,0, 192.168.1.111,172.217.10.110,0,0,0,0,0, 192.168.1.111,172.217.17.67,0,0,0,0,0, 192.168.1.111,173.194.184.106,0,0,0,0,0, 192.168.1.111,172.217.11.42,0,0,0,0,0, 192.168.1.111,104.237.191.1,0,0,0,0,0, 192.168.1.111,172.217.9.243,0,0,0,0,0, 192.168.1.111,172.217.10.98,QUIC,5,5,3025,4321, 192.168.1.111,172.217.135.41,QUIC,5,9,4356,7254, 192.168.1.111,173.194.7.25,QUIC,5,8,3044,7185, 192.168.1.111,216.58.211.99,0,0,0,0,0, 192.168.1.111,172.217.11.13,0,0,0,0,0, 192.168.1.111,172.217.20.67,0,0,0,0,0, 192.168.1.111,216.58.211.131,0,0,0,0,0, 192.168.1.111,0.0.0.0,0,15,13,6488,9188,0,0,0,0,0,1526512263621,0.0,6252.241,0,0,0,0,0,0,0,0,0,0.0,0.0,-1
1.3,9,16,720,16391, 192.168.1.111,74.125.155.188,0,0,0,0,0, 192.168.1.111,74.125.155.202,0,0,0,0,0, 192.168.1.111,172.217.11.3,0,0,0,0,0, 192.168.1.111,172.217.13.227,0,0,0,0,0, 192.168.1.111,172.217.6.206,QUIC,8,14,637,16247, 192.168.1.111,172.217.11.14,0,0,0,0,0, 192.168.1.111,172.217.5.246,0,0,0,0,0, 192.168.1.111,172.217.6.238,0,0,0,0,0, 192.168.1.111,172.217.11.46,0,0,0,0,0, 192.168.1.111,172.217.10.238,0,0,0,0,0, 192.168.1.111,172.217.6.227,0,0,0,0,0, 192.168.1.111,172.217.20.99,0,0,0,0,0, 192.168.1.111,172.217.10.110,0,0,0,0,0, 192.168.1.111,172.217.17.67,0,0,0,0,0, 192.168.1.111,173.194.184.106,0,0,0,0,0, 192.168.1.111,172.217.11.42,0,0,0,0,0, 192.168.1.111,104.237.191.1,0,0,0,0,0, 192.168.1.111,172.217.9.243,0,0,0,0,0, 192.168.1.111,172.217.10.98,0,0,0,0,0, 192.168.1.111,172.217.135.41,QUIC,1,0,83,0, 192.168.1.111,173.194.7.25,0,0,0,0,0, 192.168.1.111,216.58.211.99,0,0,0,0,0, 192.168.1.111,172.217.11.13,0,0,0,0,0, 192.168.1.111,172.217.20.67,0,0,0,0,0, 192.168.1.111,216.58.211.131,0,0,0,0,0, 192.168.1.111,0.0.0.0,0,0,2,0,144,0,0,0,0,0,1526512263621,0.0,6252.241,0,0,0,0,0,0,0,0,0,0.0,0.0,-1
1.4,0,0,0,0, 192.168.1.111,74.125.155.188,0,0,0,0,0, 192.168.1.111,74.125.155.202,0,0,0,0,0, 192.168.1.111,172.217.11.3,0,0,0,0,0, 192.168.1.111,172.217.13.227,0,0,0,0,0, 192.168.1.111,172.217.6.206,0,0,0,0,0, 192.168.1.111,172.217.11.14,0,0,0,0,0, 192.168.1.111,172.217.5.246,0,0,0,0,0, 192.168.1.111,172.217.6.238,0,0,0,0,0, 192.168.1.111,172.217.11.46,0,0,0,0,0, 192.168.1.111,172.217.10.238,0,0,0,0,0, 192.168.1.111,172.217.6.227,0,0,0,0,0, 192.168.1.111,172.217.20.99,0,0,0,0,0, 192.168.1.111,172.217.10.110,0,0,0,0,0, 192.168.1.111,172.217.17.67,0,0,0,0,0, 192.168.1.111,173.194.184.106,0,0,0,0,0, 192.168.1.111,172.217.11.42,0,0,0,0,0, 192.168.1.111,104.237.191.1,0,0,0,0,0, 192.168.1.111,172.217.9.243,0,0,0,0,0, 192.168.1.111,172.217.10.98,0,0,0,0,0, 192.168.1.111,172.217.135.41,0,0,0,0,0, 192.168.1.111,173.194.7.25,0,0,0,0,0, 192.168.1.111,216.58.211.99,0,0,0,0,0, 192.168.1.111,172.217.11.13,0,0,0,0,0, 192.168.1.111,172.217.20.67,0,0,0,0,0, 192.168.1.111,216.58.211.131,0,0,0,0,0, 192.168.1.111,0.0.0.0,0,0,0,0,0,0,0,0,0,0,1526512263621,0.0,6252.241,0,0,0,0,0,0,0,0,0,0.0,0.0,-1
1.5000000000000002,2,0,1090,0, 192.168.1.111,74.125.155.188,0,0,0,0,0, 192.168.1.111,74.125.155.202,0,0,0,0,0, 192.168.1.111,172.217.11.3,0,0,0,0,0, 192.168.1.111,172.217.13.227,0,0,0,0,0, 192.168.1.111,172.217.6.206,0,0,0,0,0, 192.168.1.111,172.217.11.14,0,0,0,0,0, 192.168.1.111,172.217.5.246,0,0,0,0,0, 192.168.1.111,172.217.6.238,0,0,0,0,0, 192.168.1.111,172.217.11.46,0,0,0,0,0, 192.168.1.111,172.217.10.238,0,0,0,0,0, 192.168.1.111,172.217.6.227,0,0,0,0,0, 192.168.1.111,172.217.20.99,0,0,0,0,0, 192.168.1.111,172.217.10.110,0,0,0,0,0, 192.168.1.111,172.217.17.67,0,0,0,0,0, 192.168.1.111,173.194.184.106,0,0,0,0,0, 192.168.1.111,172.217.11.42,0,0,0,0,0, 192.168.1.111,104.237.191.1,0,0,0,0,0, 192.168.1.111,172.217.9.243,0,0,0,0,0, 192.168.1.111,172.217.10.98,QUIC,1,0,543,0, 192.168.1.111,172.217.135.41,0,0,0,0,0, 192.168.1.111,173.194.7.25,0,0,0,0,0, 192.168.1.111,216.58.211.99,0,0,0,0,0, 192.168.1.111,172.217.11.13,0,0,0,0,0, 192.168.1.111,172.217.20.67,0,0,0,0,0, 192.168.1.111,216.58.211.131,0,0,0,0,0, 192.168.1.111,0.0.0.0,0,1,0,547,0,0,0,0,0,0,1526512263621,0.0,6252.241,0,0,0,0,0,0,0,0,0,0.0,0.0,-1
1.6000000000000003,0,0,0,0, 192.168.1.111,74.125.155.188,0,0,0,0,0, 192.168.1.111,74.125.155.202,0,0,0,0,0, 192.168.1.111,172.217.11.3,0,0,0,0,0, 192.168.1.111,172.217.13.227,0,0,0,0,0, 192.168.1.111,172.217.6.206,0,0,0,0,0, 192.168.1.111,172.217.11.14,0,0,0,0,0, 192.168.1.111,172.217.5.246,0,0,0,0,0, 192.168.1.111,172.217.6.238,0,0,0,0,0, 192.168.1.111,172.217.11.46,0,0,0,0,0, 192.168.1.111,172.217.10.238,0,0,0,0,0, 192.168.1.111,172.217.6.227,0,0,0,0,0, 192.168.1.111,172.217.20.99,0,0,0,0,0, 192.168.1.111,172.217.10.110,0,0,0,0,0, 192.168.1.111,172.217.17.67,0,0,0,0,0, 192.168.1.111,173.194.184.106,0,0,0,0,0, 192.168.1.111,172.217.11.42,0,0,0,0,0, 192.168.1.111,104.237.191.1,0,0,0,0,0, 192.168.1.111,172.217.9.243,0,0,0,0,0, 192.168.1.111,172.217.10.98,0,0,0,0,0, 192.168.1.111,172.217.135.41,0,0,0,0,0, 192.168.1.111,173.194.7.25,0,0,0,0,0, 192.168.1.111,216.58.211.99,0,0,0,0,0, 192.168.1.111,172.217.11.13,0,0,0,0,0, 192.168.1.111,172.217.20.67,0,0,0,0,0, 192.168.1.111,216.58.211.131,0,0,0,0,0, 192.168.1.111,0.0.0.0,0,0,0,0,0,0,0,0,0,0,1526512263621,0.0,6252.241,0,0,0,0,0,0,0,0,0,0.0,0.0,-1
1.7000000000000004,3,3,1173,387, 192.168.1.111,74.125.155.188,0,0,0,0,0, 192.168.1.111,74.125.155.202,0,0,0,0,0, 192.168.1.111,172.217.11.3,0,0,0,0,0, 192.168.1.111,172.217.13.227,0,0,0,0,0, 192.168.1.111,172.217.6.206,0,0,0,0,0, 192.168.1.111,172.217.11.14,0,0,0,0,0, 192.168.1.111,172.217.5.246,0,0,0,0,0, 192.168.1.111,172.217.6.238,0,0,0,0,0, 192.168.1.111,172.217.11.46,0,0,0,0,0, 192.168.1.111,172.217.10.238,0,0,0,0,0, 192.168.1.111,172.217.6.227,0,0,0,0,0, 192.168.1.111,172.217.20.99,0,0,0,0,0, 192.168.1.111,172.217.10.110,0,0,0,0,0, 192.168.1.111,172.217.17.67,0,0,0,0,0, 192.168.1.111,173.194.184.106,0,0,0,0,0, 192.168.1.111,172.217.11.42,0,0,0,0,0, 192.168.1.111,104.237.191.1,0,0,0,0,0, 192.168.1.111,172.217.9.243,0,0,0,0,0, 192.168.1.111,172.217.10.98,QUIC,1,1,543,72, 192.168.1.111,172.217.135.41,0,0,0,0,0, 192.168.1.111,173.194.7.25,0,0,0,0,0, 192.168.1.111,216.58.211.99,0,0,0,0,0, 192.168.1.111,172.217.11.13,0,0,0,0,0, 192.168.1.111,172.217.20.67,0,0,0,0,0, 192.168.1.111,216.58.211.131,0,0,0,0,0, 192.168.1.111,0.0.0.0,0,2,2,630,315,0,0,0,0,0,1526512263621,0.0,6252.241,0,0,0,0,0,0,0,0,0,0.0,0.0,-1
1.8000000000000005,0,0,0,0, 192.168.1.111,74.125.155.188,0,0,0,0,0, 192.168.1.111,74.125.155.202,0,0,0,0,0, 192.168.1.111,172.217.11.3,0,0,0,0,0, 192.168.1.111,172.217.13.227,0,0,0,0,0, 192.168.1.111,172.217.6.206,0,0,0,0,0, 192.168.1.111,172.217.11.14,0,0,0,0,0, 192.168.1.111,172.217.5.246,0,0,0,0,0, 192.168.1.111,172.217.6.238,0,0,0,0,0, 192.168.1.111,172.217.11.46,0,0,0,0,0, 192.168.1.111,172.217.10.238,0,0,0,0,0, 192.168.1.111,172.217.6.227,0,0,0,0,0, 192.168.1.111,172.217.20.99,0,0,0,0,0, 192.168.1.111,172.217.10.110,0,0,0,0,0, 192.168.1.111,172.217.17.67,0,0,0,0,0, 192.168.1.111,173.194.184.106,0,0,0,0,0, 192.168.1.111,172.217.11.42,0,0,0,0,0, 192.168.1.111,104.237.191.1,0,0,0,0,0, 192.168.1.111,172.217.9.243,0,0,0,0,0, 192.168.1.111,172.217.10.98,0,0,0,0,0, 192.168.1.111,172.217.135.41,0,0,0,0,0, 192.168.1.111,173.194.7.25,0,0,0,0,0, 192.168.1.111,216.58.211.99,0,0,0,0,0, 192.168.1.111,172.217.11.13,0,0,0,0,0, 192.168.1.111,172.217.20.67,0,0,0,0,0, 192.168.1.111,216.58.211.131,0,0,0,0,0, 192.168.1.111,0.0.0.0,0,0,0,0,0,0,0,0,0,0,1526512263621,0.0,6252.241,0,0,0,0,0,0,0,0,0,0.0,0.0,-1
1.9000000000000008,2,4,166,2082, 192.168.1.111,74.125.155.188,0,0,0,0,0, 192.168.1.111,74.125.155.202,0,0,0,0,0, 192.168.1.111,172.217.11.3,0,0,0,0,0, 192.168.1.111,172.217.13.227,0,0,0,0,0, 192.168.1.111,172.217.6.206,0,0,0,0,0, 192.168.1.111,172.217.11.14,0,0,0,0,0, 192.168.1.111,172.217.5.246,0,0,0,0,0, 192.168.1.111,172.217.6.238,0,0,0,0,0, 192.168.1.111,172.217.11.46,0,0,0,0,0, 192.168.1.111,172.217.10.238,0,0,0,0,0, 192.168.1.111,172.217.6.227,0,0,0,0,0, 192.168.1.111,172.217.20.99,0,0,0,0,0, 192.168.1.111,172.217.10.110,0,0,0,0,0, 192.168.1.111,172.217.17.67,0,0,0,0,0, 192.168.1.111,173.194.184.106,0,0,0,0,0, 192.168.1.111,172.217.11.42,0,0,0,0,0, 192.168.1.111,104.237.191.1,0,0,0,0,0, 192.168.1.111,172.217.9.243,0,0,0,0,0, 192.168.1.111,172.217.10.98,QUIC,2,4,166,2082, 192.168.1.111,172.217.135.41,0,0,0,0,0, 192.168.1.111,173.194.7.25,0,0,0,0,0, 192.168.1.111,216.58.211.99,0,0,0,0,0, 192.168.1.111,172.217.11.13,0,0,0,0,0, 192.168.1.111,172.217.20.67,0,0,0,0,0, 192.168.1.111,216.58.211.131,0,0,0,0,0, 192.168.1.111,0.0.0.0,0,0,0,0,0,0,0,0,0,0,1526512263621,0.0,6252.241,0,0,0,0,0,0,0,0,0,0.0,0.0,-1
2.0000000000000004,0,0,0,0, 192.168.1.111,74.125.155.188,0,0,0,0,0, 192.168.1.111,74.125.155.202,0,0,0,0,0, 192.168.1.111,172.217.11.3,0,0,0,0,0, 192.168.1.111,172.217.13.227,0,0,0,0,0, 192.168.1.111,172.217.6.206,0,0,0,0,0, 192.168.1.111,172.217.11.14,0,0,0,0,0, 192.168.1.111,172.217.5.246,0,0,0,0,0, 192.168.1.111,172.217.6.238,0,0,0,0,0, 192.168.1.111,172.217.11.46,0,0,0,0,0, 192.168.1.111,172.217.10.238,0,0,0,0,0, 192.168.1.111,172.217.6.227,0,0,0,0,0, 192.168.1.111,172.217.20.99,0,0,0,0,0, 192.168.1.111,172.217.10.110,0,0,0,0,0, 192.168.1.111,172.217.17.67,0,0,0,0,0, 192.168.1.111,173.194.184.106,0,0,0,0,0, 192.168.1.111,172.217.11.42,0,0,0,0,0, 192.168.1.111,104.237.191.1,0,0,0,0,0, 192.168.1.111,172.217.9.243,0,0,0,0,0, 192.168.1.111,172.217.10.98,0,0,0,0,0, 192.168.1.111,172.217.135.41,0,0,0,0,0, 192.168.1.111,173.194.7.25,0,0,0,0,0, 192.168.1.111,216.58.211.99,0,0,0,0,0, 192.168.1.111,172.217.11.13,0,0,0,0,0, 192.168.1.111,172.217.20.67,0,0,0,0,0, 192.168.1.111,216.58.211.131,0,0,0,0,0, 192.168.1.111,0.0.0.0,0,0,0,0,0,0,0,0,0,0,1526512263621,0.0,6252.241,0,0,0,0,0,0,0,0,0,0.0,0.0,-1
2.1000000000000005,3,0,1318,0, 192.168.1.111,74.125.155.188,0,0,0,0,0, 192.168.1.111,74.125.155.202,0,0,0,0,0, 192.168.1.111,172.217.11.3,0,0,0,0,0, 192.168.1.111,172.217.13.227,0,0,0,0,0, 192.168.1.111,172.217.6.206,QUIC,3,0,1318,0, 192.168.1.111,172.217.11.14,0,0,0,0,0, 192.168.1.111,172.217.5.246,0,0,0,0,0, 192.168.1.111,172.217.6.238,0,0,0,0,0, 192.168.1.111,172.217.11.46,0,0,0,0,0, 192.168.1.111,172.217.10.238,0,0,0,0,0, 192.168.1.111,172.217.6.227,0,0,0,0,0, 192.168.1.111,172.217.20.99,0,0,0,0,0, 192.168.1.111,172.217.10.110,0,0,0,0,0, 192.168.1.111,172.217.17.67,0,0,0,0,0, 192.168.1.111,173.194.184.106,0,0,0,0,0, 192.168.1.111,172.217.11.42,0,0,0,0,0, 192.168.1.111,104.237.191.1,0,0,0,0,0, 192.168.1.111,172.217.9.243,0,0,0,0,0, 192.168.1.111,172.217.10.98,0,0,0,0,0, 192.168.1.111,172.217.135.41,0,0,0,0,0, 192.168.1.111,173.194.7.25,0,0,0,0,0, 192.168.1.111,216.58.211.99,0,0,0,0,0, 192.168.1.111,172.217.11.13,0,0,0,0,0, 192.168.1.111,172.217.20.67,0,0,0,0,0, 192.168.1.111,216.58.211.131,0,0,0,0,0, 192.168.1.111,0.0.0.0,0,0,0,0,0,0,0,0,0,0,1526512263621,0.0,6252.241,0,0,0,0,0,0,0,0,0,0.0,0.0,-1
4.799999999999999,14,39,3616,50703, 192.168.1.111,74.125.155.188,0,0,0,0,0, 192.168.1.111,74.125.155.202,QUIC,11,37,2154,50524, 192.168.1.111,172.217.11.3,0,0,0,0,0, 192.168.1.111,172.217.13.227,0,0,0,0,0, 192.168.1.111,172.217.6.206,QUIC,2,2,1117,179, 192.168.1.111,172.217.11.14,0,0,0,0,0, 192.168.1.111,172.217.5.246,0,0,0,0,0, 192.168.1.111,172.217.6.238,0,0,0,0,0, 192.168.1.111,172.217.11.46,0,0,0,0,0, 192.168.1.111,172.217.10.238,0,0,0,0,0, 192.168.1.111,172.217.6.227,0,0,0,0,0, 192.168.1.111,172.217.20.99,0,0,0,0,0, 192.168.1.111,172.217.10.110,0,0,0,0,0, 192.168.1.111,172.217.17.67,0,0,0,0,0, 192.168.1.111,173.194.184.106,0,0,0,0,0, 192.168.1.111,172.217.11.42,0,0,0,0,0, 192.168.1.111,104.237.191.1,0,0,0,0,0, 192.168.1.111,172.217.9.243,0,0,0,0,0, 192.168.1.111,172.217.10.98,QUIC,1,0,345,0, 192.168.1.111,172.217.135.41,0,0,0,0,0, 192.168.1.111,173.194.7.25,0,0,0,0,0, 192.168.1.111,216.58.211.99,0,0,0,0,0, 192.168.1.111,172.217.11.13,0,0,0,0,0, 192.168.1.111,172.217.20.67,0,0,0,0,0, 192.168.1.111,216.58.211.131,0,0,0,0,0, 192.168.1.111,0.0.0.0,0,0,0,0,0,1,0,1,0,1526512267389,1526512263621,4651.0,6252.241,0,0,0,1,0,0,0,0,0,3.661000000000058,0.7444788196744175,true
1799.8999999994585,0,0,0,0, 192.168.1.111,74.125.155.188,0,0,0,0,0, 192.168.1.111,74.125.155.202,0,0,0,0,0, 192.168.1.111,172.217.11.3,0,0,0,0,0, 192.168.1.111,172.217.13.227,0,0,0,0,0, 192.168.1.111,172.217.6.206,0,0,0,0,0, 192.168.1.111,172.217.11.14,0,0,0,0,0, 192.168.1.111,172.217.5.246,0,0,0,0,0, 192.168.1.111,172.217.6.238,0,0,0,0,0, 192.168.1.111,172.217.11.46,0,0,0,0,0, 192.168.1.111,172.217.10.238,0,0,0,0,0, 192.168.1.111,172.217.6.227,0,0,0,0,0, 192.168.1.111,172.217.20.99,0,0,0,0,0, 192.168.1.111,172.217.10.110,0,0,0,0,0, 192.168.1.111,172.217.17.67,0,0,0,0,0, 192.168.1.111,173.194.184.106,0,0,0,0,0, 192.168.1.111,172.217.11.42,0,0,0,0,0, 192.168.1.111,104.237.191.1,0,0,0,0,0, 192.168.1.111,172.217.9.243,0,0,0,0,0, 192.168.1.111,172.217.10.98,0,0,0,0,0, 192.168.1.111,172.217.135.41,0,0,0,0,0, 192.168.1.111,173.194.7.25,0,0,0,0,0, 192.168.1.111,216.58.211.99,0,0,0,0,0, 192.168.1.111,172.217.11.13,0,0,0,0,0, 192.168.1.111,172.217.20.67,0,0,0,0,0, 192.168.1.111,216.58.211.131,0,0,0,0,0, 192.168.1.111,0.0.0.0,0,0,0,0,0,0,0,0,0,0,1526512263621,0.0,6252.241,0,0,0,0,0,0,0,0,0,0.0,0.0,-1
1799.9999999994584,0,0,0,0, 192.168.1.111,74.125.155.188,0,0,0,0,0, 192.168.1.111,74.125.155.202,0,0,0,0,0, 192.168.1.111,172.217.11.3,0,0,0,0,0, 192.168.1.111,172.217.13.227,0,0,0,0,0, 192.168.1.111,172.217.6.206,0,0,0,0,0, 192.168.1.111,172.217.11.14,0,0,0,0,0, 192.168.1.111,172.217.5.246,0,0,0,0,0, 192.168.1.111,172.217.6.238,0,0,0,0,0, 192.168.1.111,172.217.11.46,0,0,0,0,0, 192.168.1.111,172.217.10.238,0,0,0,0,0, 192.168.1.111,172.217.6.227,0,0,0,0,0, 192.168.1.111,172.217.20.99,0,0,0,0,0, 192.168.1.111,172.217.10.110,0,0,0,0,0, 192.168.1.111,172.217.17.67,0,0,0,0,0, 192.168.1.111,173.194.184.106,0,0,0,0,0, 192.168.1.111,172.217.11.42,0,0,0,0,0, 192.168.1.111,104.237.191.1,0,0,0,0,0, 192.168.1.111,172.217.9.243,0,0,0,0,0, 192.168.1.111,172.217.10.98,0,0,0,0,0, 192.168.1.111,172.217.135.41,0,0,0,0,0, 192.168.1.111,173.194.7.25,0,0,0,0,0, 192.168.1.111,216.58.211.99,0,0,0,0,0, 192.168.1.111,172.217.11.13,0,0,0,0,0, 192.168.1.111,172.217.20.67,0,0,0,0,0, 192.168.1.111,216.58.211.131,0,0,0,0,0, 192.168.1.111,0.0.0.0,0,0,0,0,0,0,0,0,0,0,1526512263621,0.0,6252.241,0,0,0,0,0,0,0,0,0,0.0,0.0,-1
1800.0999999994583,0,0,0,0, 192.168.1.111,74.125.155.188,0,0,0,0,0, 192.168.1.111,74.125.155.202,0,0,0,0,0, 192.168.1.111,172.217.11.3,0,0,0,0,0, 192.168.1.111,172.217.13.227,0,0,0,0,0, 192.168.1.111,172.217.6.206,0,0,0,0,0, 192.168.1.111,172.217.11.14,0,0,0,0,0, 192.168.1.111,172.217.5.246,0,0,0,0,0, 192.168.1.111,172.217.6.238,0,0,0,0,0, 192.168.1.111,172.217.11.46,0,0,0,0,0, 192.168.1.111,172.217.10.238,0,0,0,0,0, 192.168.1.111,172.217.6.227,0,0,0,0,0, 192.168.1.111,172.217.20.99,0,0,0,0,0, 192.168.1.111,172.217.10.110,0,0,0,0,0, 192.168.1.111,172.217.17.67,0,0,0,0,0, 192.168.1.111,173.194.184.106,0,0,0,0,0, 192.168.1.111,172.217.11.42,0,0,0,0,0, 192.168.1.111,104.237.191.1,0,0,0,0,0, 192.168.1.111,172.217.9.243,0,0,0,0,0, 192.168.1.111,172.217.10.98,0,0,0,0,0, 192.168.1.111,172.217.135.41,0,0,0,0,0, 192.168.1.111,173.194.7.25,0,0,0,0,0, 192.168.1.111,216.58.211.99,0,0,0,0,0, 192.168.1.111,172.217.11.13,0,0,0,0,0, 192.168.1.111,172.217.20.67,0,0,0,0,0, 192.168.1.111,216.58.211.131,0,0,0,0,0, 192.168.1.111,0.0.0.0,0,0,0,0,0,0,0,0,0,0,1526512263621,0.0,6252.241,0,0,0,0,0,0,0,0,0,0.0,0.0,-1
1800.1999999994582,0,0,0,0, 192.168.1.111,74.125.155.188,0,0,0,0,0, 192.168.1.111,74.125.155.202,0,0,0,0,0, 192.168.1.111,172.217.11.3,0,0,0,0,0, 192.168.1.111,172.217.13.227,0,0,0,0,0, 192.168.1.111,172.217.6.206,0,0,0,0,0, 192.168.1.111,172.217.11.14,0,0,0,0,0, 192.168.1.111,172.217.5.246,0,0,0,0,0, 192.168.1.111,172.217.6.238,0,0,0,0,0, 192.168.1.111,172.217.11.46,0,0,0,0,0, 192.168.1.111,172.217.10.238,0,0,0,0,0, 192.168.1.111,172.217.6.227,0,0,0,0,0, 192.168.1.111,172.217.20.99,0,0,0,0,0, 192.168.1.111,172.217.10.110,0,0,0,0,0, 192.168.1.111,172.217.17.67,0,0,0,0,0, 192.168.1.111,173.194.184.106,0,0,0,0,0, 192.168.1.111,172.217.11.42,0,0,0,0,0, 192.168.1.111,104.237.191.1,0,0,0,0,0, 192.168.1.111,172.217.9.243,0,0,0,0,0, 192.168.1.111,172.217.10.98,0,0,0,0,0, 192.168.1.111,172.217.135.41,0,0,0,0,0, 192.168.1.111,173.194.7.25,0,0,0,0,0, 192.168.1.111,216.58.211.99,0,0,0,0,0, 192.168.1.111,172.217.11.13,0,0,0,0,0, 192.168.1.111,172.217.20.67,0,0,0,0,0, 192.168.1.111,216.58.211.131,0,0,0,0,0, 192.168.1.111,0.0.0.0,0,0,0,0,0,0,0,0,0,0,1526512263621,0.0,6252.241,0,0,0,0,0,0,0,0,0,0.0,0.0,-1
1800.299999999458,0,0,0,0, 192.168.1.111,74.125.155.188,0,0,0,0,0, 192.168.1.111,74.125.155.202,0,0,0,0,0, 192.168.1.111,172.217.11.3,0,0,0,0,0, 192.168.1.111,172.217.13.227,0,0,0,0,0, 192.168.1.111,172.217.6.206,0,0,0,0,0, 192.168.1.111,172.217.11.14,0,0,0,0,0, 192.168.1.111,172.217.5.246,0,0,0,0,0, 192.168.1.111,172.217.6.238,0,0,0,0,0, 192.168.1.111,172.217.11.46,0,0,0,0,0, 192.168.1.111,172.217.10.238,0,0,0,0,0, 192.168.1.111,172.217.6.227,0,0,0,0,0, 192.168.1.111,172.217.20.99,0,0,0,0,0, 192.168.1.111,172.217.10.110,0,0,0,0,0, 192.168.1.111,172.217.17.67,0,0,0,0,0, 192.168.1.111,173.194.184.106,0,0,0,0,0, 192.168.1.111,172.217.11.42,0,0,0,0,0, 192.168.1.111,104.237.191.1,0,0,0,0,0, 192.168.1.111,172.217.9.243,0,0,0,0,0, 192.168.1.111,172.217.10.98,0,0,0,0,0, 192.168.1.111,172.217.135.41,0,0,0,0,0, 192.168.1.111,173.194.7.25,0,0,0,0,0, 192.168.1.111,216.58.211.99,0,0,0,0,0, 192.168.1.111,172.217.11.13,0,0,0,0,0, 192.168.1.111,172.217.20.67,0,0,0,0,0, 192.168.1.111,216.58.211.131,0,0,0,0,0, 192.168.1.111,0.0.0.0,0,0,0,0,0,0,0,0,0,0,1526512263621,0.0,6252.241,0,0,0,0,0,0,0,0,0,0.0,0.0,-1
1800.399999999458,0,0,0,0, 192.168.1.111,74.125.155.188,0,0,0,0,0, 192.168.1.111,74.125.155.202,0,0,0,0,0, 192.168.1.111,172.217.11.3,0,0,0,0,0, 192.168.1.111,172.217.13.227,0,0,0,0,0, 192.168.1.111,172.217.6.206,0,0,0,0,0, 192.168.1.111,172.217.11.14,0,0,0,0,0, 192.168.1.111,172.217.5.246,0,0,0,0,0, 192.168.1.111,172.217.6.238,0,0,0,0,0, 192.168.1.111,172.217.11.46,0,0,0,0,0, 192.168.1.111,172.217.10.238,0,0,0,0,0, 192.168.1.111,172.217.6.227,0,0,0,0,0, 192.168.1.111,172.217.20.99,0,0,0,0,0, 192.168.1.111,172.217.10.110,0,0,0,0,0, 192.168.1.111,172.217.17.67,0,0,0,0,0, 192.168.1.111,173.194.184.106,0,0,0,0,0, 192.168.1.111,172.217.11.42,0,0,0,0,0, 192.168.1.111,104.237.191.1,0,0,0,0,0, 192.168.1.111,172.217.9.243,0,0,0,0,0, 192.168.1.111,172.217.10.98,0,0,0,0,0, 192.168.1.111,172.217.135.41,0,0,0,0,0, 192.168.1.111,173.194.7.25,0,0,0,0,0, 192.168.1.111,216.58.211.99,0,0,0,0,0, 192.168.1.111,172.217.11.13,0,0,0,0,0, 192.168.1.111,172.217.20.67,0,0,0,0,0, 192.168.1.111,216.58.211.131,0,0,0,0,0, 192.168.1.111,0.0.0.0,0,0,0,0,0,0,0,0,0,0,1526512263621,0.0,6252.241,0,0,0,0,0,0,0,0,0,0.0,0.0,-1
1800.499999999458,0,0,0,0, 192.168.1.111,74.125.155.188,0,0,0,0,0, 192.168.1.111,74.125.155.202,0,0,0,0,0, 192.168.1.111,172.217.11.3,0,0,0,0,0, 192.168.1.111,172.217.13.227,0,0,0,0,0, 192.168.1.111,172.217.6.206,0,0,0,0,0, 192.168.1.111,172.217.11.14,0,0,0,0,0, 192.168.1.111,172.217.5.246,0,0,0,0,0, 192.168.1.111,172.217.6.238,0,0,0,0,0, 192.168.1.111,172.217.11.46,0,0,0,0,0, 192.168.1.111,172.217.10.238,0,0,0,0,0, 192.168.1.111,172.217.6.227,0,0,0,0,0, 192.168.1.111,172.217.20.99,0,0,0,0,0, 192.168.1.111,172.217.10.110,0,0,0,0,0, 192.168.1.111,172.217.17.67,0,0,0,0,0, 192.168.1.111,173.194.184.106,0,0,0,0,0, 192.168.1.111,172.217.11.42,0,0,0,0,0, 192.168.1.111,104.237.191.1,0,0,0,0,0, 192.168.1.111,172.217.9.243,0,0,0,0,0, 192.168.1.111,172.217.10.98,0,0,0,0,0, 192.168.1.111,172.217.135.41,0,0,0,0,0, 192.168.1.111,173.194.7.25,0,0,0,0,0, 192.168.1.111,216.58.211.99,0,0,0,0,0, 192.168.1.111,172.217.11.13,0,0,0,0,0, 192.168.1.111,172.217.20.67,0,0,0,0,0, 192.168.1.111,216.58.211.131,0,0,0,0,0, 192.168.1.111,0.0.0.0,0,0,0,0,0,0,0,0,0,0,1526512263621,0.0,6252.241,0,0,0,0,0,0,0,0,0,0.0,0.0,-1
1800.599999999458,0,0,0,0, 192.168.1.111,74.125.155.188,0,0,0,0,0, 192.168.1.111,74.125.155.202,0,0,0,0,0, 192.168.1.111,172.217.11.3,0,0,0,0,0, 192.168.1.111,172.217.13.227,0,0,0,0,0, 192.168.1.111,172.217.6.206,0,0,0,0,0, 192.168.1.111,172.217.11.14,0,0,0,0,0, 192.168.1.111,172.217.5.246,0,0,0,0,0, 192.168.1.111,172.217.6.238,0,0,0,0,0, 192.168.1.111,172.217.11.46,0,0,0,0,0, 192.168.1.111,172.217.10.238,0,0,0,0,0, 192.168.1.111,172.217.6.227,0,0,0,0,0, 192.168.1.111,172.217.20.99,0,0,0,0,0, 192.168.1.111,172.217.10.110,0,0,0,0,0, 192.168.1.111,172.217.17.67,0,0,0,0,0, 192.168.1.111,173.194.184.106,0,0,0,0,0, 192.168.1.111,172.217.11.42,0,0,0,0,0, 192.168.1.111,104.237.191.1,0,0,0,0,0, 192.168.1.111,172.217.9.243,0,0,0,0,0, 192.168.1.111,172.217.10.98,0,0,0,0,0, 192.168.1.111,172.217.135.41,0,0,0,0,0, 192.168.1.111,173.194.7.25,0,0,0,0,0, 192.168.1.111,216.58.211.99,0,0,0,0,0, 192.168.1.111,172.217.11.13,0,0,0,0,0, 192.168.1.111,172.217.20.67,0,0,0,0,0, 192.168.1.111,216.58.211.131,0,0,0,0,0, 192.168.1.111,0.0.0.0,0,0,0,0,0,0,0,0,0,0,1526512263621,0.0,6252.241,0,0,0,0,0,0,0,0,0,0.0,0.0,-1
1800.6999999994578,0,0,0,0, 192.168.1.111,74.125.155.188,0,0,0,0,0, 192.168.1.111,74.125.155.202,0,0,0,0,0, 192.168.1.111,172.217.11.3,0,0,0,0,0, 192.168.1.111,172.217.13.227,0,0,0,0,0, 192.168.1.111,172.217.6.206,0,0,0,0,0, 192.168.1.111,172.217.11.14,0,0,0,0,0, 192.168.1.111,172.217.5.246,0,0,0,0,0, 192.168.1.111,172.217.6.238,0,0,0,0,0, 192.168.1.111,172.217.11.46,0,0,0,0,0, 192.168.1.111,172.217.10.238,0,0,0,0,0, 192.168.1.111,172.217.6.227,0,0,0,0,0, 192.168.1.111,172.217.20.99,0,0,0,0,0, 192.168.1.111,172.217.10.110,0,0,0,0,0, 192.168.1.111,172.217.17.67,0,0,0,0,0, 192.168.1.111,173.194.184.106,0,0,0,0,0, 192.168.1.111,172.217.11.42,0,0,0,0,0, 192.168.1.111,104.237.191.1,0,0,0,0,0, 192.168.1.111,172.217.9.243,0,0,0,0,0, 192.168.1.111,172.217.10.98,0,0,0,0,0, 192.168.1.111,172.217.135.41,0,0,0,0,0, 192.168.1.111,173.194.7.25,0,0,0,0,0, 192.168.1.111,216.58.211.99,0,0,0,0,0, 192.168.1.111,172.217.11.13,0,0,0,0,0, 192.168.1.111,172.217.20.67,0,0,0,0,0, 192.168.1.111,216.58.211.131,0,0,0,0,0, 192.168.1.111,0.0.0.0,0,0,0,0,0,0,0,0,0,0,1526512263621,0.0,6252.241,0,0,0,0,0,0,0,0,0,0.0,0.0,-1
1800.7999999994577,0,0,0,0, 192.168.1.111,74.125.155.188,0,0,0,0,0, 192.168.1.111,74.125.155.202,0,0,0,0,0, 192.168.1.111,172.217.11.3,0,0,0,0,0, 192.168.1.111,172.217.13.227,0,0,0,0,0, 192.168.1.111,172.217.6.206,0,0,0,0,0, 192.168.1.111,172.217.11.14,0,0,0,0,0, 192.168.1.111,172.217.5.246,0,0,0,0,0, 192.168.1.111,172.217.6.238,0,0,0,0,0, 192.168.1.111,172.217.11.46,0,0,0,0,0, 192.168.1.111,172.217.10.238,0,0,0,0,0, 192.168.1.111,172.217.6.227,0,0,0,0,0, 192.168.1.111,172.217.20.99,0,0,0,0,0, 192.168.1.111,172.217.10.110,0,0,0,0,0, 192.168.1.111,172.217.17.67,0,0,0,0,0, 192.168.1.111,173.194.184.106,0,0,0,0,0, 192.168.1.111,172.217.11.42,0,0,0,0,0, 192.168.1.111,104.237.191.1,0,0,0,0,0, 192.168.1.111,172.217.9.243,0,0,0,0,0, 192.168.1.111,172.217.10.98,0,0,0,0,0, 192.168.1.111,172.217.135.41,0,0,0,0,0, 192.168.1.111,173.194.7.25,0,0,0,0,0, 192.168.1.111,216.58.211.99,0,0,0,0,0, 192.168.1.111,172.217.11.13,0,0,0,0,0, 192.168.1.111,172.217.20.67,0,0,0,0,0, 192.168.1.111,216.58.211.131,0,0,0,0,0, 192.168.1.111,0.0.0.0,0,0,0,0,0,0,0,0,0,0,1526512263621,0.0,6252.241,0,0,0,0,0,0,0,0,0,0.0,0.0,-1
1800.8999999994576,0,0,0,0, 192.168.1.111,74.125.155.188,0,0,0,0,0, 192.168.1.111,74.125.155.202,0,0,0,0,0, 192.168.1.111,172.217.11.3,0,0,0,0,0, 192.168.1.111,172.217.13.227,0,0,0,0,0, 192.168.1.111,172.217.6.206,0,0,0,0,0, 192.168.1.111,172.217.11.14,0,0,0,0,0, 192.168.1.111,172.217.5.246,0,0,0,0,0, 192.168.1.111,172.217.6.238,0,0,0,0,0, 192.168.1.111,172.217.11.46,0,0,0,0,0, 192.168.1.111,172.217.10.238,0,0,0,0,0, 192.168.1.111,172.217.6.227,0,0,0,0,0, 192.168.1.111,172.217.20.99,0,0,0,0,0, 192.168.1.111,172.217.10.110,0,0,0,0,0, 192.168.1.111,172.217.17.67,0,0,0,0,0, 192.168.1.111,173.194.184.106,0,0,0,0,0, 192.168.1.111,172.217.11.42,0,0,0,0,0, 192.168.1.111,104.237.191.1,0,0,0,0,0, 192.168.1.111,172.217.9.243,0,0,0,0,0, 192.168.1.111,172.217.10.98,0,0,0,0,0, 192.168.1.111,172.217.135.41,0,0,0,0,0, 192.168.1.111,173.194.7.25,0,0,0,0,0, 192.168.1.111,216.58.211.99,0,0,0,0,0, 192.168.1.111,172.217.11.13,0,0,0,0,0, 192.168.1.111,172.217.20.67,0,0,0,0,0, 192.168.1.111,216.58.211.131,0,0,0,0,0, 192.168.1.111,0.0.0.0,0,0,0,0,0,0,0,0,0,0,1526512263621,0.0,6252.241,0,0,0,0,0,0,0,0,0,0.0,0.0,-1
0.0,0,1,0,387, 192.168.1.111,173.194.184.41,0,0,0,0,0, 192.168.1.111,172.217.12.131,0,0,0,0,0, 192.168.1.111,172.217.7.14,0,0,0,0,0, 192.168.1.111,172.217.11.14,0,0,0,0,0, 192.168.1.111,172.217.11.46,0,0,0,0,0, 192.168.1.111,172.217.10.238,0,0,0,0,0, 192.168.1.111,172.217.13.68,0,0,0,0,0, 192.168.1.111,172.217.10.102,0,0,0,0,0, 192.168.1.111,172.217.12.147,0,0,0,0,0, 192.168.1.111,172.217.12.138,TLSv1.2,0,1,0,387, 192.168.1.111,172.217.12.130,0,0,0,0,0, 192.168.1.111,172.217.12.141,0,0,0,0,0, 192.168.1.111,172.217.12.142,0,0,0,0,0, 192.168.1.111,172.217.10.99,0,0,0,0,0, 192.168.1.111,172.217.11.3,0,0,0,0,0, 192.168.1.111,0,0,0,0,0,0, 192.168.1.111,0,0,0,0,0,0, 192.168.1.111,0,0,0,0,0,0, 192.168.1.111,0,0,0,0,0,0, 192.168.1.111,0,0,0,0,0,0, 192.168.1.111,0,0,0,0,0,0, 192.168.1.111,0,0,0,0,0,0, 192.168.1.111,0,0,0,0,0,0, 192.168.1.111,0,0,0,0,0,0, 192.168.1.111,0,0,0,0,0,0, 192.168.1.111,0.0.0.0,0,0,0,0,0,0,0,0,0,0,1526924563436,0.0,2058.621,0,0,0,0,0,0,0,0,0,0.0,0.0,-1
0.1,6,5,396,1571, 192.168.1.111,173.194.184.41,0,0,0,0,0, 192.168.1.111,172.217.12.131,0,0,0,0,0, 192.168.1.111,172.217.7.14,0,0,0,0,0, 192.168.1.111,172.217.11.14,TCP,2,2,132,718, 192.168.1.111,172.217.11.46,0,0,0,0,0, 192.168.1.111,172.217.10.238,0,0,0,0,0, 192.168.1.111,172.217.13.68,0,0,0,0,0, 192.168.1.111,172.217.10.102,0,0,0,0,0, 192.168.1.111,172.217.12.147,0,0,0,0,0, 192.168.1.111,172.217.12.138,TCP,2,1,132,135, 192.168.1.111,172.217.12.130,0,0,0,0,0, 192.168.1.111,172.217.12.141,0,0,0,0,0, 192.168.1.111,172.217.12.142,TCP,2,2,132,718, 192.168.1.111,172.217.10.99,0,0,0,0,0, 192.168.1.111,172.217.11.3,0,0,0,0,0, 192.168.1.111,0,0,0,0,0,0, 192.168.1.111,0,0,0,0,0,0, 192.168.1.111,0,0,0,0,0,0, 192.168.1.111,0,0,0,0,0,0, 192.168.1.111,0,0,0,0,0,0, 192.168.1.111,0,0,0,0,0,0, 192.168.1.111,0,0,0,0,0,0, 192.168.1.111,0,0,0,0,0,0, 192.168.1.111,0,0,0,0,0,0, 192.168.1.111,0,0,0,0,0,0, 192.168.1.111,0.0.0.0,0,0,0,0,0,0,0,0,0,0,1526924563436,0.0,2058.621,0,0,0,0,0,0,0,0,0,0.0,0.0,-1
0.2,2,1,1471,95, 192.168.1.111,173.194.184.41,0,0,0,0,0, 192.168.1.111,172.217.12.131,0,0,0,0,0, 192.168.1.111,172.217.7.14,0,0,0,0,0, 192.168.1.111,172.217.11.14,0,0,0,0,0, 192.168.1.111,172.217.11.46,0,0,0,0,0, 192.168.1.111,172.217.10.238,0,0,0,0,0, 192.168.1.111,172.217.13.68,0,0,0,0,0, 192.168.1.111,172.217.10.102,0,0,0,0,0, 192.168.1.111,172.217.12.147,0,0,0,0,0, 192.168.1.111,172.217.12.138,0,0,0,0,0, 192.168.1.111,172.217.12.130,0,0,0,0,0, 192.168.1.111,172.217.12.141,QUIC,1,0,1392,0, 192.168.1.111,172.217.12.142,0,0,0,0,0, 192.168.1.111,172.217.10.99,0,0,0,0,0, 192.168.1.111,172.217.11.3,0,0,0,0,0, 192.168.1.111,0,0,0,0,0,0, 192.168.1.111,0,0,0,0,0,0, 192.168.1.111,0,0,0,0,0,0, 192.168.1.111,0,0,0,0,0,0, 192.168.1.111,0,0,0,0,0,0, 192.168.1.111,0,0,0,0,0,0, 192.168.1.111,0,0,0,0,0,0, 192.168.1.111,0,0,0,0,0,0, 192.168.1.111,0,0,0,0,0,0, 192.168.1.111,0,0,0,0,0,0, 192.168.1.111,0.0.0.0,0,1,1,79,95,0,0,0,0,0,1526924563436,0.0,2058.621,0,0,0,0,0,0,0,0,0,0.0,0.0,-1
0.3,7,6,3063,5411, 192.168.1.111,173.194.184.41,0,0,0,0,0, 192.168.1.111,172.217.12.131,0,0,0,0,0, 192.168.1.111,172.217.7.14,0,0,0,0,0, 192.168.1.111,172.217.11.14,0,0,0,0,0, 192.168.1.111,172.217.11.46,0,0,0,0,0, 192.168.1.111,172.217.10.238,0,0,0,0,0, 192.168.1.111,172.217.13.68,0,0,0,0,0, 192.168.1.111,172.217.10.102,0,0,0,0,0, 192.168.1.111,172.217.12.147,0,0,0,0,0, 192.168.1.111,172.217.12.138,0,0,0,0,0, 192.168.1.111,172.217.12.130,0,0,0,0,0, 192.168.1.111,172.217.12.141,QUIC,6,6,2846,5411, 192.168.1.111,172.217.12.142,0,0,0,0,0, 192.168.1.111,172.217.10.99,0,0,0,0,0, 192.168.1.111,172.217.11.3,0,0,0,0,0, 192.168.1.111,0,0,0,0,0,0, 192.168.1.111,0,0,0,0,0,0, 192.168.1.111,0,0,0,0,0,0, 192.168.1.111,0,0,0,0,0,0, 192.168.1.111,0,0,0,0,0,0, 192.168.1.111,0,0,0,0,0,0, 192.168.1.111,0,0,0,0,0,0, 192.168.1.111,0,0,0,0,0,0, 192.168.1.111,0,0,0,0,0,0, 192.168.1.111,0,0,0,0,0,0, 192.168.1.111,0.0.0.0,0,1,0,217,0,0,0,0,0,0,1526924563436,0.0,2058.621,0,0,0,0,0,0,0,0,0,0.0,0.0,-1
0.4,18,18,8842,12822, 192.168.1.111,173.194.184.41,0,0,0,0,0, 192.168.1.111,172.217.12.131,0,0,0,0,0, 192.168.1.111,172.217.7.14,0,0,0,0,0, 192.168.1.111,172.217.11.14,QUIC,10,9,5577,7128, 192.168.1.111,172.217.11.46,0,0,0,0,0, 192.168.1.111,172.217.10.238,0,0,0,0,0, 192.168.1.111,172.217.13.68,0,0,0,0,0, 192.168.1.111,172.217.10.102,0,0,0,0,0, 192.168.1.111,172.217.12.147,0,0,0,0,0, 192.168.1.111,172.217.12.138,0,0,0,0,0, 192.168.1.111,172.217.12.130,0,0,0,0,0, 192.168.1.111,172.217.12.141,QUIC,3,5,243,1389, 192.168.1.111,172.217.12.142,0,0,0,0,0, 192.168.1.111,172.217.10.99,QUIC,4,3,2945,4176, 192.168.1.111,172.217.11.3,0,0,0,0,0, 192.168.1.111,0,0,0,0,0,0, 192.168.1.111,0,0,0,0,0,0, 192.168.1.111,0,0,0,0,0,0, 192.168.1.111,0,0,0,0,0,0, 192.168.1.111,0,0,0,0,0,0, 192.168.1.111,0,0,0,0,0,0, 192.168.1.111,0,0,0,0,0,0, 192.168.1.111,0,0,0,0,0,0, 192.168.1.111,0,0,0,0,0,0, 192.168.1.111,0,0,0,0,0,0, 192.168.1.111,0.0.0.0,0,1,1,77,129,0,0,0,0,0,1526924563436,0.0,2058.621,0,0,0,0,0,0,0,0,0,0.0,0.0,-1
0.5,3,2,231,145, 192.168.1.111,173.194.184.41,0,0,0,0,0, 192.168.1.111,172.217.12.131,0,0,0,0,0, 192.168.1.111,172.217.7.14,0,0,0,0,0, 192.168.1.111,172.217.11.14,QUIC,1,0,77,0, 192.168.1.111,172.217.11.46,0,0,0,0,0, 192.168.1.111,172.217.10.238,0,0,0,0,0, 192.168.1.111,172.217.13.68,0,0,0,0,0, 192.168.1.111,172.217.10.102,0,0,0,0,0, 192.168.1.111,172.217.12.147,0,0,0,0,0, 192.168.1.111,172.217.12.138,0,0,0,0,0, 192.168.1.111,172.217.12.130,0,0,0,0,0, 192.168.1.111,172.217.12.141,0,0,0,0,0, 192.168.1.111,172.217.12.142,0,0,0,0,0, 192.168.1.111,172.217.10.99,QUIC,2,2,154,145, 192.168.1.111,172.217.11.3,0,0,0,0,0, 192.168.1.111,0,0,0,0,0,0, 192.168.1.111,0,0,0,0,0,0, 192.168.1.111,0,0,0,0,0,0, 192.168.1.111,0,0,0,0,0,0, 192.168.1.111,0,0,0,0,0,0, 192.168.1.111,0,0,0,0,0,0, 192.168.1.111,0,0,0,0,0,0, 192.168.1.111,0,0,0,0,0,0, 192.168.1.111,0,0,0,0,0,0, 192.168.1.111,0,0,0,0,0,0, 192.168.1.111,0.0.0.0,0,0,0,0,0,0,0,0,0,0,1526924563436,0.0,2058.621,0,0,0,0,0,0,0,0,0,0.0,0.0,-1
0.6,0,0,0,0, 192.168.1.111,173.194.184.41,0,0,0,0,0, 192.168.1.111,172.217.12.131,0,0,0,0,0, 192.168.1.111,172.217.7.14,0,0,0,0,0, 192.168.1.111,172.217.11.14,0,0,0,0,0, 192.168.1.111,172.217.11.46,0,0,0,0,0, 192.168.1.111,172.217.10.238,0,0,0,0,0, 192.168.1.111,172.217.13.68,0,0,0,0,0, 192.168.1.111,172.217.10.102,0,0,0,0,0, 192.168.1.111,172.217.12.147,0,0,0,0,0, 192.168.1.111,172.217.12.138,0,0,0,0,0, 192.168.1.111,172.217.12.130,0,0,0,0,0, 192.168.1.111,172.217.12.141,0,0,0,0,0, 192.168.1.111,172.217.12.142,0,0,0,0,0, 192.168.1.111,172.217.10.99,0,0,0,0,0, 192.168.1.111,172.217.11.3,0,0,0,0,0, 192.168.1.111,0,0,0,0,0,0, 192.168.1.111,0,0,0,0,0,0, 192.168.1.111,0,0,0,0,0,0, 192.168.1.111,0,0,0,0,0,0, 192.168.1.111,0,0,0,0,0,0, 192.168.1.111,0,0,0,0,0,0, 192.168.1.111,0,0,0,0,0,0, 192.168.1.111,0,0,0,0,0,0, 192.168.1.111,0,0,0,0,0,0, 192.168.1.111,0,0,0,0,0,0, 192.168.1.111,0.0.0.0,0,0,0,0,0,0,0,0,0,0,1526924563436,0.0,2058.621,0,0,0,0,0,0,0,0,0,0.0,0.0,-1
0.7,0,0,0,0, 192.168.1.111,173.194.184.41,0,0,0,0,0, 192.168.1.111,172.217.12.131,0,0,0,0,0, 192.168.1.111,172.217.7.14,0,0,0,0,0, 192.168.1.111,172.217.11.14,0,0,0,0,0, 192.168.1.111,172.217.11.46,0,0,0,0,0, 192.168.1.111,172.217.10.238,0,0,0,0,0, 192.168.1.111,172.217.13.68,0,0,0,0,0, 192.168.1.111,172.217.10.102,0,0,0,0,0, 192.168.1.111,172.217.12.147,0,0,0,0,0, 192.168.1.111,172.217.12.138,0,0,0,0,0, 192.168.1.111,172.217.12.130,0,0,0,0,0, 192.168.1.111,172.217.12.141,0,0,0,0,0, 192.168.1.111,172.217.12.142,0,0,0,0,0, 192.168.1.111,172.217.10.99,0,0,0,0,0, 192.168.1.111,172.217.11.3,0,0,0,0,0, 192.168.1.111,0,0,0,0,0,0, 192.168.1.111,0,0,0,0,0,0, 192.168.1.111,0,0,0,0,0,0, 192.168.1.111,0,0,0,0,0,0, 192.168.1.111,0,0,0,0,0,0, 192.168.1.111,0,0,0,0,0,0, 192.168.1.111,0,0,0,0,0,0, 192.168.1.111,0,0,0,0,0,0, 192.168.1.111,0,0,0,0,0,0, 192.168.1.111,0,0,0,0,0,0, 192.168.1.111,0.0.0.0,0,0,0,0,0,0,0,0,0,0,1526924563436,0.0,2058.621,0,0,0,0,0,0,0,0,0,0.0,0.0,-1
0.7999999999999999,7,0,4691,0, 192.168.1.111,173.194.184.41,0,0,0,0,0, 192.168.1.111,172.217.12.131,0,0,0,0,0, 192.168.1.111,172.217.7.14,0,0,0,0,0, 192.168.1.111,172.217.11.14,QUIC,1,0,239,0, 192.168.1.111,172.217.11.46,0,0,0,0,0, 192.168.1.111,172.217.10.238,0,0,0,0,0, 192.168.1.111,172.217.13.68,QUIC,1,0,1392,0, 192.168.1.111,172.217.10.102,QUIC,1,0,1392,0, 192.168.1.111,172.217.12.147,0,0,0,0,0, 192.168.1.111,172.217.12.138,0,0,0,0,0, 192.168.1.111,172.217.12.130,QUIC,1,0,1392,0, 192.168.1.111,172.217.12.141,0,0,0,0,0, 192.168.1.111,172.217.12.142,0,0,0,0,0, 192.168.1.111,172.217.10.99,0,0,0,0,0, 192.168.1.111,172.217.11.3,0,0,0,0,0, 192.168.1.111,0,0,0,0,0,0, 192.168.1.111,0,0,0,0,0,0, 192.168.1.111,0,0,0,0,0,0, 192.168.1.111,0,0,0,0,0,0, 192.168.1.111,0,0,0,0,0,0, 192.168.1.111,0,0,0,0,0,0, 192.168.1.111,0,0,0,0,0,0, 192.168.1.111,0,0,0,0,0,0, 192.168.1.111,0,0,0,0,0,0, 192.168.1.111,0,0,0,0,0,0, 192.168.1.111,0.0.0.0,0,3,0,276,0,0,0,0,0,0,1526924563436,0.0,2058.621,0,0,0,0,0,0,0,0,0,0.0,0.0,-1
0.8999999999999999,6,2,7037,2784, 192.168.1.111,173.194.184.41,0,0,0,0,0, 192.168.1.111,172.217.12.131,0,0,0,0,0, 192.168.1.111,172.217.7.14,0,0,0,0,0, 192.168.1.111,172.217.11.14,0,0,0,0,0, 192.168.1.111,172.217.11.46,0,0,0,0,0, 192.168.1.111,172.217.10.238,0,0,0,0,0, 192.168.1.111,172.217.13.68,QUIC,1,0,1392,0, 192.168.1.111,172.217.10.102,QUIC,2,0,2784,0, 192.168.1.111,172.217.12.147,0,0,0,0,0, 192.168.1.111,172.217.12.138,0,0,0,0,0, 192.168.1.111,172.217.12.130,QUIC,3,2,2861,2784, 192.168.1.111,172.217.12.141,0,0,0,0,0, 192.168.1.111,172.217.12.142,0,0,0,0,0, 192.168.1.111,172.217.10.99,0,0,0,0,0, 192.168.1.111,172.217.11.3,0,0,0,0,0, 192.168.1.111,0,0,0,0,0,0, 192.168.1.111,0,0,0,0,0,0, 192.168.1.111,0,0,0,0,0,0, 192.168.1.111,0,0,0,0,0,0, 192.168.1.111,0,0,0,0,0,0, 192.168.1.111,0,0,0,0,0,0, 192.168.1.111,0,0,0,0,0,0, 192.168.1.111,0,0,0,0,0,0, 192.168.1.111,0,0,0,0,0,0, 192.168.1.111,0,0,0,0,0,0, 192.168.1.111,0.0.0.0,0,0,0,0,0,0,0,0,0,0,1526924563436,0.0,2058.621,0,0,0,0,0,0,0,0,0,0.0,0.0,-1
1.0,5,8,2027,927, 192.168.1.111,173.194.184.41,0,0,0,0,0, 192.168.1.111,172.217.12.131,0,0,0,0,0, 192.168.1.111,172.217.7.14,0,0,0,0,0, 192.168.1.111,172.217.11.14,QUIC,2,1,478,81, 192.168.1.111,172.217.11.46,0,0,0,0,0, 192.168.1.111,172.217.10.238,0,0,0,0,0, 192.168.1.111,172.217.13.68,QUIC,1,0,1392,0, 192.168.1.111,172.217.10.102,QUIC,0,1,0,80, 192.168.1.111,172.217.12.147,0,0,0,0,0, 192.168.1.111,172.217.12.138,0,0,0,0,0, 192.168.1.111,172.217.12.130,QUIC,0,1,0,83, 192.168.1.111,172.217.12.141,0,0,0,0,0, 192.168.1.111,172.217.12.142,0,0,0,0,0, 192.168.1.111,172.217.10.99,0,0,0,0,0, 192.168.1.111,172.217.11.3,0,0,0,0,0, 192.168.1.111,0,0,0,0,0,0, 192.168.1.111,0,0,0,0,0,0, 192.168.1.111,0,0,0,0,0,0, 192.168.1.111,0,0,0,0,0,0, 192.168.1.111,0,0,0,0,0,0, 192.168.1.111,0,0,0,0,0,0, 192.168.1.111,0,0,0,0,0,0, 192.168.1.111,0,0,0,0,0,0, 192.168.1.111,0,0,0,0,0,0, 192.168.1.111,0,0,0,0,0,0, 192.168.1.111,0.0.0.0,0,2,5,157,683,0,0,0,0,0,1526924563436,0.0,2058.621,0,0,0,0,0,0,0,0,0,0.0,0.0,-1
1.1,1,1,1392,80, 192.168.1.111,173.194.184.41,0,0,0,0,0, 192.168.1.111,172.217.12.131,0,0,0,0,0, 192.168.1.111,172.217.7.14,0,0,0,0,0, 192.168.1.111,172.217.11.14,0,0,0,0,0, 192.168.1.111,172.217.11.46,0,0,0,0,0, 192.168.1.111,172.217.10.238,0,0,0,0,0, 192.168.1.111,172.217.13.68,QUIC,1,1,1392,80, 192.168.1.111,172.217.10.102,0,0,0,0,0, 192.168.1.111,172.217.12.147,0,0,0,0,0, 192.168.1.111,172.217.12.138,0,0,0,0,0, 192.168.1.111,172.217.12.130,0,0,0,0,0, 192.168.1.111,172.217.12.141,0,0,0,0,0, 192.168.1.111,172.217.12.142,0,0,0,0,0, 192.168.1.111,172.217.10.99,0,0,0,0,0, 192.168.1.111,172.217.11.3,0,0,0,0,0, 192.168.1.111,0,0,0,0,0,0, 192.168.1.111,0,0,0,0,0,0, 192.168.1.111,0,0,0,0,0,0, 192.168.1.111,0,0,0,0,0,0, 192.168.1.111,0,0,0,0,0,0, 192.168.1.111,0,0,0,0,0,0, 192.168.1.111,0,0,0,0,0,0, 192.168.1.111,0,0,0,0,0,0, 192.168.1.111,0,0,0,0,0,0, 192.168.1.111,0,0,0,0,0,0, 192.168.1.111,0.0.0.0,0,0,0,0,0,0,0,0,0,0,1526924563436,0.0,2058.621,0,0,0,0,0,0,0,0,0,0.0,0.0,-1
1.2,2,2,1472,2784, 192.168.1.111,173.194.184.41,0,0,0,0,0, 192.168.1.111,172.217.12.131,0,0,0,0,0, 192.168.1.111,172.217.7.14,0,0,0,0,0, 192.168.1.111,172.217.11.14,0,0,0,0,0, 192.168.1.111,172.217.11.46,0,0,0,0,0, 192.168.1.111,172.217.10.238,0,0,0,0,0, 192.168.1.111,172.217.13.68,QUIC,2,2,1472,2784, 192.168.1.111,172.217.10.102,0,0,0,0,0, 192.168.1.111,172.217.12.147,0,0,0,0,0, 192.168.1.111,172.217.12.138,0,0,0,0,0, 192.168.1.111,172.217.12.130,0,0,0,0,0, 192.168.1.111,172.217.12.141,0,0,0,0,0, 192.168.1.111,172.217.12.142,0,0,0,0,0, 192.168.1.111,172.217.10.99,0,0,0,0,0, 192.168.1.111,172.217.11.3,0,0,0,0,0, 192.168.1.111,0,0,0,0,0,0, 192.168.1.111,0,0,0,0,0,0, 192.168.1.111,0,0,0,0,0,0, 192.168.1.111,0,0,0,0,0,0, 192.168.1.111,0,0,0,0,0,0, 192.168.1.111,0,0,0,0,0,0, 192.168.1.111,0,0,0,0,0,0, 192.168.1.111,0,0,0,0,0,0, 192.168.1.111,0,0,0,0,0,0, 192.168.1.111,0,0,0,0,0,0, 192.168.1.111,0.0.0.0,0,0,0,0,0,0,0,0,0,0,1526924563436,0.0,2058.621,0,0,0,0,0,0,0,0,0,0.0,0.0,-1
1.3,0,0,0,0, 192.168.1.111,173.194.184.41,0,0,0,0,0, 192.168.1.111,172.217.12.131,0,0,0,0,0, 192.168.1.111,172.217.7.14,0,0,0,0,0, 192.168.1.111,172.217.11.14,0,0,0,0,0, 192.168.1.111,172.217.11.46,0,0,0,0,0, 192.168.1.111,172.217.10.238,0,0,0,0,0, 192.168.1.111,172.217.13.68,0,0,0,0,0, 192.168.1.111,172.217.10.102,0,0,0,0,0, 192.168.1.111,172.217.12.147,0,0,0,0,0, 192.168.1.111,172.217.12.138,0,0,0,0,0, 192.168.1.111,172.217.12.130,0,0,0,0,0, 192.168.1.111,172.217.12.141,0,0,0,0,0, 192.168.1.111,172.217.12.142,0,0,0,0,0, 192.168.1.111,172.217.10.99,0,0,0,0,0, 192.168.1.111,172.217.11.3,0,0,0,0,0, 192.168.1.111,0,0,0,0,0,0, 192.168.1.111,0,0,0,0,0,0, 192.168.1.111,0,0,0,0,0,0, 192.168.1.111,0,0,0,0,0,0, 192.168.1.111,0,0,0,0,0,0, 192.168.1.111,0,0,0,0,0,0, 192.168.1.111,0,0,0,0,0,0, 192.168.1.111,0,0,0,0,0,0, 192.168.1.111,0,0,0,0,0,0, 192.168.1.111,0,0,0,0,0,0, 192.168.1.111,0.0.0.0,0,0,0,0,0,0,0,0,0,0,1526924563436,0.0,2058.621,0,0,0,0,0,0,0,0,0,0.0,0.0,-1
1.4,8,9,1958,8596, 192.168.1.111,173.194.184.41,0,0,0,0,0, 192.168.1.111,172.217.12.131,0,0,0,0,0, 192.168.1.111,172.217.7.14,0,0,0,0,0, 192.168.1.111,172.217.11.14,QUIC,2,4,163,4245, 192.168.1.111,172.217.11.46,0,0,0,0,0, 192.168.1.111,172.217.10.238,0,0,0,0,0, 192.168.1.111,172.217.13.68,0,0,0,0,0, 192.168.1.111,172.217.10.102,QUIC,2,2,1475,2784, 192.168.1.111,172.217.12.147,0,0,0,0,0, 192.168.1.111,172.217.12.138,0,0,0,0,0, 192.168.1.111,172.217.12.130,QUIC,3,2,238,1465, 192.168.1.111,172.217.12.141,0,0,0,0,0, 192.168.1.111,172.217.12.142,0,0,0,0,0, 192.168.1.111,172.217.10.99,0,0,0,0,0, 192.168.1.111,172.217.11.3,0,0,0,0,0, 192.168.1.111,0,0,0,0,0,0, 192.168.1.111,0,0,0,0,0,0, 192.168.1.111,0,0,0,0,0,0, 192.168.1.111,0,0,0,0,0,0, 192.168.1.111,0,0,0,0,0,0, 192.168.1.111,0,0,0,0,0,0, 192.168.1.111,0,0,0,0,0,0, 192.168.1.111,0,0,0,0,0,0, 192.168.1.111,0,0,0,0,0,0, 192.168.1.111,0,0,0,0,0,0, 192.168.1.111,0.0.0.0,0,1,0,82,0,0,0,0,0,0,1526924563436,0.0,2058.621,0,0,0,0,0,0,0,0,0,0.0,0.0,-1
1.5000000000000002,1,1,77,1392, 192.168.1.111,173.194.184.41,0,0,0,0,0, 192.168.1.111,172.217.12.131,0,0,0,0,0, 192.168.1.111,172.217.7.14,0,0,0,0,0, 192.168.1.111,172.217.11.14,QUIC,1,1,77,1392, 192.168.1.111,172.217.11.46,0,0,0,0,0, 192.168.1.111,172.217.10.238,0,0,0,0,0, 192.168.1.111,172.217.13.68,0,0,0,0,0, 192.168.1.111,172.217.10.102,0,0,0,0,0, 192.168.1.111,172.217.12.147,0,0,0,0,0, 192.168.1.111,172.217.12.138,0,0,0,0,0, 192.168.1.111,172.217.12.130,0,0,0,0,0, 192.168.1.111,172.217.12.141,0,0,0,0,0, 192.168.1.111,172.217.12.142,0,0,0,0,0, 192.168.1.111,172.217.10.99,0,0,0,0,0, 192.168.1.111,172.217.11.3,0,0,0,0,0, 192.168.1.111,0,0,0,0,0,0, 192.168.1.111,0,0,0,0,0,0, 192.168.1.111,0,0,0,0,0,0, 192.168.1.111,0,0,0,0,0,0, 192.168.1.111,0,0,0,0,0,0, 192.168.1.111,0,0,0,0,0,0, 192.168.1.111,0,0,0,0,0,0, 192.168.1.111,0,0,0,0,0,0, 192.168.1.111,0,0,0,0,0,0, 192.168.1.111,0,0,0,0,0,0, 192.168.1.111,0.0.0.0,0,0,0,0,0,0,0,0,0,0,1526924563436,0.0,2058.621,0,0,0,0,0,0,0,0,0,0.0,0.0,-1
1.6000000000000003,2,0,1473,0, 192.168.1.111,173.194.184.41,0,0,0,0,0, 192.168.1.111,172.217.12.131,0,0,0,0,0, 192.168.1.111,172.217.7.14,0,0,0,0,0, 192.168.1.111,172.217.11.14,0,0,0,0,0, 192.168.1.111,172.217.11.46,0,0,0,0,0, 192.168.1.111,172.217.10.238,0,0,0,0,0, 192.168.1.111,172.217.13.68,QUIC,1,0,1392,0, 192.168.1.111,172.217.10.102,0,0,0,0,0, 192.168.1.111,172.217.12.147,0,0,0,0,0, 192.168.1.111,172.217.12.138,0,0,0,0,0, 192.168.1.111,172.217.12.130,QUIC,1,0,81,0, 192.168.1.111,172.217.12.141,0,0,0,0,0, 192.168.1.111,172.217.12.142,0,0,0,0,0, 192.168.1.111,172.217.10.99,0,0,0,0,0, 192.168.1.111,172.217.11.3,0,0,0,0,0, 192.168.1.111,0,0,0,0,0,0, 192.168.1.111,0,0,0,0,0,0, 192.168.1.111,0,0,0,0,0,0, 192.168.1.111,0,0,0,0,0,0, 192.168.1.111,0,0,0,0,0,0, 192.168.1.111,0,0,0,0,0,0, 192.168.1.111,0,0,0,0,0,0, 192.168.1.111,0,0,0,0,0,0, 192.168.1.111,0,0,0,0,0,0, 192.168.1.111,0,0,0,0,0,0, 192.168.1.111,0.0.0.0,0,0,0,0,0,0,0,0,0,0,1526924563436,0.0,2058.621,0,0,0,0,0,0,0,0,0,0.0,0.0,-1
1.7000000000000004,3,2,1553,2784, 192.168.1.111,173.194.184.41,0,0,0,0,0, 192.168.1.111,172.217.12.131,0,0,0,0,0, 192.168.1.111,172.217.7.14,0,0,0,0,0, 192.168.1.111,172.217.11.14,QUIC,1,2,80,2784, 192.168.1.111,172.217.11.46,0,0,0,0,0, 192.168.1.111,172.217.10.238,0,0,0,0,0, 192.168.1.111,172.217.13.68,0,0,0,0,0, 192.168.1.111,172.217.10.102,QUIC,1,0,1392,0, 192.168.1.111,172.217.12.147,0,0,0,0,0, 192.168.1.111,172.217.12.138,0,0,0,0,0, 192.168.1.111,172.217.12.130,QUIC,1,0,81,0, 192.168.1.111,172.217.12.141,0,0,0,0,0, 192.168.1.111,172.217.12.142,0,0,0,0,0, 192.168.1.111,172.217.10.99,0,0,0,0,0, 192.168.1.111,172.217.11.3,0,0,0,0,0, 192.168.1.111,0,0,0,0,0,0, 192.168.1.111,0,0,0,0,0,0, 192.168.1.111,0,0,0,0,0,0, 192.168.1.111,0,0,0,0,0,0, 192.168.1.111,0,0,0,0,0,0, 192.168.1.111,0,0,0,0,0,0, 192.168.1.111,0,0,0,0,0,0, 192.168.1.111,0,0,0,0,0,0, 192.168.1.111,0,0,0,0,0,0, 192.168.1.111,0,0,0,0,0,0, 192.168.1.111,0.0.0.0,0,0,0,0,0,0,0,0,0,0,1526924563436,0.0,2058.621,0,0,0,0,0,0,0,0,0,0.0,0.0,-1
1.8000000000000005,3,6,240,5760, 192.168.1.111,173.194.184.41,0,0,0,0,0, 192.168.1.111,172.217.12.131,0,0,0,0,0, 192.168.1.111,172.217.7.14,0,0,0,0,0, 192.168.1.111,172.217.11.14,QUIC,3,6,240,5760, 192.168.1.111,172.217.11.46,0,0,0,0,0, 192.168.1.111,172.217.10.238,0,0,0,0,0, 192.168.1.111,172.217.13.68,0,0,0,0,0, 192.168.1.111,172.217.10.102,0,0,0,0,0, 192.168.1.111,172.217.12.147,0,0,0,0,0, 192.168.1.111,172.217.12.138,0,0,0,0,0, 192.168.1.111,172.217.12.130,0,0,0,0,0, 192.168.1.111,172.217.12.141,0,0,0,0,0, 192.168.1.111,172.217.12.142,0,0,0,0,0, 192.168.1.111,172.217.10.99,0,0,0,0,0, 192.168.1.111,172.217.11.3,0,0,0,0,0, 192.168.1.111,0,0,0,0,0,0, 192.168.1.111,0,0,0,0,0,0, 192.168.1.111,0,0,0,0,0,0, 192.168.1.111,0,0,0,0,0,0, 192.168.1.111,0,0,0,0,0,0, 192.168.1.111,0,0,0,0,0,0, 192.168.1.111,0,0,0,0,0,0, 192.168.1.111,0,0,0,0,0,0, 192.168.1.111,0,0,0,0,0,0, 192.168.1.111,0,0,0,0,0,0, 192.168.1.111,0.0.0.0,0,0,0,0,0,0,0,0,0,0,1526924563436,0.0,2058.621,0,0,0,0,0,0,0,0,0,0.0,0.0,-1
1.9000000000000008,7,9,1499,10671, 192.168.1.111,173.194.184.41,0,0,0,0,0, 192.168.1.111,172.217.12.131,0,0,0,0,0, 192.168.1.111,172.217.7.14,0,0,0,0,0, 192.168.1.111,172.217.11.14,QUIC,3,5,237,5129, 192.168.1.111,172.217.11.46,0,0,0,0,0, 192.168.1.111,172.217.10.238,0,0,0,0,0, 192.168.1.111,172.217.13.68,QUIC,1,2,80,2771, 192.168.1.111,172.217.10.102,QUIC,2,2,632,2771, 192.168.1.111,172.217.12.147,0,0,0,0,0, 192.168.1.111,172.217.12.138,0,0,0,0,0, 192.168.1.111,172.217.12.130,QUIC,1,0,550,0, 192.168.1.111,172.217.12.141,0,0,0,0,0, 192.168.1.111,172.217.12.142,0,0,0,0,0, 192.168.1.111,172.217.10.99,0,0,0,0,0, 192.168.1.111,172.217.11.3,0,0,0,0,0, 192.168.1.111,0,0,0,0,0,0, 192.168.1.111,0,0,0,0,0,0, 192.168.1.111,0,0,0,0,0,0, 192.168.1.111,0,0,0,0,0,0, 192.168.1.111,0,0,0,0,0,0, 192.168.1.111,0,0,0,0,0,0, 192.168.1.111,0,0,0,0,0,0, 192.168.1.111,0,0,0,0,0,0, 192.168.1.111,0,0,0,0,0,0, 192.168.1.111,0,0,0,0,0,0, 192.168.1.111,0.0.0.0,0,0,0,0,0,0,0,0,0,0,1526924563436,0.0,2058.621,0,0,0,0,0,0,0,0,0,0.0,0.0,-1
2.0000000000000004,12,22,970,17337, 192.168.1.111,173.194.184.41,0,0,0,0,0, 192.168.1.111,172.217.12.131,0,0,0,0,0, 192.168.1.111,172.217.7.14,0,0,0,0,0, 192.168.1.111,172.217.11.14,QUIC,1,2,80,2784, 192.168.1.111,172.217.11.46,0,0,0,0,0, 192.168.1.111,172.217.10.238,0,0,0,0,0, 192.168.1.111,172.217.13.68,QUIC,6,7,484,7111, 192.168.1.111,172.217.10.102,QUIC,4,7,326,4628, 192.168.1.111,172.217.12.147,0,0,0,0,0, 192.168.1.111,172.217.12.138,0,0,0,0,0, 192.168.1.111,172.217.12.130,QUIC,1,6,80,2814, 192.168.1.111,172.217.12.141,0,0,0,0,0, 192.168.1.111,172.217.12.142,0,0,0,0,0, 192.168.1.111,172.217.10.99,0,0,0,0,0, 192.168.1.111,172.217.11.3,0,0,0,0,0, 192.168.1.111,0,0,0,0,0,0, 192.168.1.111,0,0,0,0,0,0, 192.168.1.111,0,0,0,0,0,0, 192.168.1.111,0,0,0,0,0,0, 192.168.1.111,0,0,0,0,0,0, 192.168.1.111,0,0,0,0,0,0, 192.168.1.111,0,0,0,0,0,0, 192.168.1.111,0,0,0,0,0,0, 192.168.1.111,0,0,0,0,0,0, 192.168.1.111,0,0,0,0,0,0, 192.168.1.111,0.0.0.0,0,0,0,0,0,0,0,0,0,0,1526924563436,0.0,2058.621,0,0,0,0,0,0,0,0,0,0.0,0.0,-1
2.1000000000000005,1,0,86,0, 192.168.1.111,173.194.184.41,0,0,0,0,0, 192.168.1.111,172.217.12.131,0,0,0,0,0, 192.168.1.111,172.217.7.14,0,0,0,0,0, 192.168.1.111,172.217.11.14,0,0,0,0,0, 192.168.1.111,172.217.11.46,0,0,0,0,0, 192.168.1.111,172.217.10.238,0,0,0,0,0, 192.168.1.111,172.217.13.68,0,0,0,0,0, 192.168.1.111,172.217.10.102,0,0,0,0,0, 192.168.1.111,172.217.12.147,0,0,0,0,0, 192.168.1.111,172.217.12.138,0,0,0,0,0, 192.168.1.111,172.217.12.130,QUIC,1,0,86,0, 192.168.1.111,172.217.12.141,0,0,0,0,0, 192.168.1.111,172.217.12.142,0,0,0,0,0, 192.168.1.111,172.217.10.99,0,0,0,0,0, 192.168.1.111,172.217.11.3,0,0,0,0,0, 192.168.1.111,0,0,0,0,0,0, 192.168.1.111,0,0,0,0,0,0, 192.168.1.111,0,0,0,0,0,0, 192.168.1.111,0,0,0,0,0,0, 192.168.1.111,0,0,0,0,0,0, 192.168.1.111,0,0,0,0,0,0, 192.168.1.111,0,0,0,0,0,0, 192.168.1.111,0,0,0,0,0,0, 192.168.1.111,0,0,0,0,0,0, 192.168.1.111,0,0,0,0,0,0, 192.168.1.111,0.0.0.0,0,0,0,0,0,0,0,0,0,0,1526924563436,0.0,2058.621,0,0,0,0,0,0,0,0,0,0.0,0.0,-1
2.2000000000000006,0,0,0,0, 192.168.1.111,173.194.184.41,0,0,0,0,0, 192.168.1.111,172.217.12.131,0,0,0,0,0, 192.168.1.111,172.217.7.14,0,0,0,0,0, 192.168.1.111,172.217.11.14,0,0,0,0,0, 192.168.1.111,172.217.11.46,0,0,0,0,0, 192.168.1.111,172.217.10.238,0,0,0,0,0, 192.168.1.111,172.217.13.68,0,0,0,0,0, 192.168.1.111,172.217.10.102,0,0,0,0,0, 192.168.1.111,172.217.12.147,0,0,0,0,0, 192.168.1.111,172.217.12.138,0,0,0,0,0, 192.168.1.111,172.217.12.130,0,0,0,0,0, 192.168.1.111,172.217.12.141,0,0,0,0,0, 192.168.1.111,172.217.12.142,0,0,0,0,0, 192.168.1.111,172.217.10.99,0,0,0,0,0, 192.168.1.111,172.217.11.3,0,0,0,0,0, 192.168.1.111,0,0,0,0,0,0, 192.168.1.111,0,0,0,0,0,0, 192.168.1.111,0,0,0,0,0,0, 192.168.1.111,0,0,0,0,0,0, 192.168.1.111,0,0,0,0,0,0, 192.168.1.111,0,0,0,0,0,0, 192.168.1.111,0,0,0,0,0,0, 192.168.1.111,0,0,0,0,0,0, 192.168.1.111,0,0,0,0,0,0, 192.168.1.111,0,0,0,0,0,0, 192.168.1.111,0.0.0.0,0,0,0,0,0,0,0,0,0,0,1526924563436,0.0,2058.621,0,0,0,0,0,0,0,0,0,0.0,0.0,-1
2.3000000000000007,3,0,1600,0, 192.168.1.111,173.194.184.41,0,0,0,0,0, 192.168.1.111,172.217.12.131,0,0,0,0,0, 192.168.1.111,172.217.7.14,0,0,0,0,0, 192.168.1.111,172.217.11.14,QUIC,2,0,891,0, 192.168.1.111,172.217.11.46,0,0,0,0,0, 192.168.1.111,172.217.10.238,0,0,0,0,0, 192.168.1.111,172.217.13.68,QUIC,1,0,709,0, 192.168.1.111,172.217.10.102,0,0,0,0,0, 192.168.1.111,172.217.12.147,0,0,0,0,0, 192.168.1.111,172.217.12.138,0,0,0,0,0, 192.168.1.111,172.217.12.130,0,0,0,0,0, 192.168.1.111,172.217.12.141,0,0,0,0,0, 192.168.1.111,172.217.12.142,0,0,0,0,0, 192.168.1.111,172.217.10.99,0,0,0,0,0, 192.168.1.111,172.217.11.3,0,0,0,0,0, 192.168.1.111,0,0,0,0,0,0, 192.168.1.111,0,0,0,0,0,0, 192.168.1.111,0,0,0,0,0,0, 192.168.1.111,0,0,0,0,0,0, 192.168.1.111,0,0,0,0,0,0, 192.168.1.111,0,0,0,0,0,0, 192.168.1.111,0,0,0,0,0,0, 192.168.1.111,0,0,0,0,0,0, 192.168.1.111,0,0,0,0,0,0, 192.168.1.111,0,0,0,0,0,0, 192.168.1.111,0.0.0.0,0,0,0,0,0,0,0,0,0,0,1526924563436,0.0,2058.621,0,0,0,0,0,0,0,0,0,0.0,0.0,-1
2.400000000000001,2,2,504,622, 192.168.1.111,173.194.184.41,0,0,0,0,0, 192.168.1.111,172.217.12.131,0,0,0,0,0, 192.168.1.111,172.217.7.14,0,0,0,0,0, 192.168.1.111,172.217.11.14,QUIC,1,0,426,0, 192.168.1.111,172.217.11.46,0,0,0,0,0, 192.168.1.111,172.217.10.238,0,0,0,0,0, 192.168.1.111,172.217.13.68,QUIC,0,1,0,524, 192.168.1.111,172.217.10.102,0,0,0,0,0, 192.168.1.111,172.217.12.147,0,0,0,0,0, 192.168.1.111,172.217.12.138,0,0,0,0,0, 192.168.1.111,172.217.12.130,0,0,0,0,0, 192.168.1.111,172.217.12.141,0,0,0,0,0, 192.168.1.111,172.217.12.142,0,0,0,0,0, 192.168.1.111,172.217.10.99,0,0,0,0,0, 192.168.1.111,172.217.11.3,0,0,0,0,0, 192.168.1.111,0,0,0,0,0,0, 192.168.1.111,0,0,0,0,0,0, 192.168.1.111,0,0,0,0,0,0, 192.168.1.111,0,0,0,0,0,0, 192.168.1.111,0,0,0,0,0,0, 192.168.1.111,0,0,0,0,0,0, 192.168.1.111,0,0,0,0,0,0, 192.168.1.111,0,0,0,0,0,0, 192.168.1.111,0,0,0,0,0,0, 192.168.1.111,0,0,0,0,0,0, 192.168.1.111,0.0.0.0,0,1,0,78,0,0,0,0,0,0,1526924563436,0.0,2058.621,0,0,0,0,0,0,0,0,0,0.0,0.0,-1
5.4999999999999964,3,3,1256,240, 192.168.1.111,173.194.184.41,0,0,0,0,0, 192.168.1.111,172.217.12.131,0,0,0,0,0, 192.168.1.111,172.217.7.14,0,0,0,0,0, 192.168.1.111,172.217.11.14,QUIC,3,3,1256,240, 192.168.1.111,172.217.11.46,0,0,0,0,0, 192.168.1.111,172.217.10.238,0,0,0,0,0, 192.168.1.111,172.217.13.68,0,0,0,0,0, 192.168.1.111,172.217.10.102,0,0,0,0,0, 192.168.1.111,172.217.12.147,0,0,0,0,0, 192.168.1.111,172.217.12.138,0,0,0,0,0, 192.168.1.111,172.217.12.130,0,0,0,0,0, 192.168.1.111,172.217.12.141,0,0,0,0,0, 192.168.1.111,172.217.12.142,0,0,0,0,0, 192.168.1.111,172.217.10.99,0,0,0,0,0, 192.168.1.111,172.217.11.3,0,0,0,0,0, 192.168.1.111,0,0,0,0,0,0, 192.168.1.111,0,0,0,0,0,0, 192.168.1.111,0,0,0,0,0,0, 192.168.1.111,0,0,0,0,0,0, 192.168.1.111,0,0,0,0,0,0, 192.168.1.111,0,0,0,0,0,0, 192.168.1.111,0,0,0,0,0,0, 192.168.1.111,0,0,0,0,0,0, 192.168.1.111,0,0,0,0,0,0, 192.168.1.111,0,0,0,0,0,0, 192.168.1.111,0.0.0.0,0,0,0,0,0,0,0,1,0,1526924568224,1526924563436,0.0382198664855957,2058.621,0,1,0,0,0,0,0,0,0,19.962780133514407,0.0097157271785335,true
1799.8999999994585,0,0,0,0, 192.168.1.111,173.194.184.41,0,0,0,0,0, 192.168.1.111,172.217.12.131,0,0,0,0,0, 192.168.1.111,172.217.7.14,0,0,0,0,0, 192.168.1.111,172.217.11.14,0,0,0,0,0, 192.168.1.111,172.217.11.46,0,0,0,0,0, 192.168.1.111,172.217.10.238,0,0,0,0,0, 192.168.1.111,172.217.13.68,0,0,0,0,0, 192.168.1.111,172.217.10.102,0,0,0,0,0, 192.168.1.111,172.217.12.147,0,0,0,0,0, 192.168.1.111,172.217.12.138,0,0,0,0,0, 192.168.1.111,172.217.12.130,0,0,0,0,0, 192.168.1.111,172.217.12.141,0,0,0,0,0, 192.168.1.111,172.217.12.142,0,0,0,0,0, 192.168.1.111,172.217.10.99,0,0,0,0,0, 192.168.1.111,172.217.11.3,0,0,0,0,0, 192.168.1.111,0,0,0,0,0,0, 192.168.1.111,0,0,0,0,0,0, 192.168.1.111,0,0,0,0,0,0, 192.168.1.111,0,0,0,0,0,0, 192.168.1.111,0,0,0,0,0,0, 192.168.1.111,0,0,0,0,0,0, 192.168.1.111,0,0,0,0,0,0, 192.168.1.111,0,0,0,0,0,0, 192.168.1.111,0,0,0,0,0,0, 192.168.1.111,0,0,0,0,0,0, 192.168.1.111,0.0.0.0,0,0,0,0,0,0,0,0,0,0,1526924563436,0.0,2058.621,0,0,0,0,0,0,0,0,0,0.0,0.0,-1
1799.9999999994584,0,0,0,0, 192.168.1.111,173.194.184.41,0,0,0,0,0, 192.168.1.111,172.217.12.131,0,0,0,0,0, 192.168.1.111,172.217.7.14,0,0,0,0,0, 192.168.1.111,172.217.11.14,0,0,0,0,0, 192.168.1.111,172.217.11.46,0,0,0,0,0, 192.168.1.111,172.217.10.238,0,0,0,0,0, 192.168.1.111,172.217.13.68,0,0,0,0,0, 192.168.1.111,172.217.10.102,0,0,0,0,0, 192.168.1.111,172.217.12.147,0,0,0,0,0, 192.168.1.111,172.217.12.138,0,0,0,0,0, 192.168.1.111,172.217.12.130,0,0,0,0,0, 192.168.1.111,172.217.12.141,0,0,0,0,0, 192.168.1.111,172.217.12.142,0,0,0,0,0, 192.168.1.111,172.217.10.99,0,0,0,0,0, 192.168.1.111,172.217.11.3,0,0,0,0,0, 192.168.1.111,0,0,0,0,0,0, 192.168.1.111,0,0,0,0,0,0, 192.168.1.111,0,0,0,0,0,0, 192.168.1.111,0,0,0,0,0,0, 192.168.1.111,0,0,0,0,0,0, 192.168.1.111,0,0,0,0,0,0, 192.168.1.111,0,0,0,0,0,0, 192.168.1.111,0,0,0,0,0,0, 192.168.1.111,0,0,0,0,0,0, 192.168.1.111,0,0,0,0,0,0, 192.168.1.111,0.0.0.0,0,0,0,0,0,0,0,0,0,0,1526924563436,0.0,2058.621,0,0,0,0,0,0,0,0,0,0.0,0.0,-1
1800.0999999994583,0,0,0,0, 192.168.1.111,173.194.184.41,0,0,0,0,0, 192.168.1.111,172.217.12.131,0,0,0,0,0, 192.168.1.111,172.217.7.14,0,0,0,0,0, 192.168.1.111,172.217.11.14,0,0,0,0,0, 192.168.1.111,172.217.11.46,0,0,0,0,0, 192.168.1.111,172.217.10.238,0,0,0,0,0, 192.168.1.111,172.217.13.68,0,0,0,0,0, 192.168.1.111,172.217.10.102,0,0,0,0,0, 192.168.1.111,172.217.12.147,0,0,0,0,0, 192.168.1.111,172.217.12.138,0,0,0,0,0, 192.168.1.111,172.217.12.130,0,0,0,0,0, 192.168.1.111,172.217.12.141,0,0,0,0,0, 192.168.1.111,172.217.12.142,0,0,0,0,0, 192.168.1.111,172.217.10.99,0,0,0,0,0, 192.168.1.111,172.217.11.3,0,0,0,0,0, 192.168.1.111,0,0,0,0,0,0, 192.168.1.111,0,0,0,0,0,0, 192.168.1.111,0,0,0,0,0,0, 192.168.1.111,0,0,0,0,0,0, 192.168.1.111,0,0,0,0,0,0, 192.168.1.111,0,0,0,0,0,0, 192.168.1.111,0,0,0,0,0,0, 192.168.1.111,0,0,0,0,0,0, 192.168.1.111,0,0,0,0,0,0, 192.168.1.111,0,0,0,0,0,0, 192.168.1.111,0.0.0.0,0,0,0,0,0,0,0,0,0,0,1526924563436,0.0,2058.621,0,0,0,0,0,0,0,0,0,0.0,0.0,-1
1800.1999999994582,0,0,0,0, 192.168.1.111,173.194.184.41,0,0,0,0,0, 192.168.1.111,172.217.12.131,0,0,0,0,0, 192.168.1.111,172.217.7.14,0,0,0,0,0, 192.168.1.111,172.217.11.14,0,0,0,0,0, 192.168.1.111,172.217.11.46,0,0,0,0,0, 192.168.1.111,172.217.10.238,0,0,0,0,0, 192.168.1.111,172.217.13.68,0,0,0,0,0, 192.168.1.111,172.217.10.102,0,0,0,0,0, 192.168.1.111,172.217.12.147,0,0,0,0,0, 192.168.1.111,172.217.12.138,0,0,0,0,0, 192.168.1.111,172.217.12.130,0,0,0,0,0, 192.168.1.111,172.217.12.141,0,0,0,0,0, 192.168.1.111,172.217.12.142,0,0,0,0,0, 192.168.1.111,172.217.10.99,0,0,0,0,0, 192.168.1.111,172.217.11.3,0,0,0,0,0, 192.168.1.111,0,0,0,0,0,0, 192.168.1.111,0,0,0,0,0,0, 192.168.1.111,0,0,0,0,0,0, 192.168.1.111,0,0,0,0,0,0, 192.168.1.111,0,0,0,0,0,0, 192.168.1.111,0,0,0,0,0,0, 192.168.1.111,0,0,0,0,0,0, 192.168.1.111,0,0,0,0,0,0, 192.168.1.111,0,0,0,0,0,0, 192.168.1.111,0,0,0,0,0,0, 192.168.1.111,0.0.0.0,0,0,0,0,0,0,0,0,0,0,1526924563436,0.0,2058.621,0,0,0,0,0,0,0,0,0,0.0,0.0,-1
1800.299999999458,0,0,0,0, 192.168.1.111,173.194.184.41,0,0,0,0,0, 192.168.1.111,172.217.12.131,0,0,0,0,0, 192.168.1.111,172.217.7.14,0,0,0,0,0, 192.168.1.111,172.217.11.14,0,0,0,0,0, 192.168.1.111,172.217.11.46,0,0,0,0,0, 192.168.1.111,172.217.10.238,0,0,0,0,0, 192.168.1.111,172.217.13.68,0,0,0,0,0, 192.168.1.111,172.217.10.102,0,0,0,0,0, 192.168.1.111,172.217.12.147,0,0,0,0,0, 192.168.1.111,172.217.12.138,0,0,0,0,0, 192.168.1.111,172.217.12.130,0,0,0,0,0, 192.168.1.111,172.217.12.141,0,0,0,0,0, 192.168.1.111,172.217.12.142,0,0,0,0,0, 192.168.1.111,172.217.10.99,0,0,0,0,0, 192.168.1.111,172.217.11.3,0,0,0,0,0, 192.168.1.111,0,0,0,0,0,0, 192.168.1.111,0,0,0,0,0,0, 192.168.1.111,0,0,0,0,0,0, 192.168.1.111,0,0,0,0,0,0, 192.168.1.111,0,0,0,0,0,0, 192.168.1.111,0,0,0,0,0,0, 192.168.1.111,0,0,0,0,0,0, 192.168.1.111,0,0,0,0,0,0, 192.168.1.111,0,0,0,0,0,0, 192.168.1.111,0,0,0,0,0,0, 192.168.1.111,0.0.0.0,0,0,0,0,0,0,0,0,0,0,1526924563436,0.0,2058.621,0,0,0,0,0,0,0,0,0,0.0,0.0,-1
1800.399999999458,0,0,0,0, 192.168.1.111,173.194.184.41,0,0,0,0,0, 192.168.1.111,172.217.12.131,0,0,0,0,0, 192.168.1.111,172.217.7.14,0,0,0,0,0, 192.168.1.111,172.217.11.14,0,0,0,0,0, 192.168.1.111,172.217.11.46,0,0,0,0,0, 192.168.1.111,172.217.10.238,0,0,0,0,0, 192.168.1.111,172.217.13.68,0,0,0,0,0, 192.168.1.111,172.217.10.102,0,0,0,0,0, 192.168.1.111,172.217.12.147,0,0,0,0,0, 192.168.1.111,172.217.12.138,0,0,0,0,0, 192.168.1.111,172.217.12.130,0,0,0,0,0, 192.168.1.111,172.217.12.141,0,0,0,0,0, 192.168.1.111,172.217.12.142,0,0,0,0,0, 192.168.1.111,172.217.10.99,0,0,0,0,0, 192.168.1.111,172.217.11.3,0,0,0,0,0, 192.168.1.111,0,0,0,0,0,0, 192.168.1.111,0,0,0,0,0,0, 192.168.1.111,0,0,0,0,0,0, 192.168.1.111,0,0,0,0,0,0, 192.168.1.111,0,0,0,0,0,0, 192.168.1.111,0,0,0,0,0,0, 192.168.1.111,0,0,0,0,0,0, 192.168.1.111,0,0,0,0,0,0, 192.168.1.111,0,0,0,0,0,0, 192.168.1.111,0,0,0,0,0,0, 192.168.1.111,0.0.0.0,0,0,0,0,0,0,0,0,0,0,1526924563436,0.0,2058.621,0,0,0,0,0,0,0,0,0,0.0,0.0,-1
1800.499999999458,0,0,0,0, 192.168.1.111,173.194.184.41,0,0,0,0,0, 192.168.1.111,172.217.12.131,0,0,0,0,0, 192.168.1.111,172.217.7.14,0,0,0,0,0, 192.168.1.111,172.217.11.14,0,0,0,0,0, 192.168.1.111,172.217.11.46,0,0,0,0,0, 192.168.1.111,172.217.10.238,0,0,0,0,0, 192.168.1.111,172.217.13.68,0,0,0,0,0, 192.168.1.111,172.217.10.102,0,0,0,0,0, 192.168.1.111,172.217.12.147,0,0,0,0,0, 192.168.1.111,172.217.12.138,0,0,0,0,0, 192.168.1.111,172.217.12.130,0,0,0,0,0, 192.168.1.111,172.217.12.141,0,0,0,0,0, 192.168.1.111,172.217.12.142,0,0,0,0,0, 192.168.1.111,172.217.10.99,0,0,0,0,0, 192.168.1.111,172.217.11.3,0,0,0,0,0, 192.168.1.111,0,0,0,0,0,0, 192.168.1.111,0,0,0,0,0,0, 192.168.1.111,0,0,0,0,0,0, 192.168.1.111,0,0,0,0,0,0, 192.168.1.111,0,0,0,0,0,0, 192.168.1.111,0,0,0,0,0,0, 192.168.1.111,0,0,0,0,0,0, 192.168.1.111,0,0,0,0,0,0, 192.168.1.111,0,0,0,0,0,0, 192.168.1.111,0,0,0,0,0,0, 192.168.1.111,0.0.0.0,0,0,0,0,0,0,0,0,0,0,1526924563436,0.0,2058.621,0,0,0,0,0,0,0,0,0,0.0,0.0,-1
1800.599999999458,0,0,0,0, 192.168.1.111,173.194.184.41,0,0,0,0,0, 192.168.1.111,172.217.12.131,0,0,0,0,0, 192.168.1.111,172.217.7.14,0,0,0,0,0, 192.168.1.111,172.217.11.14,0,0,0,0,0, 192.168.1.111,172.217.11.46,0,0,0,0,0, 192.168.1.111,172.217.10.238,0,0,0,0,0, 192.168.1.111,172.217.13.68,0,0,0,0,0, 192.168.1.111,172.217.10.102,0,0,0,0,0, 192.168.1.111,172.217.12.147,0,0,0,0,0, 192.168.1.111,172.217.12.138,0,0,0,0,0, 192.168.1.111,172.217.12.130,0,0,0,0,0, 192.168.1.111,172.217.12.141,0,0,0,0,0, 192.168.1.111,172.217.12.142,0,0,0,0,0, 192.168.1.111,172.217.10.99,0,0,0,0,0, 192.168.1.111,172.217.11.3,0,0,0,0,0, 192.168.1.111,0,0,0,0,0,0, 192.168.1.111,0,0,0,0,0,0, 192.168.1.111,0,0,0,0,0,0, 192.168.1.111,0,0,0,0,0,0, 192.168.1.111,0,0,0,0,0,0, 192.168.1.111,0,0,0,0,0,0, 192.168.1.111,0,0,0,0,0,0, 192.168.1.111,0,0,0,0,0,0, 192.168.1.111,0,0,0,0,0,0, 192.168.1.111,0,0,0,0,0,0, 192.168.1.111,0.0.0.0,0,0,0,0,0,0,0,0,0,0,1526924563436,0.0,2058.621,0,0,0,0,0,0,0,0,0,0.0,0.0,-1
1800.6999999994578,0,0,0,0, 192.168.1.111,173.194.184.41,0,0,0,0,0, 192.168.1.111,172.217.12.131,0,0,0,0,0, 192.168.1.111,172.217.7.14,0,0,0,0,0, 192.168.1.111,172.217.11.14,0,0,0,0,0, 192.168.1.111,172.217.11.46,0,0,0,0,0, 192.168.1.111,172.217.10.238,0,0,0,0,0, 192.168.1.111,172.217.13.68,0,0,0,0,0, 192.168.1.111,172.217.10.102,0,0,0,0,0, 192.168.1.111,172.217.12.147,0,0,0,0,0, 192.168.1.111,172.217.12.138,0,0,0,0,0, 192.168.1.111,172.217.12.130,0,0,0,0,0, 192.168.1.111,172.217.12.141,0,0,0,0,0, 192.168.1.111,172.217.12.142,0,0,0,0,0, 192.168.1.111,172.217.10.99,0,0,0,0,0, 192.168.1.111,172.217.11.3,0,0,0,0,0, 192.168.1.111,0,0,0,0,0,0, 192.168.1.111,0,0,0,0,0,0, 192.168.1.111,0,0,0,0,0,0, 192.168.1.111,0,0,0,0,0,0, 192.168.1.111,0,0,0,0,0,0, 192.168.1.111,0,0,0,0,0,0, 192.168.1.111,0,0,0,0,0,0, 192.168.1.111,0,0,0,0,0,0, 192.168.1.111,0,0,0,0,0,0, 192.168.1.111,0,0,0,0,0,0, 192.168.1.111,0.0.0.0,0,0,0,0,0,0,0,0,0,0,1526924563436,0.0,2058.621,0,0,0,0,0,0,0,0,0,0.0,0.0,-1
1800.7999999994577,0,0,0,0, 192.168.1.111,173.194.184.41,0,0,0,0,0, 192.168.1.111,172.217.12.131,0,0,0,0,0, 192.168.1.111,172.217.7.14,0,0,0,0,0, 192.168.1.111,172.217.11.14,0,0,0,0,0, 192.168.1.111,172.217.11.46,0,0,0,0,0, 192.168.1.111,172.217.10.238,0,0,0,0,0, 192.168.1.111,172.217.13.68,0,0,0,0,0, 192.168.1.111,172.217.10.102,0,0,0,0,0, 192.168.1.111,172.217.12.147,0,0,0,0,0, 192.168.1.111,172.217.12.138,0,0,0,0,0, 192.168.1.111,172.217.12.130,0,0,0,0,0, 192.168.1.111,172.217.12.141,0,0,0,0,0, 192.168.1.111,172.217.12.142,0,0,0,0,0, 192.168.1.111,172.217.10.99,0,0,0,0,0, 192.168.1.111,172.217.11.3,0,0,0,0,0, 192.168.1.111,0,0,0,0,0,0, 192.168.1.111,0,0,0,0,0,0, 192.168.1.111,0,0,0,0,0,0, 192.168.1.111,0,0,0,0,0,0, 192.168.1.111,0,0,0,0,0,0, 192.168.1.111,0,0,0,0,0,0, 192.168.1.111,0,0,0,0,0,0, 192.168.1.111,0,0,0,0,0,0, 192.168.1.111,0,0,0,0,0,0, 192.168.1.111,0,0,0,0,0,0, 192.168.1.111,0.0.0.0,0,0,0,0,0,0,0,0,0,0,1526924563436,0.0,2058.621,0,0,0,0,0,0,0,0,0,0.0,0.0,-1
1800.8999999994576,0,0,0,0, 192.168.1.111,173.194.184.41,0,0,0,0,0, 192.168.1.111,172.217.12.131,0,0,0,0,0, 192.168.1.111,172.217.7.14,0,0,0,0,0, 192.168.1.111,172.217.11.14,0,0,0,0,0, 192.168.1.111,172.217.11.46,0,0,0,0,0, 192.168.1.111,172.217.10.238,0,0,0,0,0, 192.168.1.111,172.217.13.68,0,0,0,0,0, 192.168.1.111,172.217.10.102,0,0,0,0,0, 192.168.1.111,172.217.12.147,0,0,0,0,0, 192.168.1.111,172.217.12.138,0,0,0,0,0, 192.168.1.111,172.217.12.130,0,0,0,0,0, 192.168.1.111,172.217.12.141,0,0,0,0,0, 192.168.1.111,172.217.12.142,0,0,0,0,0, 192.168.1.111,172.217.10.99,0,0,0,0,0, 192.168.1.111,172.217.11.3,0,0,0,0,0, 192.168.1.111,0,0,0,0,0,0, 192.168.1.111,0,0,0,0,0,0, 192.168.1.111,0,0,0,0,0,0, 192.168.1.111,0,0,0,0,0,0, 192.168.1.111,0,0,0,0,0,0, 192.168.1.111,0,0,0,0,0,0, 192.168.1.111,0,0,0,0,0,0, 192.168.1.111,0,0,0,0,0,0, 192.168.1.111,0,0,0,0,0,0, 192.168.1.111,0,0,0,0,0,0, 192.168.1.111,0.0.0.0,0,0,0,0,0,0,0,0,0,0,1526924563436,0.0,2058.621,0,0,0,0,0,0,0,0,0,0.0,0.0,-1
0.0,1,0,82,0, 192.168.1.111,173.194.7.91,0,0,0,0,0, 192.168.1.111,172.217.11.3,0,0,0,0,0, 192.168.1.111,172.217.11.1,0,0,0,0,0, 192.168.1.111,172.217.12.174,0,0,0,0,0, 192.168.1.111,172.217.11.35,0,0,0,0,0, 192.168.1.111,172.217.11.14,0,0,0,0,0, 192.168.1.111,172.217.12.130,0,0,0,0,0, 192.168.1.111,216.58.219.238,0,0,0,0,0, 192.168.1.111,172.217.11.51,0,0,0,0,0, 192.168.1.111,172.217.6.246,0,0,0,0,0, 192.168.1.111,74.125.155.233,0,0,0,0,0, 192.168.1.111,172.217.135.39,0,0,0,0,0, 192.168.1.111,172.217.11.6,0,0,0,0,0, 192.168.1.111,172.217.11.10,0,0,0,0,0, 192.168.1.111,216.58.209.131,0,0,0,0,0, 192.168.1.111,173.194.7.55,0,0,0,0,0, 192.168.1.111,172.217.11.13,0,0,0,0,0, 192.168.1.111,216.58.219.214,0,0,0,0,0, 192.168.1.111,172.217.11.42,0,0,0,0,0, 192.168.1.111,172.217.22.163,0,0,0,0,0, 192.168.1.111,23.208.103.148,0,0,0,0,0, 192.168.1.111,23.208.92.34,0,0,0,0,0, 192.168.1.111,216.58.211.131,0,0,0,0,0, 192.168.1.111,172.217.13.228,0,0,0,0,0, 192.168.1.111,172.217.11.19,0,0,0,0,0, 192.168.1.111,0.0.0.0,0,1,0,82,0,0,0,0,0,0,1526578708006,0.0,1479.681,0,0,0,0,0,0,0,0,0,0.0,0.0,-1
0.1,8,7,5065,3201, 192.168.1.111,173.194.7.91,0,0,0,0,0, 192.168.1.111,172.217.11.3,0,0,0,0,0, 192.168.1.111,172.217.11.1,0,0,0,0,0, 192.168.1.111,172.217.12.174,0,0,0,0,0, 192.168.1.111,172.217.11.35,0,0,0,0,0, 192.168.1.111,172.217.11.14,0,0,0,0,0, 192.168.1.111,172.217.12.130,0,0,0,0,0, 192.168.1.111,216.58.219.238,0,0,0,0,0, 192.168.1.111,172.217.11.51,0,0,0,0,0, 192.168.1.111,172.217.6.246,0,0,0,0,0, 192.168.1.111,74.125.155.233,0,0,0,0,0, 192.168.1.111,172.217.135.39,0,0,0,0,0, 192.168.1.111,172.217.11.6,0,0,0,0,0, 192.168.1.111,172.217.11.10,0,0,0,0,0, 192.168.1.111,216.58.209.131,0,0,0,0,0, 192.168.1.111,173.194.7.55,0,0,0,0,0, 192.168.1.111,172.217.11.13,QUIC,7,5,4986,3004, 192.168.1.111,216.58.219.214,0,0,0,0,0, 192.168.1.111,172.217.11.42,0,0,0,0,0, 192.168.1.111,172.217.22.163,0,0,0,0,0, 192.168.1.111,23.208.103.148,0,0,0,0,0, 192.168.1.111,23.208.92.34,0,0,0,0,0, 192.168.1.111,216.58.211.131,0,0,0,0,0, 192.168.1.111,172.217.13.228,0,0,0,0,0, 192.168.1.111,172.217.11.19,0,0,0,0,0, 192.168.1.111,0.0.0.0,0,1,1,79,95,0,0,0,0,0,1526578708006,0.0,1479.681,0,0,0,0,0,0,0,0,0,0.0,0.0,-1
0.2,11,11,2122,7999, 192.168.1.111,173.194.7.91,0,0,0,0,0, 192.168.1.111,172.217.11.3,0,0,0,0,0, 192.168.1.111,172.217.11.1,0,0,0,0,0, 192.168.1.111,172.217.12.174,0,0,0,0,0, 192.168.1.111,172.217.11.35,0,0,0,0,0, 192.168.1.111,172.217.11.14,0,0,0,0,0, 192.168.1.111,172.217.12.130,0,0,0,0,0, 192.168.1.111,216.58.219.238,0,0,0,0,0, 192.168.1.111,172.217.11.51,0,0,0,0,0, 192.168.1.111,172.217.6.246,0,0,0,0,0, 192.168.1.111,74.125.155.233,0,0,0,0,0, 192.168.1.111,172.217.135.39,0,0,0,0,0, 192.168.1.111,172.217.11.6,0,0,0,0,0, 192.168.1.111,172.217.11.10,0,0,0,0,0, 192.168.1.111,216.58.209.131,0,0,0,0,0, 192.168.1.111,173.194.7.55,0,0,0,0,0, 192.168.1.111,172.217.11.13,QUIC,11,11,2122,7999, 192.168.1.111,216.58.219.214,0,0,0,0,0, 192.168.1.111,172.217.11.42,0,0,0,0,0, 192.168.1.111,172.217.22.163,0,0,0,0,0, 192.168.1.111,23.208.103.148,0,0,0,0,0, 192.168.1.111,23.208.92.34,0,0,0,0,0, 192.168.1.111,216.58.211.131,0,0,0,0,0, 192.168.1.111,172.217.13.228,0,0,0,0,0, 192.168.1.111,172.217.11.19,0,0,0,0,0, 192.168.1.111,0.0.0.0,0,0,0,0,0,0,0,0,0,0,1526578708006,0.0,1479.681,0,0,0,0,0,0,0,0,0,0.0,0.0,-1
0.3,0,0,0,0, 192.168.1.111,173.194.7.91,0,0,0,0,0, 192.168.1.111,172.217.11.3,0,0,0,0,0, 192.168.1.111,172.217.11.1,0,0,0,0,0, 192.168.1.111,172.217.12.174,0,0,0,0,0, 192.168.1.111,172.217.11.35,0,0,0,0,0, 192.168.1.111,172.217.11.14,0,0,0,0,0, 192.168.1.111,172.217.12.130,0,0,0,0,0, 192.168.1.111,216.58.219.238,0,0,0,0,0, 192.168.1.111,172.217.11.51,0,0,0,0,0, 192.168.1.111,172.217.6.246,0,0,0,0,0, 192.168.1.111,74.125.155.233,0,0,0,0,0, 192.168.1.111,172.217.135.39,0,0,0,0,0, 192.168.1.111,172.217.11.6,0,0,0,0,0, 192.168.1.111,172.217.11.10,0,0,0,0,0, 192.168.1.111,216.58.209.131,0,0,0,0,0, 192.168.1.111,173.194.7.55,0,0,0,0,0, 192.168.1.111,172.217.11.13,0,0,0,0,0, 192.168.1.111,216.58.219.214,0,0,0,0,0, 192.168.1.111,172.217.11.42,0,0,0,0,0, 192.168.1.111,172.217.22.163,0,0,0,0,0, 192.168.1.111,23.208.103.148,0,0,0,0,0, 192.168.1.111,23.208.92.34,0,0,0,0,0, 192.168.1.111,216.58.211.131,0,0,0,0,0, 192.168.1.111,172.217.13.228,0,0,0,0,0, 192.168.1.111,172.217.11.19,0,0,0,0,0, 192.168.1.111,0.0.0.0,0,0,0,0,0,0,0,0,0,0,1526578708006,0.0,1479.681,0,0,0,0,0,0,0,0,0,0.0,0.0,-1
0.4,1,0,845,0, 192.168.1.111,173.194.7.91,0,0,0,0,0, 192.168.1.111,172.217.11.3,0,0,0,0,0, 192.168.1.111,172.217.11.1,0,0,0,0,0, 192.168.1.111,172.217.12.174,QUIC,1,0,845,0, 192.168.1.111,172.217.11.35,0,0,0,0,0, 192.168.1.111,172.217.11.14,0,0,0,0,0, 192.168.1.111,172.217.12.130,0,0,0,0,0, 192.168.1.111,216.58.219.238,0,0,0,0,0, 192.168.1.111,172.217.11.51,0,0,0,0,0, 192.168.1.111,172.217.6.246,0,0,0,0,0, 192.168.1.111,74.125.155.233,0,0,0,0,0, 192.168.1.111,172.217.135.39,0,0,0,0,0, 192.168.1.111,172.217.11.6,0,0,0,0,0, 192.168.1.111,172.217.11.10,0,0,0,0,0, 192.168.1.111,216.58.209.131,0,0,0,0,0, 192.168.1.111,173.194.7.55,0,0,0,0,0, 192.168.1.111,172.217.11.13,0,0,0,0,0, 192.168.1.111,216.58.219.214,0,0,0,0,0, 192.168.1.111,172.217.11.42,0,0,0,0,0, 192.168.1.111,172.217.22.163,0,0,0,0,0, 192.168.1.111,23.208.103.148,0,0,0,0,0, 192.168.1.111,23.208.92.34,0,0,0,0,0, 192.168.1.111,216.58.211.131,0,0,0,0,0, 192.168.1.111,172.217.13.228,0,0,0,0,0, 192.168.1.111,172.217.11.19,0,0,0,0,0, 192.168.1.111,0.0.0.0,0,0,0,0,0,0,0,0,0,0,1526578708006,0.0,1479.681,0,0,0,0,0,0,0,0,0,0.0,0.0,-1
0.5,4,3,2944,4047, 192.168.1.111,173.194.7.91,0,0,0,0,0, 192.168.1.111,172.217.11.3,QUIC,3,2,2864,2784, 192.168.1.111,172.217.11.1,0,0,0,0,0, 192.168.1.111,172.217.12.174,QUIC,1,1,80,1263, 192.168.1.111,172.217.11.35,0,0,0,0,0, 192.168.1.111,172.217.11.14,0,0,0,0,0, 192.168.1.111,172.217.12.130,0,0,0,0,0, 192.168.1.111,216.58.219.238,0,0,0,0,0, 192.168.1.111,172.217.11.51,0,0,0,0,0, 192.168.1.111,172.217.6.246,0,0,0,0,0, 192.168.1.111,74.125.155.233,0,0,0,0,0, 192.168.1.111,172.217.135.39,0,0,0,0,0, 192.168.1.111,172.217.11.6,0,0,0,0,0, 192.168.1.111,172.217.11.10,0,0,0,0,0, 192.168.1.111,216.58.209.131,0,0,0,0,0, 192.168.1.111,173.194.7.55,0,0,0,0,0, 192.168.1.111,172.217.11.13,0,0,0,0,0, 192.168.1.111,216.58.219.214,0,0,0,0,0, 192.168.1.111,172.217.11.42,0,0,0,0,0, 192.168.1.111,172.217.22.163,0,0,0,0,0, 192.168.1.111,23.208.103.148,0,0,0,0,0, 192.168.1.111,23.208.92.34,0,0,0,0,0, 192.168.1.111,216.58.211.131,0,0,0,0,0, 192.168.1.111,172.217.13.228,0,0,0,0,0, 192.168.1.111,172.217.11.19,0,0,0,0,0, 192.168.1.111,0.0.0.0,0,0,0,0,0,0,0,0,0,0,1526578708006,0.0,1479.681,0,0,0,0,0,0,0,0,0,0.0,0.0,-1
0.6,2,3,161,1537, 192.168.1.111,173.194.7.91,0,0,0,0,0, 192.168.1.111,172.217.11.3,QUIC,2,3,161,1537, 192.168.1.111,172.217.11.1,0,0,0,0,0, 192.168.1.111,172.217.12.174,0,0,0,0,0, 192.168.1.111,172.217.11.35,0,0,0,0,0, 192.168.1.111,172.217.11.14,0,0,0,0,0, 192.168.1.111,172.217.12.130,0,0,0,0,0, 192.168.1.111,216.58.219.238,0,0,0,0,0, 192.168.1.111,172.217.11.51,0,0,0,0,0, 192.168.1.111,172.217.6.246,0,0,0,0,0, 192.168.1.111,74.125.155.233,0,0,0,0,0, 192.168.1.111,172.217.135.39,0,0,0,0,0, 192.168.1.111,172.217.11.6,0,0,0,0,0, 192.168.1.111,172.217.11.10,0,0,0,0,0, 192.168.1.111,216.58.209.131,0,0,0,0,0, 192.168.1.111,173.194.7.55,0,0,0,0,0, 192.168.1.111,172.217.11.13,0,0,0,0,0, 192.168.1.111,216.58.219.214,0,0,0,0,0, 192.168.1.111,172.217.11.42,0,0,0,0,0, 192.168.1.111,172.217.22.163,0,0,0,0,0, 192.168.1.111,23.208.103.148,0,0,0,0,0, 192.168.1.111,23.208.92.34,0,0,0,0,0, 192.168.1.111,216.58.211.131,0,0,0,0,0, 192.168.1.111,172.217.13.228,0,0,0,0,0, 192.168.1.111,172.217.11.19,0,0,0,0,0, 192.168.1.111,0.0.0.0,0,0,0,0,0,0,0,0,0,0,1526578708006,0.0,1479.681,0,0,0,0,0,0,0,0,0,0.0,0.0,-1
0.7,0,0,0,0, 192.168.1.111,173.194.7.91,0,0,0,0,0, 192.168.1.111,172.217.11.3,0,0,0,0,0, 192.168.1.111,172.217.11.1,0,0,0,0,0, 192.168.1.111,172.217.12.174,0,0,0,0,0, 192.168.1.111,172.217.11.35,0,0,0,0,0, 192.168.1.111,172.217.11.14,0,0,0,0,0, 192.168.1.111,172.217.12.130,0,0,0,0,0, 192.168.1.111,216.58.219.238,0,0,0,0,0, 192.168.1.111,172.217.11.51,0,0,0,0,0, 192.168.1.111,172.217.6.246,0,0,0,0,0, 192.168.1.111,74.125.155.233,0,0,0,0,0, 192.168.1.111,172.217.135.39,0,0,0,0,0, 192.168.1.111,172.217.11.6,0,0,0,0,0, 192.168.1.111,172.217.11.10,0,0,0,0,0, 192.168.1.111,216.58.209.131,0,0,0,0,0, 192.168.1.111,173.194.7.55,0,0,0,0,0, 192.168.1.111,172.217.11.13,0,0,0,0,0, 192.168.1.111,216.58.219.214,0,0,0,0,0, 192.168.1.111,172.217.11.42,0,0,0,0,0, 192.168.1.111,172.217.22.163,0,0,0,0,0, 192.168.1.111,23.208.103.148,0,0,0,0,0, 192.168.1.111,23.208.92.34,0,0,0,0,0, 192.168.1.111,216.58.211.131,0,0,0,0,0, 192.168.1.111,172.217.13.228,0,0,0,0,0, 192.168.1.111,172.217.11.19,0,0,0,0,0, 192.168.1.111,0.0.0.0,0,0,0,0,0,0,0,0,0,0,1526578708006,0.0,1479.681,0,0,0,0,0,0,0,0,0,0.0,0.0,-1
0.7999999999999999,1,0,709,0, 192.168.1.111,173.194.7.91,0,0,0,0,0, 192.168.1.111,172.217.11.3,0,0,0,0,0, 192.168.1.111,172.217.11.1,0,0,0,0,0, 192.168.1.111,172.217.12.174,0,0,0,0,0, 192.168.1.111,172.217.11.35,0,0,0,0,0, 192.168.1.111,172.217.11.14,0,0,0,0,0, 192.168.1.111,172.217.12.130,0,0,0,0,0, 192.168.1.111,216.58.219.238,0,0,0,0,0, 192.168.1.111,172.217.11.51,0,0,0,0,0, 192.168.1.111,172.217.6.246,0,0,0,0,0, 192.168.1.111,74.125.155.233,0,0,0,0,0, 192.168.1.111,172.217.135.39,0,0,0,0,0, 192.168.1.111,172.217.11.6,0,0,0,0,0, 192.168.1.111,172.217.11.10,0,0,0,0,0, 192.168.1.111,216.58.209.131,0,0,0,0,0, 192.168.1.111,173.194.7.55,0,0,0,0,0, 192.168.1.111,172.217.11.13,0,0,0,0,0, 192.168.1.111,216.58.219.214,0,0,0,0,0, 192.168.1.111,172.217.11.42,0,0,0,0,0, 192.168.1.111,172.217.22.163,0,0,0,0,0, 192.168.1.111,23.208.103.148,0,0,0,0,0, 192.168.1.111,23.208.92.34,0,0,0,0,0, 192.168.1.111,216.58.211.131,0,0,0,0,0, 192.168.1.111,172.217.13.228,QUIC,1,0,709,0, 192.168.1.111,172.217.11.19,0,0,0,0,0, 192.168.1.111,0.0.0.0,0,0,0,0,0,0,0,0,0,0,1526578708006,0.0,1479.681,0,0,0,0,0,0,0,0,0,0.0,0.0,-1
0.8999999999999999,4,6,318,1382, 192.168.1.111,173.194.7.91,0,0,0,0,0, 192.168.1.111,172.217.11.3,0,0,0,0,0, 192.168.1.111,172.217.11.1,0,0,0,0,0, 192.168.1.111,172.217.12.174,0,0,0,0,0, 192.168.1.111,172.217.11.35,0,0,0,0,0, 192.168.1.111,172.217.11.14,0,0,0,0,0, 192.168.1.111,172.217.12.130,0,0,0,0,0, 192.168.1.111,216.58.219.238,0,0,0,0,0, 192.168.1.111,172.217.11.51,0,0,0,0,0, 192.168.1.111,172.217.6.246,0,0,0,0,0, 192.168.1.111,74.125.155.233,0,0,0,0,0, 192.168.1.111,172.217.135.39,0,0,0,0,0, 192.168.1.111,172.217.11.6,0,0,0,0,0, 192.168.1.111,172.217.11.10,0,0,0,0,0, 192.168.1.111,216.58.209.131,0,0,0,0,0, 192.168.1.111,173.194.7.55,0,0,0,0,0, 192.168.1.111,172.217.11.13,0,0,0,0,0, 192.168.1.111,216.58.219.214,0,0,0,0,0, 192.168.1.111,172.217.11.42,0,0,0,0,0, 192.168.1.111,172.217.22.163,0,0,0,0,0, 192.168.1.111,23.208.103.148,0,0,0,0,0, 192.168.1.111,23.208.92.34,0,0,0,0,0, 192.168.1.111,216.58.211.131,0,0,0,0,0, 192.168.1.111,172.217.13.228,QUIC,3,5,240,1284, 192.168.1.111,172.217.11.19,0,0,0,0,0, 192.168.1.111,0.0.0.0,0,1,0,78,0,0,0,0,0,0,1526578708006,0.0,1479.681,0,0,0,0,0,0,0,0,0,0.0,0.0,-1
1.0,0,0,0,0, 192.168.1.111,173.194.7.91,0,0,0,0,0, 192.168.1.111,172.217.11.3,0,0,0,0,0, 192.168.1.111,172.217.11.1,0,0,0,0,0, 192.168.1.111,172.217.12.174,0,0,0,0,0, 192.168.1.111,172.217.11.35,0,0,0,0,0, 192.168.1.111,172.217.11.14,0,0,0,0,0, 192.168.1.111,172.217.12.130,0,0,0,0,0, 192.168.1.111,216.58.219.238,0,0,0,0,0, 192.168.1.111,172.217.11.51,0,0,0,0,0, 192.168.1.111,172.217.6.246,0,0,0,0,0, 192.168.1.111,74.125.155.233,0,0,0,0,0, 192.168.1.111,172.217.135.39,0,0,0,0,0, 192.168.1.111,172.217.11.6,0,0,0,0,0, 192.168.1.111,172.217.11.10,0,0,0,0,0, 192.168.1.111,216.58.209.131,0,0,0,0,0, 192.168.1.111,173.194.7.55,0,0,0,0,0, 192.168.1.111,172.217.11.13,0,0,0,0,0, 192.168.1.111,216.58.219.214,0,0,0,0,0, 192.168.1.111,172.217.11.42,0,0,0,0,0, 192.168.1.111,172.217.22.163,0,0,0,0,0, 192.168.1.111,23.208.103.148,0,0,0,0,0, 192.168.1.111,23.208.92.34,0,0,0,0,0, 192.168.1.111,216.58.211.131,0,0,0,0,0, 192.168.1.111,172.217.13.228,0,0,0,0,0, 192.168.1.111,172.217.11.19,0,0,0,0,0, 192.168.1.111,0.0.0.0,0,0,0,0,0,0,0,0,0,0,1526578708006,0.0,1479.681,0,0,0,0,0,0,0,0,0,0.0,0.0,-1
1.1,0,0,0,0, 192.168.1.111,173.194.7.91,0,0,0,0,0, 192.168.1.111,172.217.11.3,0,0,0,0,0, 192.168.1.111,172.217.11.1,0,0,0,0,0, 192.168.1.111,172.217.12.174,0,0,0,0,0, 192.168.1.111,172.217.11.35,0,0,0,0,0, 192.168.1.111,172.217.11.14,0,0,0,0,0, 192.168.1.111,172.217.12.130,0,0,0,0,0, 192.168.1.111,216.58.219.238,0,0,0,0,0, 192.168.1.111,172.217.11.51,0,0,0,0,0, 192.168.1.111,172.217.6.246,0,0,0,0,0, 192.168.1.111,74.125.155.233,0,0,0,0,0, 192.168.1.111,172.217.135.39,0,0,0,0,0, 192.168.1.111,172.217.11.6,0,0,0,0,0, 192.168.1.111,172.217.11.10,0,0,0,0,0, 192.168.1.111,216.58.209.131,0,0,0,0,0, 192.168.1.111,173.194.7.55,0,0,0,0,0, 192.168.1.111,172.217.11.13,0,0,0,0,0, 192.168.1.111,216.58.219.214,0,0,0,0,0, 192.168.1.111,172.217.11.42,0,0,0,0,0, 192.168.1.111,172.217.22.163,0,0,0,0,0, 192.168.1.111,23.208.103.148,0,0,0,0,0, 192.168.1.111,23.208.92.34,0,0,0,0,0, 192.168.1.111,216.58.211.131,0,0,0,0,0, 192.168.1.111,172.217.13.228,0,0,0,0,0, 192.168.1.111,172.217.11.19,0,0,0,0,0, 192.168.1.111,0.0.0.0,0,0,0,0,0,0,0,0,0,0,1526578708006,0.0,1479.681,0,0,0,0,0,0,0,0,0,0.0,0.0,-1
1.2,0,0,0,0, 192.168.1.111,173.194.7.91,0,0,0,0,0, 192.168.1.111,172.217.11.3,0,0,0,0,0, 192.168.1.111,172.217.11.1,0,0,0,0,0, 192.168.1.111,172.217.12.174,0,0,0,0,0, 192.168.1.111,172.217.11.35,0,0,0,0,0, 192.168.1.111,172.217.11.14,0,0,0,0,0, 192.168.1.111,172.217.12.130,0,0,0,0,0, 192.168.1.111,216.58.219.238,0,0,0,0,0, 192.168.1.111,172.217.11.51,0,0,0,0,0, 192.168.1.111,172.217.6.246,0,0,0,0,0, 192.168.1.111,74.125.155.233,0,0,0,0,0, 192.168.1.111,172.217.135.39,0,0,0,0,0, 192.168.1.111,172.217.11.6,0,0,0,0,0, 192.168.1.111,172.217.11.10,0,0,0,0,0, 192.168.1.111,216.58.209.131,0,0,0,0,0, 192.168.1.111,173.194.7.55,0,0,0,0,0, 192.168.1.111,172.217.11.13,0,0,0,0,0, 192.168.1.111,216.58.219.214,0,0,0,0,0, 192.168.1.111,172.217.11.42,0,0,0,0,0, 192.168.1.111,172.217.22.163,0,0,0,0,0, 192.168.1.111,23.208.103.148,0,0,0,0,0, 192.168.1.111,23.208.92.34,0,0,0,0,0, 192.168.1.111,216.58.211.131,0,0,0,0,0, 192.168.1.111,172.217.13.228,0,0,0,0,0, 192.168.1.111,172.217.11.19,0,0,0,0,0, 192.168.1.111,0.0.0.0,0,0,0,0,0,0,0,0,0,0,1526578708006,0.0,1479.681,0,0,0,0,0,0,0,0,0,0.0,0.0,-1
1.3,8,0,4764,0, 192.168.1.111,173.194.7.91,0,0,0,0,0, 192.168.1.111,172.217.11.3,0,0,0,0,0, 192.168.1.111,172.217.11.1,0,0,0,0,0, 192.168.1.111,172.217.12.174,QUIC,1,0,239,0, 192.168.1.111,172.217.11.35,0,0,0,0,0, 192.168.1.111,172.217.11.14,0,0,0,0,0, 192.168.1.111,172.217.12.130,QUIC,2,0,2784,0, 192.168.1.111,216.58.219.238,0,0,0,0,0, 192.168.1.111,172.217.11.51,0,0,0,0,0, 192.168.1.111,172.217.6.246,0,0,0,0,0, 192.168.1.111,74.125.155.233,0,0,0,0,0, 192.168.1.111,172.217.135.39,0,0,0,0,0, 192.168.1.111,172.217.11.6,QUIC,1,0,1392,0, 192.168.1.111,172.217.11.10,0,0,0,0,0, 192.168.1.111,216.58.209.131,0,0,0,0,0, 192.168.1.111,173.194.7.55,0,0,0,0,0, 192.168.1.111,172.217.11.13,0,0,0,0,0, 192.168.1.111,216.58.219.214,0,0,0,0,0, 192.168.1.111,172.217.11.42,0,0,0,0,0, 192.168.1.111,172.217.22.163,0,0,0,0,0, 192.168.1.111,23.208.103.148,0,0,0,0,0, 192.168.1.111,23.208.92.34,0,0,0,0,0, 192.168.1.111,216.58.211.131,0,0,0,0,0, 192.168.1.111,172.217.13.228,0,0,0,0,0, 192.168.1.111,172.217.11.19,0,0,0,0,0, 192.168.1.111,0.0.0.0,0,4,0,349,0,0,0,0,0,0,1526578708006,0.0,1479.681,0,0,0,0,0,0,0,0,0,0.0,0.0,-1
1.4,3,0,4176,0, 192.168.1.111,173.194.7.91,0,0,0,0,0, 192.168.1.111,172.217.11.3,0,0,0,0,0, 192.168.1.111,172.217.11.1,0,0,0,0,0, 192.168.1.111,172.217.12.174,0,0,0,0,0, 192.168.1.111,172.217.11.35,0,0,0,0,0, 192.168.1.111,172.217.11.14,0,0,0,0,0, 192.168.1.111,172.217.12.130,QUIC,2,0,2784,0, 192.168.1.111,216.58.219.238,0,0,0,0,0, 192.168.1.111,172.217.11.51,0,0,0,0,0, 192.168.1.111,172.217.6.246,0,0,0,0,0, 192.168.1.111,74.125.155.233,0,0,0,0,0, 192.168.1.111,172.217.135.39,0,0,0,0,0, 192.168.1.111,172.217.11.6,QUIC,1,0,1392,0, 192.168.1.111,172.217.11.10,0,0,0,0,0, 192.168.1.111,216.58.209.131,0,0,0,0,0, 192.168.1.111,173.194.7.55,0,0,0,0,0, 192.168.1.111,172.217.11.13,0,0,0,0,0, 192.168.1.111,216.58.219.214,0,0,0,0,0, 192.168.1.111,172.217.11.42,0,0,0,0,0, 192.168.1.111,172.217.22.163,0,0,0,0,0, 192.168.1.111,23.208.103.148,0,0,0,0,0, 192.168.1.111,23.208.92.34,0,0,0,0,0, 192.168.1.111,216.58.211.131,0,0,0,0,0, 192.168.1.111,172.217.13.228,0,0,0,0,0, 192.168.1.111,172.217.11.19,0,0,0,0,0, 192.168.1.111,0.0.0.0,0,0,0,0,0,0,0,0,0,0,1526578708006,0.0,1479.681,0,0,0,0,0,0,0,0,0,0.0,0.0,-1
1.5000000000000002,6,6,6046,629, 192.168.1.111,173.194.7.91,0,0,0,0,0, 192.168.1.111,172.217.11.3,0,0,0,0,0, 192.168.1.111,172.217.11.1,QUIC,1,0,1392,0, 192.168.1.111,172.217.12.174,QUIC,2,0,478,0, 192.168.1.111,172.217.11.35,0,0,0,0,0, 192.168.1.111,172.217.11.14,0,0,0,0,0, 192.168.1.111,172.217.12.130,0,0,0,0,0, 192.168.1.111,216.58.219.238,0,0,0,0,0, 192.168.1.111,172.217.11.51,0,0,0,0,0, 192.168.1.111,172.217.6.246,0,0,0,0,0, 192.168.1.111,74.125.155.233,QUIC,1,0,1392,0, 192.168.1.111,172.217.135.39,QUIC,1,0,1392,0, 192.168.1.111,172.217.11.6,0,0,0,0,0, 192.168.1.111,172.217.11.10,0,0,0,0,0, 192.168.1.111,216.58.209.131,0,0,0,0,0, 192.168.1.111,173.194.7.55,QUIC,1,0,1392,0, 192.168.1.111,172.217.11.13,0,0,0,0,0, 192.168.1.111,216.58.219.214,0,0,0,0,0, 192.168.1.111,172.217.11.42,0,0,0,0,0, 192.168.1.111,172.217.22.163,0,0,0,0,0, 192.168.1.111,23.208.103.148,0,0,0,0,0, 192.168.1.111,23.208.92.34,0,0,0,0,0, 192.168.1.111,216.58.211.131,0,0,0,0,0, 192.168.1.111,172.217.13.228,0,0,0,0,0, 192.168.1.111,172.217.11.19,0,0,0,0,0, 192.168.1.111,0.0.0.0,0,0,4,0,545,0,0,0,0,0,1526578708006,0.0,1479.681,0,0,0,0,0,0,0,0,0,0.0,0.0,-1
1.6000000000000003,4,0,5568,0, 192.168.1.111,173.194.7.91,0,0,0,0,0, 192.168.1.111,172.217.11.3,0,0,0,0,0, 192.168.1.111,172.217.11.1,QUIC,2,0,2784,0, 192.168.1.111,172.217.12.174,0,0,0,0,0, 192.168.1.111,172.217.11.35,0,0,0,0,0, 192.168.1.111,172.217.11.14,0,0,0,0,0, 192.168.1.111,172.217.12.130,QUIC,1,0,1392,0, 192.168.1.111,216.58.219.238,0,0,0,0,0, 192.168.1.111,172.217.11.51,0,0,0,0,0, 192.168.1.111,172.217.6.246,0,0,0,0,0, 192.168.1.111,74.125.155.233,0,0,0,0,0, 192.168.1.111,172.217.135.39,0,0,0,0,0, 192.168.1.111,172.217.11.6,QUIC,1,0,1392,0, 192.168.1.111,172.217.11.10,0,0,0,0,0, 192.168.1.111,216.58.209.131,0,0,0,0,0, 192.168.1.111,173.194.7.55,0,0,0,0,0, 192.168.1.111,172.217.11.13,0,0,0,0,0, 192.168.1.111,216.58.219.214,0,0,0,0,0, 192.168.1.111,172.217.11.42,0,0,0,0,0, 192.168.1.111,172.217.22.163,0,0,0,0,0, 192.168.1.111,23.208.103.148,0,0,0,0,0, 192.168.1.111,23.208.92.34,0,0,0,0,0, 192.168.1.111,216.58.211.131,0,0,0,0,0, 192.168.1.111,172.217.13.228,0,0,0,0,0, 192.168.1.111,172.217.11.19,0,0,0,0,0, 192.168.1.111,0.0.0.0,0,0,0,0,0,0,0,0,0,0,1526578708006,0.0,1479.681,0,0,0,0,0,0,0,0,0,0.0,0.0,-1
1.7000000000000004,5,0,5807,0, 192.168.1.111,173.194.7.91,0,0,0,0,0, 192.168.1.111,172.217.11.3,0,0,0,0,0, 192.168.1.111,172.217.11.1,0,0,0,0,0, 192.168.1.111,172.217.12.174,QUIC,1,0,239,0, 192.168.1.111,172.217.11.35,0,0,0,0,0, 192.168.1.111,172.217.11.14,0,0,0,0,0, 192.168.1.111,172.217.12.130,QUIC,1,0,1392,0, 192.168.1.111,216.58.219.238,0,0,0,0,0, 192.168.1.111,172.217.11.51,0,0,0,0,0, 192.168.1.111,172.217.6.246,0,0,0,0,0, 192.168.1.111,74.125.155.233,QUIC,1,0,1392,0, 192.168.1.111,172.217.135.39,QUIC,1,0,1392,0, 192.168.1.111,172.217.11.6,0,0,0,0,0, 192.168.1.111,172.217.11.10,0,0,0,0,0, 192.168.1.111,216.58.209.131,0,0,0,0,0, 192.168.1.111,173.194.7.55,QUIC,1,0,1392,0, 192.168.1.111,172.217.11.13,0,0,0,0,0, 192.168.1.111,216.58.219.214,0,0,0,0,0, 192.168.1.111,172.217.11.42,0,0,0,0,0, 192.168.1.111,172.217.22.163,0,0,0,0,0, 192.168.1.111,23.208.103.148,0,0,0,0,0, 192.168.1.111,23.208.92.34,0,0,0,0,0, 192.168.1.111,216.58.211.131,0,0,0,0,0, 192.168.1.111,172.217.13.228,0,0,0,0,0, 192.168.1.111,172.217.11.19,0,0,0,0,0, 192.168.1.111,0.0.0.0,0,0,0,0,0,0,0,0,0,0,1526578708006,0.0,1479.681,0,0,0,0,0,0,0,0,0,0.0,0.0,-1
1.8000000000000005,1,0,1392,0, 192.168.1.111,173.194.7.91,0,0,0,0,0, 192.168.1.111,172.217.11.3,0,0,0,0,0, 192.168.1.111,172.217.11.1,QUIC,1,0,1392,0, 192.168.1.111,172.217.12.174,0,0,0,0,0, 192.168.1.111,172.217.11.35,0,0,0,0,0, 192.168.1.111,172.217.11.14,0,0,0,0,0, 192.168.1.111,172.217.12.130,0,0,0,0,0, 192.168.1.111,216.58.219.238,0,0,0,0,0, 192.168.1.111,172.217.11.51,0,0,0,0,0, 192.168.1.111,172.217.6.246,0,0,0,0,0, 192.168.1.111,74.125.155.233,0,0,0,0,0, 192.168.1.111,172.217.135.39,0,0,0,0,0, 192.168.1.111,172.217.11.6,0,0,0,0,0, 192.168.1.111,172.217.11.10,0,0,0,0,0, 192.168.1.111,216.58.209.131,0,0,0,0,0, 192.168.1.111,173.194.7.55,0,0,0,0,0, 192.168.1.111,172.217.11.13,0,0,0,0,0, 192.168.1.111,216.58.219.214,0,0,0,0,0, 192.168.1.111,172.217.11.42,0,0,0,0,0, 192.168.1.111,172.217.22.163,0,0,0,0,0, 192.168.1.111,23.208.103.148,0,0,0,0,0, 192.168.1.111,23.208.92.34,0,0,0,0,0, 192.168.1.111,216.58.211.131,0,0,0,0,0, 192.168.1.111,172.217.13.228,0,0,0,0,0, 192.168.1.111,172.217.11.19,0,0,0,0,0, 192.168.1.111,0.0.0.0,0,0,0,0,0,0,0,0,0,0,1526578708006,0.0,1479.681,0,0,0,0,0,0,0,0,0,0.0,0.0,-1
1.9000000000000008,3,1,2862,98, 192.168.1.111,173.194.7.91,0,0,0,0,0, 192.168.1.111,172.217.11.3,0,0,0,0,0, 192.168.1.111,172.217.11.1,0,0,0,0,0, 192.168.1.111,172.217.12.174,0,0,0,0,0, 192.168.1.111,172.217.11.35,0,0,0,0,0, 192.168.1.111,172.217.11.14,0,0,0,0,0, 192.168.1.111,172.217.12.130,QUIC,1,0,1392,0, 192.168.1.111,216.58.219.238,0,0,0,0,0, 192.168.1.111,172.217.11.51,0,0,0,0,0, 192.168.1.111,172.217.6.246,0,0,0,0,0, 192.168.1.111,74.125.155.233,0,0,0,0,0, 192.168.1.111,172.217.135.39,0,0,0,0,0, 192.168.1.111,172.217.11.6,QUIC,1,0,1392,0, 192.168.1.111,172.217.11.10,0,0,0,0,0, 192.168.1.111,216.58.209.131,0,0,0,0,0, 192.168.1.111,173.194.7.55,0,0,0,0,0, 192.168.1.111,172.217.11.13,0,0,0,0,0, 192.168.1.111,216.58.219.214,0,0,0,0,0, 192.168.1.111,172.217.11.42,0,0,0,0,0, 192.168.1.111,172.217.22.163,0,0,0,0,0, 192.168.1.111,23.208.103.148,0,0,0,0,0, 192.168.1.111,23.208.92.34,0,0,0,0,0, 192.168.1.111,216.58.211.131,0,0,0,0,0, 192.168.1.111,172.217.13.228,0,0,0,0,0, 192.168.1.111,172.217.11.19,0,0,0,0,0, 192.168.1.111,0.0.0.0,0,1,0,78,0,0,0,0,0,0,1526578708006,0.0,1479.681,0,0,0,0,0,0,0,0,0,0.0,0.0,-1
2.0000000000000004,21,49,4328,53066, 192.168.1.111,173.194.7.91,0,0,0,0,0, 192.168.1.111,172.217.11.3,0,0,0,0,0, 192.168.1.111,172.217.11.1,QUIC,1,3,83,2864, 192.168.1.111,172.217.12.174,QUIC,7,17,566,17715, 192.168.1.111,172.217.11.35,0,0,0,0,0, 192.168.1.111,172.217.11.14,0,0,0,0,0, 192.168.1.111,172.217.12.130,QUIC,6,10,3110,11296, 192.168.1.111,216.58.219.238,0,0,0,0,0, 192.168.1.111,172.217.11.51,0,0,0,0,0, 192.168.1.111,172.217.6.246,0,0,0,0,0, 192.168.1.111,74.125.155.233,QUIC,1,4,80,4253, 192.168.1.111,172.217.135.39,QUIC,2,5,163,5645, 192.168.1.111,172.217.11.6,QUIC,1,3,83,2864, 192.168.1.111,172.217.11.10,0,0,0,0,0, 192.168.1.111,216.58.209.131,0,0,0,0,0, 192.168.1.111,173.194.7.55,QUIC,3,7,243,8429, 192.168.1.111,172.217.11.13,0,0,0,0,0, 192.168.1.111,216.58.219.214,0,0,0,0,0, 192.168.1.111,172.217.11.42,0,0,0,0,0, 192.168.1.111,172.217.22.163,0,0,0,0,0, 192.168.1.111,23.208.103.148,0,0,0,0,0, 192.168.1.111,23.208.92.34,0,0,0,0,0, 192.168.1.111,216.58.211.131,0,0,0,0,0, 192.168.1.111,172.217.13.228,0,0,0,0,0, 192.168.1.111,172.217.11.19,0,0,0,0,0, 192.168.1.111,0.0.0.0,0,0,0,0,0,0,0,0,0,0,1526578708006,0.0,1479.681,0,0,0,0,0,0,0,0,0,0.0,0.0,-1
2.1000000000000005,7,0,7117,0, 192.168.1.111,173.194.7.91,0,0,0,0,0, 192.168.1.111,172.217.11.3,0,0,0,0,0, 192.168.1.111,172.217.11.1,QUIC,1,0,1392,0, 192.168.1.111,172.217.12.174,QUIC,1,0,77,0, 192.168.1.111,172.217.11.35,0,0,0,0,0, 192.168.1.111,172.217.11.14,0,0,0,0,0, 192.168.1.111,172.217.12.130,0,0,0,0,0, 192.168.1.111,216.58.219.238,0,0,0,0,0, 192.168.1.111,172.217.11.51,0,0,0,0,0, 192.168.1.111,172.217.6.246,0,0,0,0,0, 192.168.1.111,74.125.155.233,QUIC,2,0,1472,0, 192.168.1.111,172.217.135.39,QUIC,1,0,1392,0, 192.168.1.111,172.217.11.6,QUIC,1,0,1392,0, 192.168.1.111,172.217.11.10,0,0,0,0,0, 192.168.1.111,216.58.209.131,0,0,0,0,0, 192.168.1.111,173.194.7.55,QUIC,1,0,1392,0, 192.168.1.111,172.217.11.13,0,0,0,0,0, 192.168.1.111,216.58.219.214,0,0,0,0,0, 192.168.1.111,172.217.11.42,0,0,0,0,0, 192.168.1.111,172.217.22.163,0,0,0,0,0, 192.168.1.111,23.208.103.148,0,0,0,0,0, 192.168.1.111,23.208.92.34,0,0,0,0,0, 192.168.1.111,216.58.211.131,0,0,0,0,0, 192.168.1.111,172.217.13.228,0,0,0,0,0, 192.168.1.111,172.217.11.19,0,0,0,0,0, 192.168.1.111,0.0.0.0,0,0,0,0,0,0,0,0,0,0,1526578708006,0.0,1479.681,0,0,0,0,0,0,0,0,0,0.0,0.0,-1
2.2000000000000006,32,62,2643,62598, 192.168.1.111,173.194.7.91,0,0,0,0,0, 192.168.1.111,172.217.11.3,0,0,0,0,0, 192.168.1.111,172.217.11.1,QUIC,4,8,337,7187, 192.168.1.111,172.217.12.174,QUIC,2,4,160,4245, 192.168.1.111,172.217.11.35,0,0,0,0,0, 192.168.1.111,172.217.11.14,0,0,0,0,0, 192.168.1.111,172.217.12.130,QUIC,6,11,501,8729, 192.168.1.111,216.58.219.238,0,0,0,0,0, 192.168.1.111,172.217.11.51,0,0,0,0,0, 192.168.1.111,172.217.6.246,0,0,0,0,0, 192.168.1.111,74.125.155.233,QUIC,6,12,497,14070, 192.168.1.111,172.217.135.39,QUIC,6,11,484,12678, 192.168.1.111,172.217.11.6,QUIC,5,10,407,9971, 192.168.1.111,172.217.11.10,0,0,0,0,0, 192.168.1.111,216.58.209.131,0,0,0,0,0, 192.168.1.111,173.194.7.55,QUIC,3,6,257,5718, 192.168.1.111,172.217.11.13,0,0,0,0,0, 192.168.1.111,216.58.219.214,0,0,0,0,0, 192.168.1.111,172.217.11.42,0,0,0,0,0, 192.168.1.111,172.217.22.163,0,0,0,0,0, 192.168.1.111,23.208.103.148,0,0,0,0,0, 192.168.1.111,23.208.92.34,0,0,0,0,0, 192.168.1.111,216.58.211.131,0,0,0,0,0, 192.168.1.111,172.217.13.228,0,0,0,0,0, 192.168.1.111,172.217.11.19,0,0,0,0,0, 192.168.1.111,0.0.0.0,0,0,0,0,0,0,0,0,0,0,1526578708006,0.0,1479.681,0,0,0,0,0,0,0,0,0,0.0,0.0,-1
2.3000000000000007,2,0,1104,0, 192.168.1.111,173.194.7.91,0,0,0,0,0, 192.168.1.111,172.217.11.3,0,0,0,0,0, 192.168.1.111,172.217.11.1,0,0,0,0,0, 192.168.1.111,172.217.12.174,0,0,0,0,0, 192.168.1.111,172.217.11.35,0,0,0,0,0, 192.168.1.111,172.217.11.14,0,0,0,0,0, 192.168.1.111,172.217.12.130,QUIC,1,0,550,0, 192.168.1.111,216.58.219.238,0,0,0,0,0, 192.168.1.111,172.217.11.51,0,0,0,0,0, 192.168.1.111,172.217.6.246,0,0,0,0,0, 192.168.1.111,74.125.155.233,0,0,0,0,0, 192.168.1.111,172.217.135.39,0,0,0,0,0, 192.168.1.111,172.217.11.6,QUIC,1,0,554,0, 192.168.1.111,172.217.11.10,0,0,0,0,0, 192.168.1.111,216.58.209.131,0,0,0,0,0, 192.168.1.111,173.194.7.55,0,0,0,0,0, 192.168.1.111,172.217.11.13,0,0,0,0,0, 192.168.1.111,216.58.219.214,0,0,0,0,0, 192.168.1.111,172.217.11.42,0,0,0,0,0, 192.168.1.111,172.217.22.163,0,0,0,0,0, 192.168.1.111,23.208.103.148,0,0,0,0,0, 192.168.1.111,23.208.92.34,0,0,0,0,0, 192.168.1.111,216.58.211.131,0,0,0,0,0, 192.168.1.111,172.217.13.228,0,0,0,0,0, 192.168.1.111,172.217.11.19,0,0,0,0,0, 192.168.1.111,0.0.0.0,0,0,0,0,0,0,0,0,0,0,1526578708006,0.0,1479.681,0,0,0,0,0,0,0,0,0,0.0,0.0,-1
2.400000000000001,0,0,0,0, 192.168.1.111,173.194.7.91,0,0,0,0,0, 192.168.1.111,172.217.11.3,0,0,0,0,0, 192.168.1.111,172.217.11.1,0,0,0,0,0, 192.168.1.111,172.217.12.174,0,0,0,0,0, 192.168.1.111,172.217.11.35,0,0,0,0,0, 192.168.1.111,172.217.11.14,0,0,0,0,0, 192.168.1.111,172.217.12.130,0,0,0,0,0, 192.168.1.111,216.58.219.238,0,0,0,0,0, 192.168.1.111,172.217.11.51,0,0,0,0,0, 192.168.1.111,172.217.6.246,0,0,0,0,0, 192.168.1.111,74.125.155.233,0,0,0,0,0, 192.168.1.111,172.217.135.39,0,0,0,0,0, 192.168.1.111,172.217.11.6,0,0,0,0,0, 192.168.1.111,172.217.11.10,0,0,0,0,0, 192.168.1.111,216.58.209.131,0,0,0,0,0, 192.168.1.111,173.194.7.55,0,0,0,0,0, 192.168.1.111,172.217.11.13,0,0,0,0,0, 192.168.1.111,216.58.219.214,0,0,0,0,0, 192.168.1.111,172.217.11.42,0,0,0,0,0, 192.168.1.111,172.217.22.163,0,0,0,0,0, 192.168.1.111,23.208.103.148,0,0,0,0,0, 192.168.1.111,23.208.92.34,0,0,0,0,0, 192.168.1.111,216.58.211.131,0,0,0,0,0, 192.168.1.111,172.217.13.228,0,0,0,0,0, 192.168.1.111,172.217.11.19,0,0,0,0,0, 192.168.1.111,0.0.0.0,0,0,0,0,0,0,0,0,0,0,1526578708006,0.0,1479.681,0,0,0,0,0,0,0,0,0,0.0,0.0,-1
2.500000000000001,0,0,0,0, 192.168.1.111,173.194.7.91,0,0,0,0,0, 192.168.1.111,172.217.11.3,0,0,0,0,0, 192.168.1.111,172.217.11.1,0,0,0,0,0, 192.168.1.111,172.217.12.174,0,0,0,0,0, 192.168.1.111,172.217.11.35,0,0,0,0,0, 192.168.1.111,172.217.11.14,0,0,0,0,0, 192.168.1.111,172.217.12.130,0,0,0,0,0, 192.168.1.111,216.58.219.238,0,0,0,0,0, 192.168.1.111,172.217.11.51,0,0,0,0,0, 192.168.1.111,172.217.6.246,0,0,0,0,0, 192.168.1.111,74.125.155.233,0,0,0,0,0, 192.168.1.111,172.217.135.39,0,0,0,0,0, 192.168.1.111,172.217.11.6,0,0,0,0,0, 192.168.1.111,172.217.11.10,0,0,0,0,0, 192.168.1.111,216.58.209.131,0,0,0,0,0, 192.168.1.111,173.194.7.55,0,0,0,0,0, 192.168.1.111,172.217.11.13,0,0,0,0,0, 192.168.1.111,216.58.219.214,0,0,0,0,0, 192.168.1.111,172.217.11.42,0,0,0,0,0, 192.168.1.111,172.217.22.163,0,0,0,0,0, 192.168.1.111,23.208.103.148,0,0,0,0,0, 192.168.1.111,23.208.92.34,0,0,0,0,0, 192.168.1.111,216.58.211.131,0,0,0,0,0, 192.168.1.111,172.217.13.228,0,0,0,0,0, 192.168.1.111,172.217.11.19,0,0,0,0,0, 192.168.1.111,0.0.0.0,0,0,0,0,0,0,0,0,0,0,1526578708006,0.0,1479.681,0,0,0,0,0,0,0,0,0,0.0,0.0,-1
2.600000000000001,0,0,0,0, 192.168.1.111,173.194.7.91,0,0,0,0,0, 192.168.1.111,172.217.11.3,0,0,0,0,0, 192.168.1.111,172.217.11.1,0,0,0,0,0, 192.168.1.111,172.217.12.174,0,0,0,0,0, 192.168.1.111,172.217.11.35,0,0,0,0,0, 192.168.1.111,172.217.11.14,0,0,0,0,0, 192.168.1.111,172.217.12.130,0,0,0,0,0, 192.168.1.111,216.58.219.238,0,0,0,0,0, 192.168.1.111,172.217.11.51,0,0,0,0,0, 192.168.1.111,172.217.6.246,0,0,0,0,0, 192.168.1.111,74.125.155.233,0,0,0,0,0, 192.168.1.111,172.217.135.39,0,0,0,0,0, 192.168.1.111,172.217.11.6,0,0,0,0,0, 192.168.1.111,172.217.11.10,0,0,0,0,0, 192.168.1.111,216.58.209.131,0,0,0,0,0, 192.168.1.111,173.194.7.55,0,0,0,0,0, 192.168.1.111,172.217.11.13,0,0,0,0,0, 192.168.1.111,216.58.219.214,0,0,0,0,0, 192.168.1.111,172.217.11.42,0,0,0,0,0, 192.168.1.111,172.217.22.163,0,0,0,0,0, 192.168.1.111,23.208.103.148,0,0,0,0,0, 192.168.1.111,23.208.92.34,0,0,0,0,0, 192.168.1.111,216.58.211.131,0,0,0,0,0, 192.168.1.111,172.217.13.228,0,0,0,0,0, 192.168.1.111,172.217.11.19,0,0,0,0,0, 192.168.1.111,0.0.0.0,0,0,0,0,0,0,0,0,0,0,1526578708006,0.0,1479.681,0,0,0,0,0,0,0,0,0,0.0,0.0,-1
2.700000000000001,0,0,0,0, 192.168.1.111,173.194.7.91,0,0,0,0,0, 192.168.1.111,172.217.11.3,0,0,0,0,0, 192.168.1.111,172.217.11.1,0,0,0,0,0, 192.168.1.111,172.217.12.174,0,0,0,0,0, 192.168.1.111,172.217.11.35,0,0,0,0,0, 192.168.1.111,172.217.11.14,0,0,0,0,0, 192.168.1.111,172.217.12.130,0,0,0,0,0, 192.168.1.111,216.58.219.238,0,0,0,0,0, 192.168.1.111,172.217.11.51,0,0,0,0,0, 192.168.1.111,172.217.6.246,0,0,0,0,0, 192.168.1.111,74.125.155.233,0,0,0,0,0, 192.168.1.111,172.217.135.39,0,0,0,0,0, 192.168.1.111,172.217.11.6,0,0,0,0,0, 192.168.1.111,172.217.11.10,0,0,0,0,0, 192.168.1.111,216.58.209.131,0,0,0,0,0, 192.168.1.111,173.194.7.55,0,0,0,0,0, 192.168.1.111,172.217.11.13,0,0,0,0,0, 192.168.1.111,216.58.219.214,0,0,0,0,0, 192.168.1.111,172.217.11.42,0,0,0,0,0, 192.168.1.111,172.217.22.163,0,0,0,0,0, 192.168.1.111,23.208.103.148,0,0,0,0,0, 192.168.1.111,23.208.92.34,0,0,0,0,0, 192.168.1.111,216.58.211.131,0,0,0,0,0, 192.168.1.111,172.217.13.228,0,0,0,0,0, 192.168.1.111,172.217.11.19,0,0,0,0,0, 192.168.1.111,0.0.0.0,0,0,0,0,0,0,0,0,0,0,1526578708006,0.0,1479.681,0,0,0,0,0,0,0,0,0,0.0,0.0,-1
2.800000000000001,0,0,0,0, 192.168.1.111,173.194.7.91,0,0,0,0,0, 192.168.1.111,172.217.11.3,0,0,0,0,0, 192.168.1.111,172.217.11.1,0,0,0,0,0, 192.168.1.111,172.217.12.174,0,0,0,0,0, 192.168.1.111,172.217.11.35,0,0,0,0,0, 192.168.1.111,172.217.11.14,0,0,0,0,0, 192.168.1.111,172.217.12.130,0,0,0,0,0, 192.168.1.111,216.58.219.238,0,0,0,0,0, 192.168.1.111,172.217.11.51,0,0,0,0,0, 192.168.1.111,172.217.6.246,0,0,0,0,0, 192.168.1.111,74.125.155.233,0,0,0,0,0, 192.168.1.111,172.217.135.39,0,0,0,0,0, 192.168.1.111,172.217.11.6,0,0,0,0,0, 192.168.1.111,172.217.11.10,0,0,0,0,0, 192.168.1.111,216.58.209.131,0,0,0,0,0, 192.168.1.111,173.194.7.55,0,0,0,0,0, 192.168.1.111,172.217.11.13,0,0,0,0,0, 192.168.1.111,216.58.219.214,0,0,0,0,0, 192.168.1.111,172.217.11.42,0,0,0,0,0, 192.168.1.111,172.217.22.163,0,0,0,0,0, 192.168.1.111,23.208.103.148,0,0,0,0,0, 192.168.1.111,23.208.92.34,0,0,0,0,0, 192.168.1.111,216.58.211.131,0,0,0,0,0, 192.168.1.111,172.217.13.228,0,0,0,0,0, 192.168.1.111,172.217.11.19,0,0,0,0,0, 192.168.1.111,0.0.0.0,0,0,0,0,0,0,0,0,0,0,1526578708006,0.0,1479.681,0,0,0,0,0,0,0,0,0,0.0,0.0,-1
2.900000000000001,1,0,546,0, 192.168.1.111,173.194.7.91,0,0,0,0,0, 192.168.1.111,172.217.11.3,0,0,0,0,0, 192.168.1.111,172.217.11.1,0,0,0,0,0, 192.168.1.111,172.217.12.174,QUIC,1,0,546,0, 192.168.1.111,172.217.11.35,0,0,0,0,0, 192.168.1.111,172.217.11.14,0,0,0,0,0, 192.168.1.111,172.217.12.130,0,0,0,0,0, 192.168.1.111,216.58.219.238,0,0,0,0,0, 192.168.1.111,172.217.11.51,0,0,0,0,0, 192.168.1.111,172.217.6.246,0,0,0,0,0, 192.168.1.111,74.125.155.233,0,0,0,0,0, 192.168.1.111,172.217.135.39,0,0,0,0,0, 192.168.1.111,172.217.11.6,0,0,0,0,0, 192.168.1.111,172.217.11.10,0,0,0,0,0, 192.168.1.111,216.58.209.131,0,0,0,0,0, 192.168.1.111,173.194.7.55,0,0,0,0,0, 192.168.1.111,172.217.11.13,0,0,0,0,0, 192.168.1.111,216.58.219.214,0,0,0,0,0, 192.168.1.111,172.217.11.42,0,0,0,0,0, 192.168.1.111,172.217.22.163,0,0,0,0,0, 192.168.1.111,23.208.103.148,0,0,0,0,0, 192.168.1.111,23.208.92.34,0,0,0,0,0, 192.168.1.111,216.58.211.131,0,0,0,0,0, 192.168.1.111,172.217.13.228,0,0,0,0,0, 192.168.1.111,172.217.11.19,0,0,0,0,0, 192.168.1.111,0.0.0.0,0,0,0,0,0,0,0,0,0,0,1526578708006,0.0,1479.681,0,0,0,0,0,0,0,0,0,0.0,0.0,-1
8.699999999999985,6,5,1751,1703, 192.168.1.111,173.194.7.91,QUIC,1,1,78,1392, 192.168.1.111,172.217.11.3,0,0,0,0,0, 192.168.1.111,172.217.11.1,0,0,0,0,0, 192.168.1.111,172.217.12.174,QUIC,4,3,1328,239, 192.168.1.111,172.217.11.35,0,0,0,0,0, 192.168.1.111,172.217.11.14,0,0,0,0,0, 192.168.1.111,172.217.12.130,QUIC,1,1,345,72, 192.168.1.111,216.58.219.238,0,0,0,0,0, 192.168.1.111,172.217.11.51,0,0,0,0,0, 192.168.1.111,172.217.6.246,0,0,0,0,0, 192.168.1.111,74.125.155.233,0,0,0,0,0, 192.168.1.111,172.217.135.39,0,0,0,0,0, 192.168.1.111,172.217.11.6,0,0,0,0,0, 192.168.1.111,172.217.11.10,0,0,0,0,0, 192.168.1.111,216.58.209.131,0,0,0,0,0, 192.168.1.111,173.194.7.55,0,0,0,0,0, 192.168.1.111,172.217.11.13,0,0,0,0,0, 192.168.1.111,216.58.219.214,0,0,0,0,0, 192.168.1.111,172.217.11.42,0,0,0,0,0, 192.168.1.111,172.217.22.163,0,0,0,0,0, 192.168.1.111,23.208.103.148,0,0,0,0,0, 192.168.1.111,23.208.92.34,0,0,0,0,0, 192.168.1.111,216.58.211.131,0,0,0,0,0, 192.168.1.111,172.217.13.228,0,0,0,0,0, 192.168.1.111,172.217.11.19,0,0,0,0,0, 192.168.1.111,0.0.0.0,0,0,0,0,0,0,0,1,0,1526578715426,1526578708006,0.1673251564025878,1479.681,0,0,1,0,0,0,0,0,0,13.165674843597412,0.0090107259605279,true
1800.0999999994583,0,0,0,0, 192.168.1.111,173.194.7.91,0,0,0,0,0, 192.168.1.111,172.217.11.3,0,0,0,0,0, 192.168.1.111,172.217.11.1,0,0,0,0,0, 192.168.1.111,172.217.12.174,0,0,0,0,0, 192.168.1.111,172.217.11.35,0,0,0,0,0, 192.168.1.111,172.217.11.14,0,0,0,0,0, 192.168.1.111,172.217.12.130,0,0,0,0,0, 192.168.1.111,216.58.219.238,0,0,0,0,0, 192.168.1.111,172.217.11.51,0,0,0,0,0, 192.168.1.111,172.217.6.246,0,0,0,0,0, 192.168.1.111,74.125.155.233,0,0,0,0,0, 192.168.1.111,172.217.135.39,0,0,0,0,0, 192.168.1.111,172.217.11.6,0,0,0,0,0, 192.168.1.111,172.217.11.10,0,0,0,0,0, 192.168.1.111,216.58.209.131,0,0,0,0,0, 192.168.1.111,173.194.7.55,0,0,0,0,0, 192.168.1.111,172.217.11.13,0,0,0,0,0, 192.168.1.111,216.58.219.214,0,0,0,0,0, 192.168.1.111,172.217.11.42,0,0,0,0,0, 192.168.1.111,172.217.22.163,0,0,0,0,0, 192.168.1.111,23.208.103.148,0,0,0,0,0, 192.168.1.111,23.208.92.34,0,0,0,0,0, 192.168.1.111,216.58.211.131,0,0,0,0,0, 192.168.1.111,172.217.13.228,0,0,0,0,0, 192.168.1.111,172.217.11.19,0,0,0,0,0, 192.168.1.111,0.0.0.0,0,0,0,0,0,0,0,0,0,0,1526578708006,0.0,1479.681,0,0,0,0,0,0,0,0,0,0.0,0.0,-1
1800.1999999994582,0,0,0,0, 192.168.1.111,173.194.7.91,0,0,0,0,0, 192.168.1.111,172.217.11.3,0,0,0,0,0, 192.168.1.111,172.217.11.1,0,0,0,0,0, 192.168.1.111,172.217.12.174,0,0,0,0,0, 192.168.1.111,172.217.11.35,0,0,0,0,0, 192.168.1.111,172.217.11.14,0,0,0,0,0, 192.168.1.111,172.217.12.130,0,0,0,0,0, 192.168.1.111,216.58.219.238,0,0,0,0,0, 192.168.1.111,172.217.11.51,0,0,0,0,0, 192.168.1.111,172.217.6.246,0,0,0,0,0, 192.168.1.111,74.125.155.233,0,0,0,0,0, 192.168.1.111,172.217.135.39,0,0,0,0,0, 192.168.1.111,172.217.11.6,0,0,0,0,0, 192.168.1.111,172.217.11.10,0,0,0,0,0, 192.168.1.111,216.58.209.131,0,0,0,0,0, 192.168.1.111,173.194.7.55,0,0,0,0,0, 192.168.1.111,172.217.11.13,0,0,0,0,0, 192.168.1.111,216.58.219.214,0,0,0,0,0, 192.168.1.111,172.217.11.42,0,0,0,0,0, 192.168.1.111,172.217.22.163,0,0,0,0,0, 192.168.1.111,23.208.103.148,0,0,0,0,0, 192.168.1.111,23.208.92.34,0,0,0,0,0, 192.168.1.111,216.58.211.131,0,0,0,0,0, 192.168.1.111,172.217.13.228,0,0,0,0,0, 192.168.1.111,172.217.11.19,0,0,0,0,0, 192.168.1.111,0.0.0.0,0,0,0,0,0,0,0,0,0,0,1526578708006,0.0,1479.681,0,0,0,0,0,0,0,0,0,0.0,0.0,-1
1800.299999999458,0,0,0,0, 192.168.1.111,173.194.7.91,0,0,0,0,0, 192.168.1.111,172.217.11.3,0,0,0,0,0, 192.168.1.111,172.217.11.1,0,0,0,0,0, 192.168.1.111,172.217.12.174,0,0,0,0,0, 192.168.1.111,172.217.11.35,0,0,0,0,0, 192.168.1.111,172.217.11.14,0,0,0,0,0, 192.168.1.111,172.217.12.130,0,0,0,0,0, 192.168.1.111,216.58.219.238,0,0,0,0,0, 192.168.1.111,172.217.11.51,0,0,0,0,0, 192.168.1.111,172.217.6.246,0,0,0,0,0, 192.168.1.111,74.125.155.233,0,0,0,0,0, 192.168.1.111,172.217.135.39,0,0,0,0,0, 192.168.1.111,172.217.11.6,0,0,0,0,0, 192.168.1.111,172.217.11.10,0,0,0,0,0, 192.168.1.111,216.58.209.131,0,0,0,0,0, 192.168.1.111,173.194.7.55,0,0,0,0,0, 192.168.1.111,172.217.11.13,0,0,0,0,0, 192.168.1.111,216.58.219.214,0,0,0,0,0, 192.168.1.111,172.217.11.42,0,0,0,0,0, 192.168.1.111,172.217.22.163,0,0,0,0,0, 192.168.1.111,23.208.103.148,0,0,0,0,0, 192.168.1.111,23.208.92.34,0,0,0,0,0, 192.168.1.111,216.58.211.131,0,0,0,0,0, 192.168.1.111,172.217.13.228,0,0,0,0,0, 192.168.1.111,172.217.11.19,0,0,0,0,0, 192.168.1.111,0.0.0.0,0,0,0,0,0,0,0,0,0,0,1526578708006,0.0,1479.681,0,0,0,0,0,0,0,0,0,0.0,0.0,-1
1800.399999999458,0,0,0,0, 192.168.1.111,173.194.7.91,0,0,0,0,0, 192.168.1.111,172.217.11.3,0,0,0,0,0, 192.168.1.111,172.217.11.1,0,0,0,0,0, 192.168.1.111,172.217.12.174,0,0,0,0,0, 192.168.1.111,172.217.11.35,0,0,0,0,0, 192.168.1.111,172.217.11.14,0,0,0,0,0, 192.168.1.111,172.217.12.130,0,0,0,0,0, 192.168.1.111,216.58.219.238,0,0,0,0,0, 192.168.1.111,172.217.11.51,0,0,0,0,0, 192.168.1.111,172.217.6.246,0,0,0,0,0, 192.168.1.111,74.125.155.233,0,0,0,0,0, 192.168.1.111,172.217.135.39,0,0,0,0,0, 192.168.1.111,172.217.11.6,0,0,0,0,0, 192.168.1.111,172.217.11.10,0,0,0,0,0, 192.168.1.111,216.58.209.131,0,0,0,0,0, 192.168.1.111,173.194.7.55,0,0,0,0,0, 192.168.1.111,172.217.11.13,0,0,0,0,0, 192.168.1.111,216.58.219.214,0,0,0,0,0, 192.168.1.111,172.217.11.42,0,0,0,0,0, 192.168.1.111,172.217.22.163,0,0,0,0,0, 192.168.1.111,23.208.103.148,0,0,0,0,0, 192.168.1.111,23.208.92.34,0,0,0,0,0, 192.168.1.111,216.58.211.131,0,0,0,0,0, 192.168.1.111,172.217.13.228,0,0,0,0,0, 192.168.1.111,172.217.11.19,0,0,0,0,0, 192.168.1.111,0.0.0.0,0,0,0,0,0,0,0,0,0,0,1526578708006,0.0,1479.681,0,0,0,0,0,0,0,0,0,0.0,0.0,-1
1800.499999999458,0,0,0,0, 192.168.1.111,173.194.7.91,0,0,0,0,0, 192.168.1.111,172.217.11.3,0,0,0,0,0, 192.168.1.111,172.217.11.1,0,0,0,0,0, 192.168.1.111,172.217.12.174,0,0,0,0,0, 192.168.1.111,172.217.11.35,0,0,0,0,0, 192.168.1.111,172.217.11.14,0,0,0,0,0, 192.168.1.111,172.217.12.130,0,0,0,0,0, 192.168.1.111,216.58.219.238,0,0,0,0,0, 192.168.1.111,172.217.11.51,0,0,0,0,0, 192.168.1.111,172.217.6.246,0,0,0,0,0, 192.168.1.111,74.125.155.233,0,0,0,0,0, 192.168.1.111,172.217.135.39,0,0,0,0,0, 192.168.1.111,172.217.11.6,0,0,0,0,0, 192.168.1.111,172.217.11.10,0,0,0,0,0, 192.168.1.111,216.58.209.131,0,0,0,0,0, 192.168.1.111,173.194.7.55,0,0,0,0,0, 192.168.1.111,172.217.11.13,0,0,0,0,0, 192.168.1.111,216.58.219.214,0,0,0,0,0, 192.168.1.111,172.217.11.42,0,0,0,0,0, 192.168.1.111,172.217.22.163,0,0,0,0,0, 192.168.1.111,23.208.103.148,0,0,0,0,0, 192.168.1.111,23.208.92.34,0,0,0,0,0, 192.168.1.111,216.58.211.131,0,0,0,0,0, 192.168.1.111,172.217.13.228,0,0,0,0,0, 192.168.1.111,172.217.11.19,0,0,0,0,0, 192.168.1.111,0.0.0.0,0,0,0,0,0,0,0,0,0,0,1526578708006,0.0,1479.681,0,0,0,0,0,0,0,0,0,0.0,0.0,-1
1800.599999999458,0,0,0,0, 192.168.1.111,173.194.7.91,0,0,0,0,0, 192.168.1.111,172.217.11.3,0,0,0,0,0, 192.168.1.111,172.217.11.1,0,0,0,0,0, 192.168.1.111,172.217.12.174,0,0,0,0,0, 192.168.1.111,172.217.11.35,0,0,0,0,0, 192.168.1.111,172.217.11.14,0,0,0,0,0, 192.168.1.111,172.217.12.130,0,0,0,0,0, 192.168.1.111,216.58.219.238,0,0,0,0,0, 192.168.1.111,172.217.11.51,0,0,0,0,0, 192.168.1.111,172.217.6.246,0,0,0,0,0, 192.168.1.111,74.125.155.233,0,0,0,0,0, 192.168.1.111,172.217.135.39,0,0,0,0,0, 192.168.1.111,172.217.11.6,0,0,0,0,0, 192.168.1.111,172.217.11.10,0,0,0,0,0, 192.168.1.111,216.58.209.131,0,0,0,0,0, 192.168.1.111,173.194.7.55,0,0,0,0,0, 192.168.1.111,172.217.11.13,0,0,0,0,0, 192.168.1.111,216.58.219.214,0,0,0,0,0, 192.168.1.111,172.217.11.42,0,0,0,0,0, 192.168.1.111,172.217.22.163,0,0,0,0,0, 192.168.1.111,23.208.103.148,0,0,0,0,0, 192.168.1.111,23.208.92.34,0,0,0,0,0, 192.168.1.111,216.58.211.131,0,0,0,0,0, 192.168.1.111,172.217.13.228,0,0,0,0,0, 192.168.1.111,172.217.11.19,0,0,0,0,0, 192.168.1.111,0.0.0.0,0,0,0,0,0,0,0,0,0,0,1526578708006,0.0,1479.681,0,0,0,0,0,0,0,0,0,0.0,0.0,-1
1800.6999999994578,0,0,0,0, 192.168.1.111,173.194.7.91,0,0,0,0,0, 192.168.1.111,172.217.11.3,0,0,0,0,0, 192.168.1.111,172.217.11.1,0,0,0,0,0, 192.168.1.111,172.217.12.174,0,0,0,0,0, 192.168.1.111,172.217.11.35,0,0,0,0,0, 192.168.1.111,172.217.11.14,0,0,0,0,0, 192.168.1.111,172.217.12.130,0,0,0,0,0, 192.168.1.111,216.58.219.238,0,0,0,0,0, 192.168.1.111,172.217.11.51,0,0,0,0,0, 192.168.1.111,172.217.6.246,0,0,0,0,0, 192.168.1.111,74.125.155.233,0,0,0,0,0, 192.168.1.111,172.217.135.39,0,0,0,0,0, 192.168.1.111,172.217.11.6,0,0,0,0,0, 192.168.1.111,172.217.11.10,0,0,0,0,0, 192.168.1.111,216.58.209.131,0,0,0,0,0, 192.168.1.111,173.194.7.55,0,0,0,0,0, 192.168.1.111,172.217.11.13,0,0,0,0,0, 192.168.1.111,216.58.219.214,0,0,0,0,0, 192.168.1.111,172.217.11.42,0,0,0,0,0, 192.168.1.111,172.217.22.163,0,0,0,0,0, 192.168.1.111,23.208.103.148,0,0,0,0,0, 192.168.1.111,23.208.92.34,0,0,0,0,0, 192.168.1.111,216.58.211.131,0,0,0,0,0, 192.168.1.111,172.217.13.228,0,0,0,0,0, 192.168.1.111,172.217.11.19,0,0,0,0,0, 192.168.1.111,0.0.0.0,0,0,0,0,0,0,0,0,0,0,1526578708006,0.0,1479.681,0,0,0,0,0,0,0,0,0,0.0,0.0,-1
1800.7999999994577,0,0,0,0, 192.168.1.111,173.194.7.91,0,0,0,0,0, 192.168.1.111,172.217.11.3,0,0,0,0,0, 192.168.1.111,172.217.11.1,0,0,0,0,0, 192.168.1.111,172.217.12.174,0,0,0,0,0, 192.168.1.111,172.217.11.35,0,0,0,0,0, 192.168.1.111,172.217.11.14,0,0,0,0,0, 192.168.1.111,172.217.12.130,0,0,0,0,0, 192.168.1.111,216.58.219.238,0,0,0,0,0, 192.168.1.111,172.217.11.51,0,0,0,0,0, 192.168.1.111,172.217.6.246,0,0,0,0,0, 192.168.1.111,74.125.155.233,0,0,0,0,0, 192.168.1.111,172.217.135.39,0,0,0,0,0, 192.168.1.111,172.217.11.6,0,0,0,0,0, 192.168.1.111,172.217.11.10,0,0,0,0,0, 192.168.1.111,216.58.209.131,0,0,0,0,0, 192.168.1.111,173.194.7.55,0,0,0,0,0, 192.168.1.111,172.217.11.13,0,0,0,0,0, 192.168.1.111,216.58.219.214,0,0,0,0,0, 192.168.1.111,172.217.11.42,0,0,0,0,0, 192.168.1.111,172.217.22.163,0,0,0,0,0, 192.168.1.111,23.208.103.148,0,0,0,0,0, 192.168.1.111,23.208.92.34,0,0,0,0,0, 192.168.1.111,216.58.211.131,0,0,0,0,0, 192.168.1.111,172.217.13.228,0,0,0,0,0, 192.168.1.111,172.217.11.19,0,0,0,0,0, 192.168.1.111,0.0.0.0,0,0,0,0,0,0,0,0,0,0,1526578708006,0.0,1479.681,0,0,0,0,0,0,0,0,0,0.0,0.0,-1
1800.8999999994576,0,0,0,0, 192.168.1.111,173.194.7.91,0,0,0,0,0, 192.168.1.111,172.217.11.3,0,0,0,0,0, 192.168.1.111,172.217.11.1,0,0,0,0,0, 192.168.1.111,172.217.12.174,0,0,0,0,0, 192.168.1.111,172.217.11.35,0,0,0,0,0, 192.168.1.111,172.217.11.14,0,0,0,0,0, 192.168.1.111,172.217.12.130,0,0,0,0,0, 192.168.1.111,216.58.219.238,0,0,0,0,0, 192.168.1.111,172.217.11.51,0,0,0,0,0, 192.168.1.111,172.217.6.246,0,0,0,0,0, 192.168.1.111,74.125.155.233,0,0,0,0,0, 192.168.1.111,172.217.135.39,0,0,0,0,0, 192.168.1.111,172.217.11.6,0,0,0,0,0, 192.168.1.111,172.217.11.10,0,0,0,0,0, 192.168.1.111,216.58.209.131,0,0,0,0,0, 192.168.1.111,173.194.7.55,0,0,0,0,0, 192.168.1.111,172.217.11.13,0,0,0,0,0, 192.168.1.111,216.58.219.214,0,0,0,0,0, 192.168.1.111,172.217.11.42,0,0,0,0,0, 192.168.1.111,172.217.22.163,0,0,0,0,0, 192.168.1.111,23.208.103.148,0,0,0,0,0, 192.168.1.111,23.208.92.34,0,0,0,0,0, 192.168.1.111,216.58.211.131,0,0,0,0,0, 192.168.1.111,172.217.13.228,0,0,0,0,0, 192.168.1.111,172.217.11.19,0,0,0,0,0, 192.168.1.111,0.0.0.0,0,0,0,0,0,0,0,0,0,0,1526578708006,0.0,1479.681,0,0,0,0,0,0,0,0,0,0.0,0.0,-1
0.0,1,0,288,0, 192.168.1.111,74.125.155.202,0,0,0,0,0, 192.168.1.111,23.206.171.40,0,0,0,0,0, 192.168.1.111,172.217.11.3,0,0,0,0,0, 192.168.1.111,172.217.10.14,0,0,0,0,0, 192.168.1.111,172.217.6.238,0,0,0,0,0, 192.168.1.111,172.217.9.238,0,0,0,0,0, 192.168.1.111,172.217.11.14,0,0,0,0,0, 192.168.1.111,172.217.22.163,0,0,0,0,0, 192.168.1.111,172.217.11.10,0,0,0,0,0, 192.168.1.111,172.217.13.228,TLSv1.2,1,0,288,0, 192.168.1.111,104.237.191.1,0,0,0,0,0, 192.168.1.111,172.217.17.67,0,0,0,0,0, 192.168.1.111,172.217.19.195,0,0,0,0,0, 192.168.1.111,216.58.212.131,0,0,0,0,0, 192.168.1.111,216.58.211.99,0,0,0,0,0, 192.168.1.111,172.217.10.66,0,0,0,0,0, 192.168.1.111,172.217.135.39,0,0,0,0,0, 192.168.1.111,216.58.212.195,0,0,0,0,0, 192.168.1.111,172.217.11.13,0,0,0,0,0, 192.168.1.111,172.217.11.6,0,0,0,0,0, 192.168.1.111,173.194.7.55,0,0,0,0,0, 192.168.1.111,216.58.207.227,0,0,0,0,0, 192.168.1.111,172.217.11.19,0,0,0,0,0, 192.168.1.111,0,0,0,0,0,0, 192.168.1.111,0,0,0,0,0,0, 192.168.1.111,0.0.0.0,0,0,0,0,0,0,0,0,0,0,1526584273466,0.0,6252.241,0,0,0,0,0,0,0,0,0,0.0,0.0,-1
0.1,10,7,1362,2548, 192.168.1.111,74.125.155.202,0,0,0,0,0, 192.168.1.111,23.206.171.40,0,0,0,0,0, 192.168.1.111,172.217.11.3,0,0,0,0,0, 192.168.1.111,172.217.10.14,TCP,3,2,420,718, 192.168.1.111,172.217.6.238,0,0,0,0,0, 192.168.1.111,172.217.9.238,0,0,0,0,0, 192.168.1.111,172.217.11.14,TCP,3,2,420,718, 192.168.1.111,172.217.22.163,0,0,0,0,0, 192.168.1.111,172.217.11.10,TCP,3,2,456,522, 192.168.1.111,172.217.13.228,TCP,1,1,66,590, 192.168.1.111,104.237.191.1,0,0,0,0,0, 192.168.1.111,172.217.17.67,0,0,0,0,0, 192.168.1.111,172.217.19.195,0,0,0,0,0, 192.168.1.111,216.58.212.131,0,0,0,0,0, 192.168.1.111,216.58.211.99,0,0,0,0,0, 192.168.1.111,172.217.10.66,0,0,0,0,0, 192.168.1.111,172.217.135.39,0,0,0,0,0, 192.168.1.111,216.58.212.195,0,0,0,0,0, 192.168.1.111,172.217.11.13,0,0,0,0,0, 192.168.1.111,172.217.11.6,0,0,0,0,0, 192.168.1.111,173.194.7.55,0,0,0,0,0, 192.168.1.111,216.58.207.227,0,0,0,0,0, 192.168.1.111,172.217.11.19,0,0,0,0,0, 192.168.1.111,0,0,0,0,0,0, 192.168.1.111,0,0,0,0,0,0, 192.168.1.111,0.0.0.0,0,0,0,0,0,0,0,0,0,0,1526584273466,0.0,6252.241,0,0,0,0,0,0,0,0,0,0.0,0.0,-1
0.2,0,0,0,0, 192.168.1.111,74.125.155.202,0,0,0,0,0, 192.168.1.111,23.206.171.40,0,0,0,0,0, 192.168.1.111,172.217.11.3,0,0,0,0,0, 192.168.1.111,172.217.10.14,0,0,0,0,0, 192.168.1.111,172.217.6.238,0,0,0,0,0, 192.168.1.111,172.217.9.238,0,0,0,0,0, 192.168.1.111,172.217.11.14,0,0,0,0,0, 192.168.1.111,172.217.22.163,0,0,0,0,0, 192.168.1.111,172.217.11.10,0,0,0,0,0, 192.168.1.111,172.217.13.228,0,0,0,0,0, 192.168.1.111,104.237.191.1,0,0,0,0,0, 192.168.1.111,172.217.17.67,0,0,0,0,0, 192.168.1.111,172.217.19.195,0,0,0,0,0, 192.168.1.111,216.58.212.131,0,0,0,0,0, 192.168.1.111,216.58.211.99,0,0,0,0,0, 192.168.1.111,172.217.10.66,0,0,0,0,0, 192.168.1.111,172.217.135.39,0,0,0,0,0, 192.168.1.111,216.58.212.195,0,0,0,0,0, 192.168.1.111,172.217.11.13,0,0,0,0,0, 192.168.1.111,172.217.11.6,0,0,0,0,0, 192.168.1.111,173.194.7.55,0,0,0,0,0, 192.168.1.111,216.58.207.227,0,0,0,0,0, 192.168.1.111,172.217.11.19,0,0,0,0,0, 192.168.1.111,0,0,0,0,0,0, 192.168.1.111,0,0,0,0,0,0, 192.168.1.111,0.0.0.0,0,0,0,0,0,0,0,0,0,0,1526584273466,0.0,6252.241,0,0,0,0,0,0,0,0,0,0.0,0.0,-1
0.3,5,3,4335,2879, 192.168.1.111,74.125.155.202,0,0,0,0,0, 192.168.1.111,23.206.171.40,0,0,0,0,0, 192.168.1.111,172.217.11.3,0,0,0,0,0, 192.168.1.111,172.217.10.14,QUIC,1,0,1392,0, 192.168.1.111,172.217.6.238,0,0,0,0,0, 192.168.1.111,172.217.9.238,0,0,0,0,0, 192.168.1.111,172.217.11.14,0,0,0,0,0, 192.168.1.111,172.217.22.163,0,0,0,0,0, 192.168.1.111,172.217.11.10,0,0,0,0,0, 192.168.1.111,172.217.13.228,0,0,0,0,0, 192.168.1.111,104.237.191.1,0,0,0,0,0, 192.168.1.111,172.217.17.67,0,0,0,0,0, 192.168.1.111,172.217.19.195,0,0,0,0,0, 192.168.1.111,216.58.212.131,0,0,0,0,0, 192.168.1.111,216.58.211.99,0,0,0,0,0, 192.168.1.111,172.217.10.66,0,0,0,0,0, 192.168.1.111,172.217.135.39,0,0,0,0,0, 192.168.1.111,216.58.212.195,0,0,0,0,0, 192.168.1.111,172.217.11.13,QUIC,3,2,2864,2784, 192.168.1.111,172.217.11.6,0,0,0,0,0, 192.168.1.111,173.194.7.55,0,0,0,0,0, 192.168.1.111,216.58.207.227,0,0,0,0,0, 192.168.1.111,172.217.11.19,0,0,0,0,0, 192.168.1.111,0,0,0,0,0,0, 192.168.1.111,0,0,0,0,0,0, 192.168.1.111,0.0.0.0,0,1,1,79,95,0,0,0,0,0,1526584273466,0.0,6252.241,0,0,0,0,0,0,0,0,0,0.0,0.0,-1
0.4,23,21,8988,13284, 192.168.1.111,74.125.155.202,0,0,0,0,0, 192.168.1.111,23.206.171.40,0,0,0,0,0, 192.168.1.111,172.217.11.3,QUIC,5,4,3025,4249, 192.168.1.111,172.217.10.14,TCP,12,11,4431,6071, 192.168.1.111,172.217.6.238,0,0,0,0,0, 192.168.1.111,172.217.9.238,0,0,0,0,0, 192.168.1.111,172.217.11.14,0,0,0,0,0, 192.168.1.111,172.217.22.163,0,0,0,0,0, 192.168.1.111,172.217.11.10,0,0,0,0,0, 192.168.1.111,172.217.13.228,0,0,0,0,0, 192.168.1.111,104.237.191.1,0,0,0,0,0, 192.168.1.111,172.217.17.67,0,0,0,0,0, 192.168.1.111,172.217.19.195,0,0,0,0,0, 192.168.1.111,216.58.212.131,0,0,0,0,0, 192.168.1.111,216.58.211.99,0,0,0,0,0, 192.168.1.111,172.217.10.66,0,0,0,0,0, 192.168.1.111,172.217.135.39,0,0,0,0,0, 192.168.1.111,216.58.212.195,0,0,0,0,0, 192.168.1.111,172.217.11.13,QUIC,5,5,1455,2835, 192.168.1.111,172.217.11.6,0,0,0,0,0, 192.168.1.111,173.194.7.55,0,0,0,0,0, 192.168.1.111,216.58.207.227,0,0,0,0,0, 192.168.1.111,172.217.11.19,0,0,0,0,0, 192.168.1.111,0,0,0,0,0,0, 192.168.1.111,0,0,0,0,0,0, 192.168.1.111,0.0.0.0,0,1,1,77,129,0,0,0,0,0,1526584273466,0.0,6252.241,0,0,0,0,0,0,0,0,0,0.0,0.0,-1
0.5,0,1,0,72, 192.168.1.111,74.125.155.202,0,0,0,0,0, 192.168.1.111,23.206.171.40,0,0,0,0,0, 192.168.1.111,172.217.11.3,QUIC,0,1,0,72, 192.168.1.111,172.217.10.14,0,0,0,0,0, 192.168.1.111,172.217.6.238,0,0,0,0,0, 192.168.1.111,172.217.9.238,0,0,0,0,0, 192.168.1.111,172.217.11.14,0,0,0,0,0, 192.168.1.111,172.217.22.163,0,0,0,0,0, 192.168.1.111,172.217.11.10,0,0,0,0,0, 192.168.1.111,172.217.13.228,0,0,0,0,0, 192.168.1.111,104.237.191.1,0,0,0,0,0, 192.168.1.111,172.217.17.67,0,0,0,0,0, 192.168.1.111,172.217.19.195,0,0,0,0,0, 192.168.1.111,216.58.212.131,0,0,0,0,0, 192.168.1.111,216.58.211.99,0,0,0,0,0, 192.168.1.111,172.217.10.66,0,0,0,0,0, 192.168.1.111,172.217.135.39,0,0,0,0,0, 192.168.1.111,216.58.212.195,0,0,0,0,0, 192.168.1.111,172.217.11.13,0,0,0,0,0, 192.168.1.111,172.217.11.6,0,0,0,0,0, 192.168.1.111,173.194.7.55,0,0,0,0,0, 192.168.1.111,216.58.207.227,0,0,0,0,0, 192.168.1.111,172.217.11.19,0,0,0,0,0, 192.168.1.111,0,0,0,0,0,0, 192.168.1.111,0,0,0,0,0,0, 192.168.1.111,0.0.0.0,0,0,0,0,0,0,0,0,0,0,1526584273466,0.0,6252.241,0,0,0,0,0,0,0,0,0,0.0,0.0,-1
0.6,15,22,11302,20394, 192.168.1.111,74.125.155.202,0,0,0,0,0, 192.168.1.111,23.206.171.40,0,0,0,0,0, 192.168.1.111,172.217.11.3,QUIC,2,2,2784,2784, 192.168.1.111,172.217.10.14,QUIC,1,1,965,69, 192.168.1.111,172.217.6.238,0,0,0,0,0, 192.168.1.111,172.217.9.238,0,0,0,0,0, 192.168.1.111,172.217.11.14,0,0,0,0,0, 192.168.1.111,172.217.22.163,0,0,0,0,0, 192.168.1.111,172.217.11.10,0,0,0,0,0, 192.168.1.111,172.217.13.228,QUIC,1,2,1392,2784, 192.168.1.111,104.237.191.1,0,0,0,0,0, 192.168.1.111,172.217.17.67,0,0,0,0,0, 192.168.1.111,172.217.19.195,0,0,0,0,0, 192.168.1.111,216.58.212.131,0,0,0,0,0, 192.168.1.111,216.58.211.99,0,0,0,0,0, 192.168.1.111,172.217.10.66,QUIC,2,2,1472,2784, 192.168.1.111,172.217.135.39,QUIC,2,4,1472,4253, 192.168.1.111,216.58.212.195,0,0,0,0,0, 192.168.1.111,172.217.11.13,0,0,0,0,0, 192.168.1.111,172.217.11.6,QUIC,1,2,1392,2784, 192.168.1.111,173.194.7.55,QUIC,1,4,1392,4253, 192.168.1.111,216.58.207.227,0,0,0,0,0, 192.168.1.111,172.217.11.19,0,0,0,0,0, 192.168.1.111,0,0,0,0,0,0, 192.168.1.111,0,0,0,0,0,0, 192.168.1.111,0.0.0.0,0,5,5,433,683,0,0,0,0,0,1526584273466,0.0,6252.241,0,0,0,0,0,0,0,0,0,0.0,0.0,-1
0.7,21,15,8249,10326, 192.168.1.111,74.125.155.202,0,0,0,0,0, 192.168.1.111,23.206.171.40,0,0,0,0,0, 192.168.1.111,172.217.11.3,QUIC,2,3,161,1537, 192.168.1.111,172.217.10.14,0,0,0,0,0, 192.168.1.111,172.217.6.238,0,0,0,0,0, 192.168.1.111,172.217.9.238,0,0,0,0,0, 192.168.1.111,172.217.11.14,0,0,0,0,0, 192.168.1.111,172.217.22.163,0,0,0,0,0, 192.168.1.111,172.217.11.10,0,0,0,0,0, 192.168.1.111,172.217.13.228,QUIC,4,2,1633,1465, 192.168.1.111,104.237.191.1,0,0,0,0,0, 192.168.1.111,172.217.17.67,0,0,0,0,0, 192.168.1.111,172.217.19.195,0,0,0,0,0, 192.168.1.111,216.58.212.131,0,0,0,0,0, 192.168.1.111,216.58.211.99,0,0,0,0,0, 192.168.1.111,172.217.10.66,QUIC,3,3,1553,1537, 192.168.1.111,172.217.135.39,QUIC,4,3,1636,2857, 192.168.1.111,216.58.212.195,0,0,0,0,0, 192.168.1.111,172.217.11.13,0,0,0,0,0, 192.168.1.111,172.217.11.6,QUIC,4,2,1633,1465, 192.168.1.111,173.194.7.55,QUIC,4,2,1633,1465, 192.168.1.111,216.58.207.227,0,0,0,0,0, 192.168.1.111,172.217.11.19,0,0,0,0,0, 192.168.1.111,0,0,0,0,0,0, 192.168.1.111,0,0,0,0,0,0, 192.168.1.111,0.0.0.0,0,0,0,0,0,0,0,0,0,0,1526584273466,0.0,6252.241,0,0,0,0,0,0,0,0,0,0.0,0.0,-1
0.7999999999999999,0,0,0,0, 192.168.1.111,74.125.155.202,0,0,0,0,0, 192.168.1.111,23.206.171.40,0,0,0,0,0, 192.168.1.111,172.217.11.3,0,0,0,0,0, 192.168.1.111,172.217.10.14,0,0,0,0,0, 192.168.1.111,172.217.6.238,0,0,0,0,0, 192.168.1.111,172.217.9.238,0,0,0,0,0, 192.168.1.111,172.217.11.14,0,0,0,0,0, 192.168.1.111,172.217.22.163,0,0,0,0,0, 192.168.1.111,172.217.11.10,0,0,0,0,0, 192.168.1.111,172.217.13.228,0,0,0,0,0, 192.168.1.111,104.237.191.1,0,0,0,0,0, 192.168.1.111,172.217.17.67,0,0,0,0,0, 192.168.1.111,172.217.19.195,0,0,0,0,0, 192.168.1.111,216.58.212.131,0,0,0,0,0, 192.168.1.111,216.58.211.99,0,0,0,0,0, 192.168.1.111,172.217.10.66,0,0,0,0,0, 192.168.1.111,172.217.135.39,0,0,0,0,0, 192.168.1.111,216.58.212.195,0,0,0,0,0, 192.168.1.111,172.217.11.13,0,0,0,0,0, 192.168.1.111,172.217.11.6,0,0,0,0,0, 192.168.1.111,173.194.7.55,0,0,0,0,0, 192.168.1.111,216.58.207.227,0,0,0,0,0, 192.168.1.111,172.217.11.19,0,0,0,0,0, 192.168.1.111,0,0,0,0,0,0, 192.168.1.111,0,0,0,0,0,0, 192.168.1.111,0.0.0.0,0,0,0,0,0,0,0,0,0,0,1526584273466,0.0,6252.241,0,0,0,0,0,0,0,0,0,0.0,0.0,-1
0.8999999999999999,10,23,806,22496, 192.168.1.111,74.125.155.202,0,0,0,0,0, 192.168.1.111,23.206.171.40,0,0,0,0,0, 192.168.1.111,172.217.11.3,0,0,0,0,0, 192.168.1.111,172.217.10.14,QUIC,8,16,646,19351, 192.168.1.111,172.217.6.238,0,0,0,0,0, 192.168.1.111,172.217.9.238,0,0,0,0,0, 192.168.1.111,172.217.11.14,0,0,0,0,0, 192.168.1.111,172.217.22.163,0,0,0,0,0, 192.168.1.111,172.217.11.10,0,0,0,0,0, 192.168.1.111,172.217.13.228,QUIC,1,3,80,1537, 192.168.1.111,104.237.191.1,0,0,0,0,0, 192.168.1.111,172.217.17.67,0,0,0,0,0, 192.168.1.111,172.217.19.195,0,0,0,0,0, 192.168.1.111,216.58.212.131,0,0,0,0,0, 192.168.1.111,216.58.211.99,0,0,0,0,0, 192.168.1.111,172.217.10.66,0,0,0,0,0, 192.168.1.111,172.217.135.39,QUIC,0,1,0,72, 192.168.1.111,216.58.212.195,0,0,0,0,0, 192.168.1.111,172.217.11.13,0,0,0,0,0, 192.168.1.111,172.217.11.6,QUIC,1,2,80,1464, 192.168.1.111,173.194.7.55,QUIC,0,1,0,72, 192.168.1.111,216.58.207.227,0,0,0,0,0, 192.168.1.111,172.217.11.19,0,0,0,0,0, 192.168.1.111,0,0,0,0,0,0, 192.168.1.111,0,0,0,0,0,0, 192.168.1.111,0.0.0.0,0,0,0,0,0,0,0,0,0,0,1526584273466,0.0,6252.241,0,0,0,0,0,0,0,0,0,0.0,0.0,-1
1.0,1,1,82,102, 192.168.1.111,74.125.155.202,0,0,0,0,0, 192.168.1.111,23.206.171.40,0,0,0,0,0, 192.168.1.111,172.217.11.3,0,0,0,0,0, 192.168.1.111,172.217.10.14,0,0,0,0,0, 192.168.1.111,172.217.6.238,0,0,0,0,0, 192.168.1.111,172.217.9.238,0,0,0,0,0, 192.168.1.111,172.217.11.14,0,0,0,0,0, 192.168.1.111,172.217.22.163,0,0,0,0,0, 192.168.1.111,172.217.11.10,0,0,0,0,0, 192.168.1.111,172.217.13.228,0,0,0,0,0, 192.168.1.111,104.237.191.1,0,0,0,0,0, 192.168.1.111,172.217.17.67,0,0,0,0,0, 192.168.1.111,172.217.19.195,0,0,0,0,0, 192.168.1.111,216.58.212.131,0,0,0,0,0, 192.168.1.111,216.58.211.99,0,0,0,0,0, 192.168.1.111,172.217.10.66,0,0,0,0,0, 192.168.1.111,172.217.135.39,0,0,0,0,0, 192.168.1.111,216.58.212.195,0,0,0,0,0, 192.168.1.111,172.217.11.13,0,0,0,0,0, 192.168.1.111,172.217.11.6,0,0,0,0,0, 192.168.1.111,173.194.7.55,0,0,0,0,0, 192.168.1.111,216.58.207.227,0,0,0,0,0, 192.168.1.111,172.217.11.19,0,0,0,0,0, 192.168.1.111,0,0,0,0,0,0, 192.168.1.111,0,0,0,0,0,0, 192.168.1.111,0.0.0.0,0,1,0,82,0,0,0,0,0,0,1526584273466,0.0,6252.241,0,0,0,0,0,0,0,0,0,0.0,0.0,-1
1.1,0,0,0,0, 192.168.1.111,74.125.155.202,0,0,0,0,0, 192.168.1.111,23.206.171.40,0,0,0,0,0, 192.168.1.111,172.217.11.3,0,0,0,0,0, 192.168.1.111,172.217.10.14,0,0,0,0,0, 192.168.1.111,172.217.6.238,0,0,0,0,0, 192.168.1.111,172.217.9.238,0,0,0,0,0, 192.168.1.111,172.217.11.14,0,0,0,0,0, 192.168.1.111,172.217.22.163,0,0,0,0,0, 192.168.1.111,172.217.11.10,0,0,0,0,0, 192.168.1.111,172.217.13.228,0,0,0,0,0, 192.168.1.111,104.237.191.1,0,0,0,0,0, 192.168.1.111,172.217.17.67,0,0,0,0,0, 192.168.1.111,172.217.19.195,0,0,0,0,0, 192.168.1.111,216.58.212.131,0,0,0,0,0, 192.168.1.111,216.58.211.99,0,0,0,0,0, 192.168.1.111,172.217.10.66,0,0,0,0,0, 192.168.1.111,172.217.135.39,0,0,0,0,0, 192.168.1.111,216.58.212.195,0,0,0,0,0, 192.168.1.111,172.217.11.13,0,0,0,0,0, 192.168.1.111,172.217.11.6,0,0,0,0,0, 192.168.1.111,173.194.7.55,0,0,0,0,0, 192.168.1.111,216.58.207.227,0,0,0,0,0, 192.168.1.111,172.217.11.19,0,0,0,0,0, 192.168.1.111,0,0,0,0,0,0, 192.168.1.111,0,0,0,0,0,0, 192.168.1.111,0.0.0.0,0,0,0,0,0,0,0,0,0,0,1526584273466,0.0,6252.241,0,0,0,0,0,0,0,0,0,0.0,0.0,-1
1.2,2,0,1104,0, 192.168.1.111,74.125.155.202,0,0,0,0,0, 192.168.1.111,23.206.171.40,0,0,0,0,0, 192.168.1.111,172.217.11.3,0,0,0,0,0, 192.168.1.111,172.217.10.14,0,0,0,0,0, 192.168.1.111,172.217.6.238,0,0,0,0,0, 192.168.1.111,172.217.9.238,0,0,0,0,0, 192.168.1.111,172.217.11.14,0,0,0,0,0, 192.168.1.111,172.217.22.163,0,0,0,0,0, 192.168.1.111,172.217.11.10,0,0,0,0,0, 192.168.1.111,172.217.13.228,0,0,0,0,0, 192.168.1.111,104.237.191.1,0,0,0,0,0, 192.168.1.111,172.217.17.67,0,0,0,0,0, 192.168.1.111,172.217.19.195,0,0,0,0,0, 192.168.1.111,216.58.212.131,0,0,0,0,0, 192.168.1.111,216.58.211.99,0,0,0,0,0, 192.168.1.111,172.217.10.66,QUIC,1,0,550,0, 192.168.1.111,172.217.135.39,0,0,0,0,0, 192.168.1.111,216.58.212.195,0,0,0,0,0, 192.168.1.111,172.217.11.13,0,0,0,0,0, 192.168.1.111,172.217.11.6,QUIC,1,0,554,0, 192.168.1.111,173.194.7.55,0,0,0,0,0, 192.168.1.111,216.58.207.227,0,0,0,0,0, 192.168.1.111,172.217.11.19,0,0,0,0,0, 192.168.1.111,0,0,0,0,0,0, 192.168.1.111,0,0,0,0,0,0, 192.168.1.111,0.0.0.0,0,0,0,0,0,0,0,0,0,0,1526584273466,0.0,6252.241,0,0,0,0,0,0,0,0,0,0.0,0.0,-1
1.3,2,4,163,1373, 192.168.1.111,74.125.155.202,0,0,0,0,0, 192.168.1.111,23.206.171.40,0,0,0,0,0, 192.168.1.111,172.217.11.3,0,0,0,0,0, 192.168.1.111,172.217.10.14,0,0,0,0,0, 192.168.1.111,172.217.6.238,0,0,0,0,0, 192.168.1.111,172.217.9.238,0,0,0,0,0, 192.168.1.111,172.217.11.14,0,0,0,0,0, 192.168.1.111,172.217.22.163,0,0,0,0,0, 192.168.1.111,172.217.11.10,0,0,0,0,0, 192.168.1.111,172.217.13.228,0,0,0,0,0, 192.168.1.111,104.237.191.1,0,0,0,0,0, 192.168.1.111,172.217.17.67,0,0,0,0,0, 192.168.1.111,172.217.19.195,0,0,0,0,0, 192.168.1.111,216.58.212.131,0,0,0,0,0, 192.168.1.111,216.58.211.99,0,0,0,0,0, 192.168.1.111,172.217.10.66,QUIC,1,2,83,1058, 192.168.1.111,172.217.135.39,0,0,0,0,0, 192.168.1.111,216.58.212.195,0,0,0,0,0, 192.168.1.111,172.217.11.13,0,0,0,0,0, 192.168.1.111,172.217.11.6,QUIC,1,2,80,315, 192.168.1.111,173.194.7.55,0,0,0,0,0, 192.168.1.111,216.58.207.227,0,0,0,0,0, 192.168.1.111,172.217.11.19,0,0,0,0,0, 192.168.1.111,0,0,0,0,0,0, 192.168.1.111,0,0,0,0,0,0, 192.168.1.111,0.0.0.0,0,0,0,0,0,0,0,0,0,0,1526584273466,0.0,6252.241,0,0,0,0,0,0,0,0,0,0.0,0.0,-1
1.4,2,0,895,0, 192.168.1.111,74.125.155.202,0,0,0,0,0, 192.168.1.111,23.206.171.40,0,0,0,0,0, 192.168.1.111,172.217.11.3,0,0,0,0,0, 192.168.1.111,172.217.10.14,QUIC,2,0,895,0, 192.168.1.111,172.217.6.238,0,0,0,0,0, 192.168.1.111,172.217.9.238,0,0,0,0,0, 192.168.1.111,172.217.11.14,0,0,0,0,0, 192.168.1.111,172.217.22.163,0,0,0,0,0, 192.168.1.111,172.217.11.10,0,0,0,0,0, 192.168.1.111,172.217.13.228,0,0,0,0,0, 192.168.1.111,104.237.191.1,0,0,0,0,0, 192.168.1.111,172.217.17.67,0,0,0,0,0, 192.168.1.111,172.217.19.195,0,0,0,0,0, 192.168.1.111,216.58.212.131,0,0,0,0,0, 192.168.1.111,216.58.211.99,0,0,0,0,0, 192.168.1.111,172.217.10.66,0,0,0,0,0, 192.168.1.111,172.217.135.39,0,0,0,0,0, 192.168.1.111,216.58.212.195,0,0,0,0,0, 192.168.1.111,172.217.11.13,0,0,0,0,0, 192.168.1.111,172.217.11.6,0,0,0,0,0, 192.168.1.111,173.194.7.55,0,0,0,0,0, 192.168.1.111,216.58.207.227,0,0,0,0,0, 192.168.1.111,172.217.11.19,0,0,0,0,0, 192.168.1.111,0,0,0,0,0,0, 192.168.1.111,0,0,0,0,0,0, 192.168.1.111,0.0.0.0,0,0,0,0,0,0,0,0,0,0,1526584273466,0.0,6252.241,0,0,0,0,0,0,0,0,0,0.0,0.0,-1
1.5000000000000002,2,1,895,93, 192.168.1.111,74.125.155.202,0,0,0,0,0, 192.168.1.111,23.206.171.40,0,0,0,0,0, 192.168.1.111,172.217.11.3,0,0,0,0,0, 192.168.1.111,172.217.10.14,QUIC,2,1,895,93, 192.168.1.111,172.217.6.238,0,0,0,0,0, 192.168.1.111,172.217.9.238,0,0,0,0,0, 192.168.1.111,172.217.11.14,0,0,0,0,0, 192.168.1.111,172.217.22.163,0,0,0,0,0, 192.168.1.111,172.217.11.10,0,0,0,0,0, 192.168.1.111,172.217.13.228,0,0,0,0,0, 192.168.1.111,104.237.191.1,0,0,0,0,0, 192.168.1.111,172.217.17.67,0,0,0,0,0, 192.168.1.111,172.217.19.195,0,0,0,0,0, 192.168.1.111,216.58.212.131,0,0,0,0,0, 192.168.1.111,216.58.211.99,0,0,0,0,0, 192.168.1.111,172.217.10.66,0,0,0,0,0, 192.168.1.111,172.217.135.39,0,0,0,0,0, 192.168.1.111,216.58.212.195,0,0,0,0,0, 192.168.1.111,172.217.11.13,0,0,0,0,0, 192.168.1.111,172.217.11.6,0,0,0,0,0, 192.168.1.111,173.194.7.55,0,0,0,0,0, 192.168.1.111,216.58.207.227,0,0,0,0,0, 192.168.1.111,172.217.11.19,0,0,0,0,0, 192.168.1.111,0,0,0,0,0,0, 192.168.1.111,0,0,0,0,0,0, 192.168.1.111,0.0.0.0,0,0,0,0,0,0,0,0,0,0,1526584273466,0.0,6252.241,0,0,0,0,0,0,0,0,0,0.0,0.0,-1
1.6000000000000003,0,1,0,72, 192.168.1.111,74.125.155.202,0,0,0,0,0, 192.168.1.111,23.206.171.40,0,0,0,0,0, 192.168.1.111,172.217.11.3,0,0,0,0,0, 192.168.1.111,172.217.10.14,QUIC,0,1,0,72, 192.168.1.111,172.217.6.238,0,0,0,0,0, 192.168.1.111,172.217.9.238,0,0,0,0,0, 192.168.1.111,172.217.11.14,0,0,0,0,0, 192.168.1.111,172.217.22.163,0,0,0,0,0, 192.168.1.111,172.217.11.10,0,0,0,0,0, 192.168.1.111,172.217.13.228,0,0,0,0,0, 192.168.1.111,104.237.191.1,0,0,0,0,0, 192.168.1.111,172.217.17.67,0,0,0,0,0, 192.168.1.111,172.217.19.195,0,0,0,0,0, 192.168.1.111,216.58.212.131,0,0,0,0,0, 192.168.1.111,216.58.211.99,0,0,0,0,0, 192.168.1.111,172.217.10.66,0,0,0,0,0, 192.168.1.111,172.217.135.39,0,0,0,0,0, 192.168.1.111,216.58.212.195,0,0,0,0,0, 192.168.1.111,172.217.11.13,0,0,0,0,0, 192.168.1.111,172.217.11.6,0,0,0,0,0, 192.168.1.111,173.194.7.55,0,0,0,0,0, 192.168.1.111,216.58.207.227,0,0,0,0,0, 192.168.1.111,172.217.11.19,0,0,0,0,0, 192.168.1.111,0,0,0,0,0,0, 192.168.1.111,0,0,0,0,0,0, 192.168.1.111,0.0.0.0,0,0,0,0,0,0,0,0,0,0,1526584273466,0.0,6252.241,0,0,0,0,0,0,0,0,0,0.0,0.0,-1
1.7000000000000004,2,3,522,329, 192.168.1.111,74.125.155.202,0,0,0,0,0, 192.168.1.111,23.206.171.40,0,0,0,0,0, 192.168.1.111,172.217.11.3,0,0,0,0,0, 192.168.1.111,172.217.10.14,QUIC,2,3,522,329, 192.168.1.111,172.217.6.238,0,0,0,0,0, 192.168.1.111,172.217.9.238,0,0,0,0,0, 192.168.1.111,172.217.11.14,0,0,0,0,0, 192.168.1.111,172.217.22.163,0,0,0,0,0, 192.168.1.111,172.217.11.10,0,0,0,0,0, 192.168.1.111,172.217.13.228,0,0,0,0,0, 192.168.1.111,104.237.191.1,0,0,0,0,0, 192.168.1.111,172.217.17.67,0,0,0,0,0, 192.168.1.111,172.217.19.195,0,0,0,0,0, 192.168.1.111,216.58.212.131,0,0,0,0,0, 192.168.1.111,216.58.211.99,0,0,0,0,0, 192.168.1.111,172.217.10.66,0,0,0,0,0, 192.168.1.111,172.217.135.39,0,0,0,0,0, 192.168.1.111,216.58.212.195,0,0,0,0,0, 192.168.1.111,172.217.11.13,0,0,0,0,0, 192.168.1.111,172.217.11.6,0,0,0,0,0, 192.168.1.111,173.194.7.55,0,0,0,0,0, 192.168.1.111,216.58.207.227,0,0,0,0,0, 192.168.1.111,172.217.11.19,0,0,0,0,0, 192.168.1.111,0,0,0,0,0,0, 192.168.1.111,0,0,0,0,0,0, 192.168.1.111,0.0.0.0,0,0,0,0,0,0,0,0,0,0,1526584273466,0.0,6252.241,0,0,0,0,0,0,0,0,0,0.0,0.0,-1
4.300000000000001,11,28,2717,33714, 192.168.1.111,74.125.155.202,QUIC,7,24,1163,33408, 192.168.1.111,23.206.171.40,0,0,0,0,0, 192.168.1.111,172.217.11.3,0,0,0,0,0, 192.168.1.111,172.217.10.14,QUIC,3,3,1209,234, 192.168.1.111,172.217.6.238,0,0,0,0,0, 192.168.1.111,172.217.9.238,0,0,0,0,0, 192.168.1.111,172.217.11.14,0,0,0,0,0, 192.168.1.111,172.217.22.163,0,0,0,0,0, 192.168.1.111,172.217.11.10,0,0,0,0,0, 192.168.1.111,172.217.13.228,0,0,0,0,0, 192.168.1.111,104.237.191.1,0,0,0,0,0, 192.168.1.111,172.217.17.67,0,0,0,0,0, 192.168.1.111,172.217.19.195,0,0,0,0,0, 192.168.1.111,216.58.212.131,0,0,0,0,0, 192.168.1.111,216.58.211.99,0,0,0,0,0, 192.168.1.111,172.217.10.66,QUIC,1,1,345,72, 192.168.1.111,172.217.135.39,0,0,0,0,0, 192.168.1.111,216.58.212.195,0,0,0,0,0, 192.168.1.111,172.217.11.13,0,0,0,0,0, 192.168.1.111,172.217.11.6,0,0,0,0,0, 192.168.1.111,173.194.7.55,0,0,0,0,0, 192.168.1.111,216.58.207.227,0,0,0,0,0, 192.168.1.111,172.217.11.19,0,0,0,0,0, 192.168.1.111,0,0,0,0,0,0, 192.168.1.111,0,0,0,0,0,0, 192.168.1.111,0.0.0.0,0,0,0,0,0,0,0,1,0,1526584277194,1526584273466,0.0312198970031738,6252.241,0,0,1,0,0,0,0,0,0,4.869780102996826,0.00078387893237,true
1799.5999999994588,0,0,0,0, 192.168.1.111,74.125.155.202,0,0,0,0,0, 192.168.1.111,23.206.171.40,0,0,0,0,0, 192.168.1.111,172.217.11.3,0,0,0,0,0, 192.168.1.111,172.217.10.14,0,0,0,0,0, 192.168.1.111,172.217.6.238,0,0,0,0,0, 192.168.1.111,172.217.9.238,0,0,0,0,0, 192.168.1.111,172.217.11.14,0,0,0,0,0, 192.168.1.111,172.217.22.163,0,0,0,0,0, 192.168.1.111,172.217.11.10,0,0,0,0,0, 192.168.1.111,172.217.13.228,0,0,0,0,0, 192.168.1.111,104.237.191.1,0,0,0,0,0, 192.168.1.111,172.217.17.67,0,0,0,0,0, 192.168.1.111,172.217.19.195,0,0,0,0,0, 192.168.1.111,216.58.212.131,0,0,0,0,0, 192.168.1.111,216.58.211.99,0,0,0,0,0, 192.168.1.111,172.217.10.66,0,0,0,0,0, 192.168.1.111,172.217.135.39,0,0,0,0,0, 192.168.1.111,216.58.212.195,0,0,0,0,0, 192.168.1.111,172.217.11.13,0,0,0,0,0, 192.168.1.111,172.217.11.6,0,0,0,0,0, 192.168.1.111,173.194.7.55,0,0,0,0,0, 192.168.1.111,216.58.207.227,0,0,0,0,0, 192.168.1.111,172.217.11.19,0,0,0,0,0, 192.168.1.111,0,0,0,0,0,0, 192.168.1.111,0,0,0,0,0,0, 192.168.1.111,0.0.0.0,0,0,0,0,0,0,0,0,0,0,1526584273466,0.0,6252.241,0,0,0,0,0,0,0,0,0,0.0,0.0,-1
1799.699999999459,0,0,0,0, 192.168.1.111,74.125.155.202,0,0,0,0,0, 192.168.1.111,23.206.171.40,0,0,0,0,0, 192.168.1.111,172.217.11.3,0,0,0,0,0, 192.168.1.111,172.217.10.14,0,0,0,0,0, 192.168.1.111,172.217.6.238,0,0,0,0,0, 192.168.1.111,172.217.9.238,0,0,0,0,0, 192.168.1.111,172.217.11.14,0,0,0,0,0, 192.168.1.111,172.217.22.163,0,0,0,0,0, 192.168.1.111,172.217.11.10,0,0,0,0,0, 192.168.1.111,172.217.13.228,0,0,0,0,0, 192.168.1.111,104.237.191.1,0,0,0,0,0, 192.168.1.111,172.217.17.67,0,0,0,0,0, 192.168.1.111,172.217.19.195,0,0,0,0,0, 192.168.1.111,216.58.212.131,0,0,0,0,0, 192.168.1.111,216.58.211.99,0,0,0,0,0, 192.168.1.111,172.217.10.66,0,0,0,0,0, 192.168.1.111,172.217.135.39,0,0,0,0,0, 192.168.1.111,216.58.212.195,0,0,0,0,0, 192.168.1.111,172.217.11.13,0,0,0,0,0, 192.168.1.111,172.217.11.6,0,0,0,0,0, 192.168.1.111,173.194.7.55,0,0,0,0,0, 192.168.1.111,216.58.207.227,0,0,0,0,0, 192.168.1.111,172.217.11.19,0,0,0,0,0, 192.168.1.111,0,0,0,0,0,0, 192.168.1.111,0,0,0,0,0,0, 192.168.1.111,0.0.0.0,0,0,0,0,0,0,0,0,0,0,1526584273466,0.0,6252.241,0,0,0,0,0,0,0,0,0,0.0,0.0,-1
1799.7999999994586,0,0,0,0, 192.168.1.111,74.125.155.202,0,0,0,0,0, 192.168.1.111,23.206.171.40,0,0,0,0,0, 192.168.1.111,172.217.11.3,0,0,0,0,0, 192.168.1.111,172.217.10.14,0,0,0,0,0, 192.168.1.111,172.217.6.238,0,0,0,0,0, 192.168.1.111,172.217.9.238,0,0,0,0,0, 192.168.1.111,172.217.11.14,0,0,0,0,0, 192.168.1.111,172.217.22.163,0,0,0,0,0, 192.168.1.111,172.217.11.10,0,0,0,0,0, 192.168.1.111,172.217.13.228,0,0,0,0,0, 192.168.1.111,104.237.191.1,0,0,0,0,0, 192.168.1.111,172.217.17.67,0,0,0,0,0, 192.168.1.111,172.217.19.195,0,0,0,0,0, 192.168.1.111,216.58.212.131,0,0,0,0,0, 192.168.1.111,216.58.211.99,0,0,0,0,0, 192.168.1.111,172.217.10.66,0,0,0,0,0, 192.168.1.111,172.217.135.39,0,0,0,0,0, 192.168.1.111,216.58.212.195,0,0,0,0,0, 192.168.1.111,172.217.11.13,0,0,0,0,0, 192.168.1.111,172.217.11.6,0,0,0,0,0, 192.168.1.111,173.194.7.55,0,0,0,0,0, 192.168.1.111,216.58.207.227,0,0,0,0,0, 192.168.1.111,172.217.11.19,0,0,0,0,0, 192.168.1.111,0,0,0,0,0,0, 192.168.1.111,0,0,0,0,0,0, 192.168.1.111,0.0.0.0,0,0,0,0,0,0,0,0,0,0,1526584273466,0.0,6252.241,0,0,0,0,0,0,0,0,0,0.0,0.0,-1
1799.8999999994585,0,0,0,0, 192.168.1.111,74.125.155.202,0,0,0,0,0, 192.168.1.111,23.206.171.40,0,0,0,0,0, 192.168.1.111,172.217.11.3,0,0,0,0,0, 192.168.1.111,172.217.10.14,0,0,0,0,0, 192.168.1.111,172.217.6.238,0,0,0,0,0, 192.168.1.111,172.217.9.238,0,0,0,0,0, 192.168.1.111,172.217.11.14,0,0,0,0,0, 192.168.1.111,172.217.22.163,0,0,0,0,0, 192.168.1.111,172.217.11.10,0,0,0,0,0, 192.168.1.111,172.217.13.228,0,0,0,0,0, 192.168.1.111,104.237.191.1,0,0,0,0,0, 192.168.1.111,172.217.17.67,0,0,0,0,0, 192.168.1.111,172.217.19.195,0,0,0,0,0, 192.168.1.111,216.58.212.131,0,0,0,0,0, 192.168.1.111,216.58.211.99,0,0,0,0,0, 192.168.1.111,172.217.10.66,0,0,0,0,0, 192.168.1.111,172.217.135.39,0,0,0,0,0, 192.168.1.111,216.58.212.195,0,0,0,0,0, 192.168.1.111,172.217.11.13,0,0,0,0,0, 192.168.1.111,172.217.11.6,0,0,0,0,0, 192.168.1.111,173.194.7.55,0,0,0,0,0, 192.168.1.111,216.58.207.227,0,0,0,0,0, 192.168.1.111,172.217.11.19,0,0,0,0,0, 192.168.1.111,0,0,0,0,0,0, 192.168.1.111,0,0,0,0,0,0, 192.168.1.111,0.0.0.0,0,0,0,0,0,0,0,0,0,0,1526584273466,0.0,6252.241,0,0,0,0,0,0,0,0,0,0.0,0.0,-1
1799.9999999994584,0,0,0,0, 192.168.1.111,74.125.155.202,0,0,0,0,0, 192.168.1.111,23.206.171.40,0,0,0,0,0, 192.168.1.111,172.217.11.3,0,0,0,0,0, 192.168.1.111,172.217.10.14,0,0,0,0,0, 192.168.1.111,172.217.6.238,0,0,0,0,0, 192.168.1.111,172.217.9.238,0,0,0,0,0, 192.168.1.111,172.217.11.14,0,0,0,0,0, 192.168.1.111,172.217.22.163,0,0,0,0,0, 192.168.1.111,172.217.11.10,0,0,0,0,0, 192.168.1.111,172.217.13.228,0,0,0,0,0, 192.168.1.111,104.237.191.1,0,0,0,0,0, 192.168.1.111,172.217.17.67,0,0,0,0,0, 192.168.1.111,172.217.19.195,0,0,0,0,0, 192.168.1.111,216.58.212.131,0,0,0,0,0, 192.168.1.111,216.58.211.99,0,0,0,0,0, 192.168.1.111,172.217.10.66,0,0,0,0,0, 192.168.1.111,172.217.135.39,0,0,0,0,0, 192.168.1.111,216.58.212.195,0,0,0,0,0, 192.168.1.111,172.217.11.13,0,0,0,0,0, 192.168.1.111,172.217.11.6,0,0,0,0,0, 192.168.1.111,173.194.7.55,0,0,0,0,0, 192.168.1.111,216.58.207.227,0,0,0,0,0, 192.168.1.111,172.217.11.19,0,0,0,0,0, 192.168.1.111,0,0,0,0,0,0, 192.168.1.111,0,0,0,0,0,0, 192.168.1.111,0.0.0.0,0,0,0,0,0,0,0,0,0,0,1526584273466,0.0,6252.241,0,0,0,0,0,0,0,0,0,0.0,0.0,-1
1800.0999999994583,0,0,0,0, 192.168.1.111,74.125.155.202,0,0,0,0,0, 192.168.1.111,23.206.171.40,0,0,0,0,0, 192.168.1.111,172.217.11.3,0,0,0,0,0, 192.168.1.111,172.217.10.14,0,0,0,0,0, 192.168.1.111,172.217.6.238,0,0,0,0,0, 192.168.1.111,172.217.9.238,0,0,0,0,0, 192.168.1.111,172.217.11.14,0,0,0,0,0, 192.168.1.111,172.217.22.163,0,0,0,0,0, 192.168.1.111,172.217.11.10,0,0,0,0,0, 192.168.1.111,172.217.13.228,0,0,0,0,0, 192.168.1.111,104.237.191.1,0,0,0,0,0, 192.168.1.111,172.217.17.67,0,0,0,0,0, 192.168.1.111,172.217.19.195,0,0,0,0,0, 192.168.1.111,216.58.212.131,0,0,0,0,0, 192.168.1.111,216.58.211.99,0,0,0,0,0, 192.168.1.111,172.217.10.66,0,0,0,0,0, 192.168.1.111,172.217.135.39,0,0,0,0,0, 192.168.1.111,216.58.212.195,0,0,0,0,0, 192.168.1.111,172.217.11.13,0,0,0,0,0, 192.168.1.111,172.217.11.6,0,0,0,0,0, 192.168.1.111,173.194.7.55,0,0,0,0,0, 192.168.1.111,216.58.207.227,0,0,0,0,0, 192.168.1.111,172.217.11.19,0,0,0,0,0, 192.168.1.111,0,0,0,0,0,0, 192.168.1.111,0,0,0,0,0,0, 192.168.1.111,0.0.0.0,0,0,0,0,0,0,0,0,0,0,1526584273466,0.0,6252.241,0,0,0,0,0,0,0,0,0,0.0,0.0,-1
1800.1999999994582,0,0,0,0, 192.168.1.111,74.125.155.202,0,0,0,0,0, 192.168.1.111,23.206.171.40,0,0,0,0,0, 192.168.1.111,172.217.11.3,0,0,0,0,0, 192.168.1.111,172.217.10.14,0,0,0,0,0, 192.168.1.111,172.217.6.238,0,0,0,0,0, 192.168.1.111,172.217.9.238,0,0,0,0,0, 192.168.1.111,172.217.11.14,0,0,0,0,0, 192.168.1.111,172.217.22.163,0,0,0,0,0, 192.168.1.111,172.217.11.10,0,0,0,0,0, 192.168.1.111,172.217.13.228,0,0,0,0,0, 192.168.1.111,104.237.191.1,0,0,0,0,0, 192.168.1.111,172.217.17.67,0,0,0,0,0, 192.168.1.111,172.217.19.195,0,0,0,0,0, 192.168.1.111,216.58.212.131,0,0,0,0,0, 192.168.1.111,216.58.211.99,0,0,0,0,0, 192.168.1.111,172.217.10.66,0,0,0,0,0, 192.168.1.111,172.217.135.39,0,0,0,0,0, 192.168.1.111,216.58.212.195,0,0,0,0,0, 192.168.1.111,172.217.11.13,0,0,0,0,0, 192.168.1.111,172.217.11.6,0,0,0,0,0, 192.168.1.111,173.194.7.55,0,0,0,0,0, 192.168.1.111,216.58.207.227,0,0,0,0,0, 192.168.1.111,172.217.11.19,0,0,0,0,0, 192.168.1.111,0,0,0,0,0,0, 192.168.1.111,0,0,0,0,0,0, 192.168.1.111,0.0.0.0,0,0,0,0,0,0,0,0,0,0,1526584273466,0.0,6252.241,0,0,0,0,0,0,0,0,0,0.0,0.0,-1
1800.299999999458,0,0,0,0, 192.168.1.111,74.125.155.202,0,0,0,0,0, 192.168.1.111,23.206.171.40,0,0,0,0,0, 192.168.1.111,172.217.11.3,0,0,0,0,0, 192.168.1.111,172.217.10.14,0,0,0,0,0, 192.168.1.111,172.217.6.238,0,0,0,0,0, 192.168.1.111,172.217.9.238,0,0,0,0,0, 192.168.1.111,172.217.11.14,0,0,0,0,0, 192.168.1.111,172.217.22.163,0,0,0,0,0, 192.168.1.111,172.217.11.10,0,0,0,0,0, 192.168.1.111,172.217.13.228,0,0,0,0,0, 192.168.1.111,104.237.191.1,0,0,0,0,0, 192.168.1.111,172.217.17.67,0,0,0,0,0, 192.168.1.111,172.217.19.195,0,0,0,0,0, 192.168.1.111,216.58.212.131,0,0,0,0,0, 192.168.1.111,216.58.211.99,0,0,0,0,0, 192.168.1.111,172.217.10.66,0,0,0,0,0, 192.168.1.111,172.217.135.39,0,0,0,0,0, 192.168.1.111,216.58.212.195,0,0,0,0,0, 192.168.1.111,172.217.11.13,0,0,0,0,0, 192.168.1.111,172.217.11.6,0,0,0,0,0, 192.168.1.111,173.194.7.55,0,0,0,0,0, 192.168.1.111,216.58.207.227,0,0,0,0,0, 192.168.1.111,172.217.11.19,0,0,0,0,0, 192.168.1.111,0,0,0,0,0,0, 192.168.1.111,0,0,0,0,0,0, 192.168.1.111,0.0.0.0,0,0,0,0,0,0,0,0,0,0,1526584273466,0.0,6252.241,0,0,0,0,0,0,0,0,0,0.0,0.0,-1
1800.399999999458,0,0,0,0, 192.168.1.111,74.125.155.202,0,0,0,0,0, 192.168.1.111,23.206.171.40,0,0,0,0,0, 192.168.1.111,172.217.11.3,0,0,0,0,0, 192.168.1.111,172.217.10.14,0,0,0,0,0, 192.168.1.111,172.217.6.238,0,0,0,0,0, 192.168.1.111,172.217.9.238,0,0,0,0,0, 192.168.1.111,172.217.11.14,0,0,0,0,0, 192.168.1.111,172.217.22.163,0,0,0,0,0, 192.168.1.111,172.217.11.10,0,0,0,0,0, 192.168.1.111,172.217.13.228,0,0,0,0,0, 192.168.1.111,104.237.191.1,0,0,0,0,0, 192.168.1.111,172.217.17.67,0,0,0,0,0, 192.168.1.111,172.217.19.195,0,0,0,0,0, 192.168.1.111,216.58.212.131,0,0,0,0,0, 192.168.1.111,216.58.211.99,0,0,0,0,0, 192.168.1.111,172.217.10.66,0,0,0,0,0, 192.168.1.111,172.217.135.39,0,0,0,0,0, 192.168.1.111,216.58.212.195,0,0,0,0,0, 192.168.1.111,172.217.11.13,0,0,0,0,0, 192.168.1.111,172.217.11.6,0,0,0,0,0, 192.168.1.111,173.194.7.55,0,0,0,0,0, 192.168.1.111,216.58.207.227,0,0,0,0,0, 192.168.1.111,172.217.11.19,0,0,0,0,0, 192.168.1.111,0,0,0,0,0,0, 192.168.1.111,0,0,0,0,0,0, 192.168.1.111,0.0.0.0,0,0,0,0,0,0,0,0,0,0,1526584273466,0.0,6252.241,0,0,0,0,0,0,0,0,0,0.0,0.0,-1
1800.499999999458,0,0,0,0, 192.168.1.111,74.125.155.202,0,0,0,0,0, 192.168.1.111,23.206.171.40,0,0,0,0,0, 192.168.1.111,172.217.11.3,0,0,0,0,0, 192.168.1.111,172.217.10.14,0,0,0,0,0, 192.168.1.111,172.217.6.238,0,0,0,0,0, 192.168.1.111,172.217.9.238,0,0,0,0,0, 192.168.1.111,172.217.11.14,0,0,0,0,0, 192.168.1.111,172.217.22.163,0,0,0,0,0, 192.168.1.111,172.217.11.10,0,0,0,0,0, 192.168.1.111,172.217.13.228,0,0,0,0,0, 192.168.1.111,104.237.191.1,0,0,0,0,0, 192.168.1.111,172.217.17.67,0,0,0,0,0, 192.168.1.111,172.217.19.195,0,0,0,0,0, 192.168.1.111,216.58.212.131,0,0,0,0,0, 192.168.1.111,216.58.211.99,0,0,0,0,0, 192.168.1.111,172.217.10.66,0,0,0,0,0, 192.168.1.111,172.217.135.39,0,0,0,0,0, 192.168.1.111,216.58.212.195,0,0,0,0,0, 192.168.1.111,172.217.11.13,0,0,0,0,0, 192.168.1.111,172.217.11.6,0,0,0,0,0, 192.168.1.111,173.194.7.55,0,0,0,0,0, 192.168.1.111,216.58.207.227,0,0,0,0,0, 192.168.1.111,172.217.11.19,0,0,0,0,0, 192.168.1.111,0,0,0,0,0,0, 192.168.1.111,0,0,0,0,0,0, 192.168.1.111,0.0.0.0,0,0,0,0,0,0,0,0,0,0,1526584273466,0.0,6252.241,0,0,0,0,0,0,0,0,0,0.0,0.0,-1
1800.599999999458,0,0,0,0, 192.168.1.111,74.125.155.202,0,0,0,0,0, 192.168.1.111,23.206.171.40,0,0,0,0,0, 192.168.1.111,172.217.11.3,0,0,0,0,0, 192.168.1.111,172.217.10.14,0,0,0,0,0, 192.168.1.111,172.217.6.238,0,0,0,0,0, 192.168.1.111,172.217.9.238,0,0,0,0,0, 192.168.1.111,172.217.11.14,0,0,0,0,0, 192.168.1.111,172.217.22.163,0,0,0,0,0, 192.168.1.111,172.217.11.10,0,0,0,0,0, 192.168.1.111,172.217.13.228,0,0,0,0,0, 192.168.1.111,104.237.191.1,0,0,0,0,0, 192.168.1.111,172.217.17.67,0,0,0,0,0, 192.168.1.111,172.217.19.195,0,0,0,0,0, 192.168.1.111,216.58.212.131,0,0,0,0,0, 192.168.1.111,216.58.211.99,0,0,0,0,0, 192.168.1.111,172.217.10.66,0,0,0,0,0, 192.168.1.111,172.217.135.39,0,0,0,0,0, 192.168.1.111,216.58.212.195,0,0,0,0,0, 192.168.1.111,172.217.11.13,0,0,0,0,0, 192.168.1.111,172.217.11.6,0,0,0,0,0, 192.168.1.111,173.194.7.55,0,0,0,0,0, 192.168.1.111,216.58.207.227,0,0,0,0,0, 192.168.1.111,172.217.11.19,0,0,0,0,0, 192.168.1.111,0,0,0,0,0,0, 192.168.1.111,0,0,0,0,0,0, 192.168.1.111,0.0.0.0,0,0,0,0,0,0,0,0,0,0,1526584273466,0.0,6252.241,0,0,0,0,0,0,0,0,0,0.0,0.0,-1
1800.6999999994578,0,0,0,0, 192.168.1.111,74.125.155.202,0,0,0,0,0, 192.168.1.111,23.206.171.40,0,0,0,0,0, 192.168.1.111,172.217.11.3,0,0,0,0,0, 192.168.1.111,172.217.10.14,0,0,0,0,0, 192.168.1.111,172.217.6.238,0,0,0,0,0, 192.168.1.111,172.217.9.238,0,0,0,0,0, 192.168.1.111,172.217.11.14,0,0,0,0,0, 192.168.1.111,172.217.22.163,0,0,0,0,0, 192.168.1.111,172.217.11.10,0,0,0,0,0, 192.168.1.111,172.217.13.228,0,0,0,0,0, 192.168.1.111,104.237.191.1,0,0,0,0,0, 192.168.1.111,172.217.17.67,0,0,0,0,0, 192.168.1.111,172.217.19.195,0,0,0,0,0, 192.168.1.111,216.58.212.131,0,0,0,0,0, 192.168.1.111,216.58.211.99,0,0,0,0,0, 192.168.1.111,172.217.10.66,0,0,0,0,0, 192.168.1.111,172.217.135.39,0,0,0,0,0, 192.168.1.111,216.58.212.195,0,0,0,0,0, 192.168.1.111,172.217.11.13,0,0,0,0,0, 192.168.1.111,172.217.11.6,0,0,0,0,0, 192.168.1.111,173.194.7.55,0,0,0,0,0, 192.168.1.111,216.58.207.227,0,0,0,0,0, 192.168.1.111,172.217.11.19,0,0,0,0,0, 192.168.1.111,0,0,0,0,0,0, 192.168.1.111,0,0,0,0,0,0, 192.168.1.111,0.0.0.0,0,0,0,0,0,0,0,0,0,0,1526584273466,0.0,6252.241,0,0,0,0,0,0,0,0,0,0.0,0.0,-1
1800.7999999994577,0,0,0,0, 192.168.1.111,74.125.155.202,0,0,0,0,0, 192.168.1.111,23.206.171.40,0,0,0,0,0, 192.168.1.111,172.217.11.3,0,0,0,0,0, 192.168.1.111,172.217.10.14,0,0,0,0,0, 192.168.1.111,172.217.6.238,0,0,0,0,0, 192.168.1.111,172.217.9.238,0,0,0,0,0, 192.168.1.111,172.217.11.14,0,0,0,0,0, 192.168.1.111,172.217.22.163,0,0,0,0,0, 192.168.1.111,172.217.11.10,0,0,0,0,0, 192.168.1.111,172.217.13.228,0,0,0,0,0, 192.168.1.111,104.237.191.1,0,0,0,0,0, 192.168.1.111,172.217.17.67,0,0,0,0,0, 192.168.1.111,172.217.19.195,0,0,0,0,0, 192.168.1.111,216.58.212.131,0,0,0,0,0, 192.168.1.111,216.58.211.99,0,0,0,0,0, 192.168.1.111,172.217.10.66,0,0,0,0,0, 192.168.1.111,172.217.135.39,0,0,0,0,0, 192.168.1.111,216.58.212.195,0,0,0,0,0, 192.168.1.111,172.217.11.13,0,0,0,0,0, 192.168.1.111,172.217.11.6,0,0,0,0,0, 192.168.1.111,173.194.7.55,0,0,0,0,0, 192.168.1.111,216.58.207.227,0,0,0,0,0, 192.168.1.111,172.217.11.19,0,0,0,0,0, 192.168.1.111,0,0,0,0,0,0, 192.168.1.111,0,0,0,0,0,0, 192.168.1.111,0.0.0.0,0,0,0,0,0,0,0,0,0,0,1526584273466,0.0,6252.241,0,0,0,0,0,0,0,0,0,0.0,0.0,-1
1800.8999999994576,0,0,0,0, 192.168.1.111,74.125.155.202,0,0,0,0,0, 192.168.1.111,23.206.171.40,0,0,0,0,0, 192.168.1.111,172.217.11.3,0,0,0,0,0, 192.168.1.111,172.217.10.14,0,0,0,0,0, 192.168.1.111,172.217.6.238,0,0,0,0,0, 192.168.1.111,172.217.9.238,0,0,0,0,0, 192.168.1.111,172.217.11.14,0,0,0,0,0, 192.168.1.111,172.217.22.163,0,0,0,0,0, 192.168.1.111,172.217.11.10,0,0,0,0,0, 192.168.1.111,172.217.13.228,0,0,0,0,0, 192.168.1.111,104.237.191.1,0,0,0,0,0, 192.168.1.111,172.217.17.67,0,0,0,0,0, 192.168.1.111,172.217.19.195,0,0,0,0,0, 192.168.1.111,216.58.212.131,0,0,0,0,0, 192.168.1.111,216.58.211.99,0,0,0,0,0, 192.168.1.111,172.217.10.66,0,0,0,0,0, 192.168.1.111,172.217.135.39,0,0,0,0,0, 192.168.1.111,216.58.212.195,0,0,0,0,0, 192.168.1.111,172.217.11.13,0,0,0,0,0, 192.168.1.111,172.217.11.6,0,0,0,0,0, 192.168.1.111,173.194.7.55,0,0,0,0,0, 192.168.1.111,216.58.207.227,0,0,0,0,0, 192.168.1.111,172.217.11.19,0,0,0,0,0, 192.168.1.111,0,0,0,0,0,0, 192.168.1.111,0,0,0,0,0,0, 192.168.1.111,0.0.0.0,0,0,0,0,0,0,0,0,0,0,1526584273466,0.0,6252.241,0,0,0,0,0,0,0,0,0,0.0,0.0,-1
0.0,0,1,0,1392, 192.168.1.111,172.217.135.41,0,0,0,0,0, 192.168.1.111,74.125.159.58,0,0,0,0,0, 192.168.1.111,172.217.11.35,QUIC,0,1,0,1392, 192.168.1.111,172.217.11.3,0,0,0,0,0, 192.168.1.111,172.217.10.110,0,0,0,0,0, 192.168.1.111,172.217.11.14,0,0,0,0,0, 192.168.1.111,172.217.12.206,0,0,0,0,0, 192.168.1.111,216.58.211.99,0,0,0,0,0, 192.168.1.111,172.217.20.99,0,0,0,0,0, 192.168.1.111,216.58.207.227,0,0,0,0,0, 192.168.1.111,172.217.3.110,0,0,0,0,0, 192.168.1.111,172.217.6.227,0,0,0,0,0, 192.168.1.111,172.217.11.46,0,0,0,0,0, 192.168.1.111,74.125.5.49,0,0,0,0,0, 192.168.1.111,172.217.13.228,0,0,0,0,0, 192.168.1.111,172.217.10.34,0,0,0,0,0, 192.168.1.111,172.217.11.38,0,0,0,0,0, 192.168.1.111,172.217.17.35,0,0,0,0,0, 192.168.1.111,172.217.6.234,0,0,0,0,0, 192.168.1.111,172.217.17.67,0,0,0,0,0, 192.168.1.111,172.217.11.10,0,0,0,0,0, 192.168.1.111,172.217.11.51,0,0,0,0,0, 192.168.1.111,172.217.11.45,0,0,0,0,0, 192.168.1.111,0,0,0,0,0,0, 192.168.1.111,0,0,0,0,0,0, 192.168.1.111,0.0.0.0,0,0,0,0,0,0,0,0,0,0,1526492777965,0.0,6252.241,0,0,0,0,0,0,0,0,0,0.0,0.0,-1
0.1,5,4,3025,2940, 192.168.1.111,172.217.135.41,0,0,0,0,0, 192.168.1.111,74.125.159.58,0,0,0,0,0, 192.168.1.111,172.217.11.35,QUIC,5,4,3025,2940, 192.168.1.111,172.217.11.3,0,0,0,0,0, 192.168.1.111,172.217.10.110,0,0,0,0,0, 192.168.1.111,172.217.11.14,0,0,0,0,0, 192.168.1.111,172.217.12.206,0,0,0,0,0, 192.168.1.111,216.58.211.99,0,0,0,0,0, 192.168.1.111,172.217.20.99,0,0,0,0,0, 192.168.1.111,216.58.207.227,0,0,0,0,0, 192.168.1.111,172.217.3.110,0,0,0,0,0, 192.168.1.111,172.217.6.227,0,0,0,0,0, 192.168.1.111,172.217.11.46,0,0,0,0,0, 192.168.1.111,74.125.5.49,0,0,0,0,0, 192.168.1.111,172.217.13.228,0,0,0,0,0, 192.168.1.111,172.217.10.34,0,0,0,0,0, 192.168.1.111,172.217.11.38,0,0,0,0,0, 192.168.1.111,172.217.17.35,0,0,0,0,0, 192.168.1.111,172.217.6.234,0,0,0,0,0, 192.168.1.111,172.217.17.67,0,0,0,0,0, 192.168.1.111,172.217.11.10,0,0,0,0,0, 192.168.1.111,172.217.11.51,0,0,0,0,0, 192.168.1.111,172.217.11.45,0,0,0,0,0, 192.168.1.111,0,0,0,0,0,0, 192.168.1.111,0,0,0,0,0,0, 192.168.1.111,0.0.0.0,0,0,0,0,0,0,0,0,0,0,1526492777965,0.0,6252.241,0,0,0,0,0,0,0,0,0,0.0,0.0,-1
0.2,2,1,294,72, 192.168.1.111,172.217.135.41,0,0,0,0,0, 192.168.1.111,74.125.159.58,0,0,0,0,0, 192.168.1.111,172.217.11.35,QUIC,1,1,77,72, 192.168.1.111,172.217.11.3,0,0,0,0,0, 192.168.1.111,172.217.10.110,0,0,0,0,0, 192.168.1.111,172.217.11.14,0,0,0,0,0, 192.168.1.111,172.217.12.206,0,0,0,0,0, 192.168.1.111,216.58.211.99,0,0,0,0,0, 192.168.1.111,172.217.20.99,0,0,0,0,0, 192.168.1.111,216.58.207.227,0,0,0,0,0, 192.168.1.111,172.217.3.110,0,0,0,0,0, 192.168.1.111,172.217.6.227,0,0,0,0,0, 192.168.1.111,172.217.11.46,0,0,0,0,0, 192.168.1.111,74.125.5.49,0,0,0,0,0, 192.168.1.111,172.217.13.228,0,0,0,0,0, 192.168.1.111,172.217.10.34,0,0,0,0,0, 192.168.1.111,172.217.11.38,0,0,0,0,0, 192.168.1.111,172.217.17.35,0,0,0,0,0, 192.168.1.111,172.217.6.234,0,0,0,0,0, 192.168.1.111,172.217.17.67,0,0,0,0,0, 192.168.1.111,172.217.11.10,0,0,0,0,0, 192.168.1.111,172.217.11.51,0,0,0,0,0, 192.168.1.111,172.217.11.45,0,0,0,0,0, 192.168.1.111,0,0,0,0,0,0, 192.168.1.111,0,0,0,0,0,0, 192.168.1.111,0.0.0.0,0,1,0,217,0,0,0,0,0,0,1526492777965,0.0,6252.241,0,0,0,0,0,0,0,0,0,0.0,0.0,-1
0.3,8,2,8683,217, 192.168.1.111,172.217.135.41,0,0,0,0,0, 192.168.1.111,74.125.159.58,0,0,0,0,0, 192.168.1.111,172.217.11.35,0,0,0,0,0, 192.168.1.111,172.217.11.3,0,0,0,0,0, 192.168.1.111,172.217.10.110,QUIC,1,0,239,0, 192.168.1.111,172.217.11.14,0,0,0,0,0, 192.168.1.111,172.217.12.206,0,0,0,0,0, 192.168.1.111,216.58.211.99,0,0,0,0,0, 192.168.1.111,172.217.20.99,0,0,0,0,0, 192.168.1.111,216.58.207.227,0,0,0,0,0, 192.168.1.111,172.217.3.110,0,0,0,0,0, 192.168.1.111,172.217.6.227,0,0,0,0,0, 192.168.1.111,172.217.11.46,0,0,0,0,0, 192.168.1.111,74.125.5.49,0,0,0,0,0, 192.168.1.111,172.217.13.228,QUIC,2,0,2784,0, 192.168.1.111,172.217.10.34,QUIC,2,1,2784,80, 192.168.1.111,172.217.11.38,QUIC,2,0,2784,0, 192.168.1.111,172.217.17.35,0,0,0,0,0, 192.168.1.111,172.217.6.234,0,0,0,0,0, 192.168.1.111,172.217.17.67,0,0,0,0,0, 192.168.1.111,172.217.11.10,0,0,0,0,0, 192.168.1.111,172.217.11.51,0,0,0,0,0, 192.168.1.111,172.217.11.45,0,0,0,0,0, 192.168.1.111,0,0,0,0,0,0, 192.168.1.111,0,0,0,0,0,0, 192.168.1.111,0.0.0.0,0,1,1,92,137,0,0,0,0,0,1526492777965,0.0,6252.241,0,0,0,0,0,0,0,0,0,0.0,0.0,-1
0.4,19,30,5471,29282, 192.168.1.111,172.217.135.41,0,0,0,0,0, 192.168.1.111,74.125.159.58,0,0,0,0,0, 192.168.1.111,172.217.11.35,0,0,0,0,0, 192.168.1.111,172.217.11.3,0,0,0,0,0, 192.168.1.111,172.217.10.110,QUIC,7,15,563,16303, 192.168.1.111,172.217.11.14,0,0,0,0,0, 192.168.1.111,172.217.12.206,0,0,0,0,0, 192.168.1.111,216.58.211.99,0,0,0,0,0, 192.168.1.111,172.217.20.99,0,0,0,0,0, 192.168.1.111,216.58.207.227,0,0,0,0,0, 192.168.1.111,172.217.3.110,0,0,0,0,0, 192.168.1.111,172.217.6.227,0,0,0,0,0, 192.168.1.111,172.217.11.46,0,0,0,0,0, 192.168.1.111,74.125.5.49,0,0,0,0,0, 192.168.1.111,172.217.13.228,QUIC,4,5,1636,4329, 192.168.1.111,172.217.10.34,QUIC,4,5,1636,4321, 192.168.1.111,172.217.11.38,QUIC,4,5,1636,4329, 192.168.1.111,172.217.17.35,0,0,0,0,0, 192.168.1.111,172.217.6.234,0,0,0,0,0, 192.168.1.111,172.217.17.67,0,0,0,0,0, 192.168.1.111,172.217.11.10,0,0,0,0,0, 192.168.1.111,172.217.11.51,0,0,0,0,0, 192.168.1.111,172.217.11.45,0,0,0,0,0, 192.168.1.111,0,0,0,0,0,0, 192.168.1.111,0,0,0,0,0,0, 192.168.1.111,0.0.0.0,0,0,0,0,0,0,0,0,0,0,1526492777965,0.0,6252.241,0,0,0,0,0,0,0,0,0,0.0,0.0,-1
0.5,0,2,0,144, 192.168.1.111,172.217.135.41,0,0,0,0,0, 192.168.1.111,74.125.159.58,0,0,0,0,0, 192.168.1.111,172.217.11.35,0,0,0,0,0, 192.168.1.111,172.217.11.3,0,0,0,0,0, 192.168.1.111,172.217.10.110,0,0,0,0,0, 192.168.1.111,172.217.11.14,0,0,0,0,0, 192.168.1.111,172.217.12.206,0,0,0,0,0, 192.168.1.111,216.58.211.99,0,0,0,0,0, 192.168.1.111,172.217.20.99,0,0,0,0,0, 192.168.1.111,216.58.207.227,0,0,0,0,0, 192.168.1.111,172.217.3.110,0,0,0,0,0, 192.168.1.111,172.217.6.227,0,0,0,0,0, 192.168.1.111,172.217.11.46,0,0,0,0,0, 192.168.1.111,74.125.5.49,0,0,0,0,0, 192.168.1.111,172.217.13.228,QUIC,0,1,0,72, 192.168.1.111,172.217.10.34,0,0,0,0,0, 192.168.1.111,172.217.11.38,QUIC,0,1,0,72, 192.168.1.111,172.217.17.35,0,0,0,0,0, 192.168.1.111,172.217.6.234,0,0,0,0,0, 192.168.1.111,172.217.17.67,0,0,0,0,0, 192.168.1.111,172.217.11.10,0,0,0,0,0, 192.168.1.111,172.217.11.51,0,0,0,0,0, 192.168.1.111,172.217.11.45,0,0,0,0,0, 192.168.1.111,0,0,0,0,0,0, 192.168.1.111,0,0,0,0,0,0, 192.168.1.111,0.0.0.0,0,0,0,0,0,0,0,0,0,0,1526492777965,0.0,6252.241,0,0,0,0,0,0,0,0,0,0.0,0.0,-1
0.6,0,0,0,0, 192.168.1.111,172.217.135.41,0,0,0,0,0, 192.168.1.111,74.125.159.58,0,0,0,0,0, 192.168.1.111,172.217.11.35,0,0,0,0,0, 192.168.1.111,172.217.11.3,0,0,0,0,0, 192.168.1.111,172.217.10.110,0,0,0,0,0, 192.168.1.111,172.217.11.14,0,0,0,0,0, 192.168.1.111,172.217.12.206,0,0,0,0,0, 192.168.1.111,216.58.211.99,0,0,0,0,0, 192.168.1.111,172.217.20.99,0,0,0,0,0, 192.168.1.111,216.58.207.227,0,0,0,0,0, 192.168.1.111,172.217.3.110,0,0,0,0,0, 192.168.1.111,172.217.6.227,0,0,0,0,0, 192.168.1.111,172.217.11.46,0,0,0,0,0, 192.168.1.111,74.125.5.49,0,0,0,0,0, 192.168.1.111,172.217.13.228,0,0,0,0,0, 192.168.1.111,172.217.10.34,0,0,0,0,0, 192.168.1.111,172.217.11.38,0,0,0,0,0, 192.168.1.111,172.217.17.35,0,0,0,0,0, 192.168.1.111,172.217.6.234,0,0,0,0,0, 192.168.1.111,172.217.17.67,0,0,0,0,0, 192.168.1.111,172.217.11.10,0,0,0,0,0, 192.168.1.111,172.217.11.51,0,0,0,0,0, 192.168.1.111,172.217.11.45,0,0,0,0,0, 192.168.1.111,0,0,0,0,0,0, 192.168.1.111,0,0,0,0,0,0, 192.168.1.111,0.0.0.0,0,0,0,0,0,0,0,0,0,0,1526492777965,0.0,6252.241,0,0,0,0,0,0,0,0,0,0.0,0.0,-1
0.7,0,0,0,0, 192.168.1.111,172.217.135.41,0,0,0,0,0, 192.168.1.111,74.125.159.58,0,0,0,0,0, 192.168.1.111,172.217.11.35,0,0,0,0,0, 192.168.1.111,172.217.11.3,0,0,0,0,0, 192.168.1.111,172.217.10.110,0,0,0,0,0, 192.168.1.111,172.217.11.14,0,0,0,0,0, 192.168.1.111,172.217.12.206,0,0,0,0,0, 192.168.1.111,216.58.211.99,0,0,0,0,0, 192.168.1.111,172.217.20.99,0,0,0,0,0, 192.168.1.111,216.58.207.227,0,0,0,0,0, 192.168.1.111,172.217.3.110,0,0,0,0,0, 192.168.1.111,172.217.6.227,0,0,0,0,0, 192.168.1.111,172.217.11.46,0,0,0,0,0, 192.168.1.111,74.125.5.49,0,0,0,0,0, 192.168.1.111,172.217.13.228,0,0,0,0,0, 192.168.1.111,172.217.10.34,0,0,0,0,0, 192.168.1.111,172.217.11.38,0,0,0,0,0, 192.168.1.111,172.217.17.35,0,0,0,0,0, 192.168.1.111,172.217.6.234,0,0,0,0,0, 192.168.1.111,172.217.17.67,0,0,0,0,0, 192.168.1.111,172.217.11.10,0,0,0,0,0, 192.168.1.111,172.217.11.51,0,0,0,0,0, 192.168.1.111,172.217.11.45,0,0,0,0,0, 192.168.1.111,0,0,0,0,0,0, 192.168.1.111,0,0,0,0,0,0, 192.168.1.111,0.0.0.0,0,0,0,0,0,0,0,0,0,0,1526492777965,0.0,6252.241,0,0,0,0,0,0,0,0,0,0.0,0.0,-1
0.7999999999999999,3,1,1170,243, 192.168.1.111,172.217.135.41,0,0,0,0,0, 192.168.1.111,74.125.159.58,0,0,0,0,0, 192.168.1.111,172.217.11.35,0,0,0,0,0, 192.168.1.111,172.217.11.3,0,0,0,0,0, 192.168.1.111,172.217.10.110,0,0,0,0,0, 192.168.1.111,172.217.11.14,0,0,0,0,0, 192.168.1.111,172.217.12.206,0,0,0,0,0, 192.168.1.111,216.58.211.99,0,0,0,0,0, 192.168.1.111,172.217.20.99,0,0,0,0,0, 192.168.1.111,216.58.207.227,0,0,0,0,0, 192.168.1.111,172.217.3.110,0,0,0,0,0, 192.168.1.111,172.217.6.227,0,0,0,0,0, 192.168.1.111,172.217.11.46,0,0,0,0,0, 192.168.1.111,74.125.5.49,0,0,0,0,0, 192.168.1.111,172.217.13.228,0,0,0,0,0, 192.168.1.111,172.217.10.34,QUIC,1,0,543,0, 192.168.1.111,172.217.11.38,QUIC,2,1,627,243, 192.168.1.111,172.217.17.35,0,0,0,0,0, 192.168.1.111,172.217.6.234,0,0,0,0,0, 192.168.1.111,172.217.17.67,0,0,0,0,0, 192.168.1.111,172.217.11.10,0,0,0,0,0, 192.168.1.111,172.217.11.51,0,0,0,0,0, 192.168.1.111,172.217.11.45,0,0,0,0,0, 192.168.1.111,0,0,0,0,0,0, 192.168.1.111,0,0,0,0,0,0, 192.168.1.111,0.0.0.0,0,0,0,0,0,0,0,0,0,0,1526492777965,0.0,6252.241,0,0,0,0,0,0,0,0,0,0.0,0.0,-1
0.8999999999999999,2,1,627,1041, 192.168.1.111,172.217.135.41,0,0,0,0,0, 192.168.1.111,74.125.159.58,0,0,0,0,0, 192.168.1.111,172.217.11.35,0,0,0,0,0, 192.168.1.111,172.217.11.3,0,0,0,0,0, 192.168.1.111,172.217.10.110,0,0,0,0,0, 192.168.1.111,172.217.11.14,0,0,0,0,0, 192.168.1.111,172.217.12.206,0,0,0,0,0, 192.168.1.111,216.58.211.99,0,0,0,0,0, 192.168.1.111,172.217.20.99,0,0,0,0,0, 192.168.1.111,216.58.207.227,0,0,0,0,0, 192.168.1.111,172.217.3.110,0,0,0,0,0, 192.168.1.111,172.217.6.227,0,0,0,0,0, 192.168.1.111,172.217.11.46,0,0,0,0,0, 192.168.1.111,74.125.5.49,0,0,0,0,0, 192.168.1.111,172.217.13.228,0,0,0,0,0, 192.168.1.111,172.217.10.34,QUIC,1,1,80,1041, 192.168.1.111,172.217.11.38,QUIC,1,0,547,0, 192.168.1.111,172.217.17.35,0,0,0,0,0, 192.168.1.111,172.217.6.234,0,0,0,0,0, 192.168.1.111,172.217.17.67,0,0,0,0,0, 192.168.1.111,172.217.11.10,0,0,0,0,0, 192.168.1.111,172.217.11.51,0,0,0,0,0, 192.168.1.111,172.217.11.45,0,0,0,0,0, 192.168.1.111,0,0,0,0,0,0, 192.168.1.111,0,0,0,0,0,0, 192.168.1.111,0.0.0.0,0,0,0,0,0,0,0,0,0,0,1526492777965,0.0,6252.241,0,0,0,0,0,0,0,0,0,0.0,0.0,-1
1.0,3,4,707,1263, 192.168.1.111,172.217.135.41,0,0,0,0,0, 192.168.1.111,74.125.159.58,0,0,0,0,0, 192.168.1.111,172.217.11.35,0,0,0,0,0, 192.168.1.111,172.217.11.3,0,0,0,0,0, 192.168.1.111,172.217.10.110,0,0,0,0,0, 192.168.1.111,172.217.11.14,0,0,0,0,0, 192.168.1.111,172.217.12.206,0,0,0,0,0, 192.168.1.111,216.58.211.99,0,0,0,0,0, 192.168.1.111,172.217.20.99,0,0,0,0,0, 192.168.1.111,216.58.207.227,0,0,0,0,0, 192.168.1.111,172.217.3.110,0,0,0,0,0, 192.168.1.111,172.217.6.227,0,0,0,0,0, 192.168.1.111,172.217.11.46,0,0,0,0,0, 192.168.1.111,74.125.5.49,0,0,0,0,0, 192.168.1.111,172.217.13.228,0,0,0,0,0, 192.168.1.111,172.217.10.34,QUIC,1,1,77,876, 192.168.1.111,172.217.11.38,QUIC,2,3,630,387, 192.168.1.111,172.217.17.35,0,0,0,0,0, 192.168.1.111,172.217.6.234,0,0,0,0,0, 192.168.1.111,172.217.17.67,0,0,0,0,0, 192.168.1.111,172.217.11.10,0,0,0,0,0, 192.168.1.111,172.217.11.51,0,0,0,0,0, 192.168.1.111,172.217.11.45,0,0,0,0,0, 192.168.1.111,0,0,0,0,0,0, 192.168.1.111,0,0,0,0,0,0, 192.168.1.111,0.0.0.0,0,0,0,0,0,0,0,0,0,0,1526492777965,0.0,6252.241,0,0,0,0,0,0,0,0,0,0.0,0.0,-1
1.1,2,1,891,84, 192.168.1.111,172.217.135.41,0,0,0,0,0, 192.168.1.111,74.125.159.58,0,0,0,0,0, 192.168.1.111,172.217.11.35,0,0,0,0,0, 192.168.1.111,172.217.11.3,0,0,0,0,0, 192.168.1.111,172.217.10.110,QUIC,2,1,891,84, 192.168.1.111,172.217.11.14,0,0,0,0,0, 192.168.1.111,172.217.12.206,0,0,0,0,0, 192.168.1.111,216.58.211.99,0,0,0,0,0, 192.168.1.111,172.217.20.99,0,0,0,0,0, 192.168.1.111,216.58.207.227,0,0,0,0,0, 192.168.1.111,172.217.3.110,0,0,0,0,0, 192.168.1.111,172.217.6.227,0,0,0,0,0, 192.168.1.111,172.217.11.46,0,0,0,0,0, 192.168.1.111,74.125.5.49,0,0,0,0,0, 192.168.1.111,172.217.13.228,0,0,0,0,0, 192.168.1.111,172.217.10.34,0,0,0,0,0, 192.168.1.111,172.217.11.38,0,0,0,0,0, 192.168.1.111,172.217.17.35,0,0,0,0,0, 192.168.1.111,172.217.6.234,0,0,0,0,0, 192.168.1.111,172.217.17.67,0,0,0,0,0, 192.168.1.111,172.217.11.10,0,0,0,0,0, 192.168.1.111,172.217.11.51,0,0,0,0,0, 192.168.1.111,172.217.11.45,0,0,0,0,0, 192.168.1.111,0,0,0,0,0,0, 192.168.1.111,0,0,0,0,0,0, 192.168.1.111,0.0.0.0,0,0,0,0,0,0,0,0,0,0,1526492777965,0.0,6252.241,0,0,0,0,0,0,0,0,0,0.0,0.0,-1
1.2,1,1,80,168, 192.168.1.111,172.217.135.41,0,0,0,0,0, 192.168.1.111,74.125.159.58,0,0,0,0,0, 192.168.1.111,172.217.11.35,0,0,0,0,0, 192.168.1.111,172.217.11.3,0,0,0,0,0, 192.168.1.111,172.217.10.110,QUIC,1,1,80,168, 192.168.1.111,172.217.11.14,0,0,0,0,0, 192.168.1.111,172.217.12.206,0,0,0,0,0, 192.168.1.111,216.58.211.99,0,0,0,0,0, 192.168.1.111,172.217.20.99,0,0,0,0,0, 192.168.1.111,216.58.207.227,0,0,0,0,0, 192.168.1.111,172.217.3.110,0,0,0,0,0, 192.168.1.111,172.217.6.227,0,0,0,0,0, 192.168.1.111,172.217.11.46,0,0,0,0,0, 192.168.1.111,74.125.5.49,0,0,0,0,0, 192.168.1.111,172.217.13.228,0,0,0,0,0, 192.168.1.111,172.217.10.34,0,0,0,0,0, 192.168.1.111,172.217.11.38,0,0,0,0,0, 192.168.1.111,172.217.17.35,0,0,0,0,0, 192.168.1.111,172.217.6.234,0,0,0,0,0, 192.168.1.111,172.217.17.67,0,0,0,0,0, 192.168.1.111,172.217.11.10,0,0,0,0,0, 192.168.1.111,172.217.11.51,0,0,0,0,0, 192.168.1.111,172.217.11.45,0,0,0,0,0, 192.168.1.111,0,0,0,0,0,0, 192.168.1.111,0,0,0,0,0,0, 192.168.1.111,0.0.0.0,0,0,0,0,0,0,0,0,0,0,1526492777965,0.0,6252.241,0,0,0,0,0,0,0,0,0,0.0,0.0,-1
1.3,1,1,82,102, 192.168.1.111,172.217.135.41,0,0,0,0,0, 192.168.1.111,74.125.159.58,0,0,0,0,0, 192.168.1.111,172.217.11.35,0,0,0,0,0, 192.168.1.111,172.217.11.3,0,0,0,0,0, 192.168.1.111,172.217.10.110,0,0,0,0,0, 192.168.1.111,172.217.11.14,0,0,0,0,0, 192.168.1.111,172.217.12.206,0,0,0,0,0, 192.168.1.111,216.58.211.99,0,0,0,0,0, 192.168.1.111,172.217.20.99,0,0,0,0,0, 192.168.1.111,216.58.207.227,0,0,0,0,0, 192.168.1.111,172.217.3.110,0,0,0,0,0, 192.168.1.111,172.217.6.227,0,0,0,0,0, 192.168.1.111,172.217.11.46,0,0,0,0,0, 192.168.1.111,74.125.5.49,0,0,0,0,0, 192.168.1.111,172.217.13.228,0,0,0,0,0, 192.168.1.111,172.217.10.34,0,0,0,0,0, 192.168.1.111,172.217.11.38,0,0,0,0,0, 192.168.1.111,172.217.17.35,0,0,0,0,0, 192.168.1.111,172.217.6.234,0,0,0,0,0, 192.168.1.111,172.217.17.67,0,0,0,0,0, 192.168.1.111,172.217.11.10,0,0,0,0,0, 192.168.1.111,172.217.11.51,0,0,0,0,0, 192.168.1.111,172.217.11.45,0,0,0,0,0, 192.168.1.111,0,0,0,0,0,0, 192.168.1.111,0,0,0,0,0,0, 192.168.1.111,0.0.0.0,0,1,0,82,0,0,0,0,0,0,1526492777965,0.0,6252.241,0,0,0,0,0,0,0,0,0,0.0,0.0,-1
1.4,1,0,425,0, 192.168.1.111,172.217.135.41,0,0,0,0,0, 192.168.1.111,74.125.159.58,0,0,0,0,0, 192.168.1.111,172.217.11.35,0,0,0,0,0, 192.168.1.111,172.217.11.3,0,0,0,0,0, 192.168.1.111,172.217.10.110,QUIC,1,0,425,0, 192.168.1.111,172.217.11.14,0,0,0,0,0, 192.168.1.111,172.217.12.206,0,0,0,0,0, 192.168.1.111,216.58.211.99,0,0,0,0,0, 192.168.1.111,172.217.20.99,0,0,0,0,0, 192.168.1.111,216.58.207.227,0,0,0,0,0, 192.168.1.111,172.217.3.110,0,0,0,0,0, 192.168.1.111,172.217.6.227,0,0,0,0,0, 192.168.1.111,172.217.11.46,0,0,0,0,0, 192.168.1.111,74.125.5.49,0,0,0,0,0, 192.168.1.111,172.217.13.228,0,0,0,0,0, 192.168.1.111,172.217.10.34,0,0,0,0,0, 192.168.1.111,172.217.11.38,0,0,0,0,0, 192.168.1.111,172.217.17.35,0,0,0,0,0, 192.168.1.111,172.217.6.234,0,0,0,0,0, 192.168.1.111,172.217.17.67,0,0,0,0,0, 192.168.1.111,172.217.11.10,0,0,0,0,0, 192.168.1.111,172.217.11.51,0,0,0,0,0, 192.168.1.111,172.217.11.45,0,0,0,0,0, 192.168.1.111,0,0,0,0,0,0, 192.168.1.111,0,0,0,0,0,0, 192.168.1.111,0.0.0.0,0,0,0,0,0,0,0,0,0,0,1526492777965,0.0,6252.241,0,0,0,0,0,0,0,0,0,0.0,0.0,-1
4.5,24,107,3187,139740, 192.168.1.111,172.217.135.41,QUIC,20,101,2482,138913, 192.168.1.111,74.125.159.58,0,0,0,0,0, 192.168.1.111,172.217.11.35,0,0,0,0,0, 192.168.1.111,172.217.11.3,0,0,0,0,0, 192.168.1.111,172.217.10.110,QUIC,2,4,160,335, 192.168.1.111,172.217.11.14,0,0,0,0,0, 192.168.1.111,172.217.12.206,0,0,0,0,0, 192.168.1.111,216.58.211.99,0,0,0,0,0, 192.168.1.111,172.217.20.99,0,0,0,0,0, 192.168.1.111,216.58.207.227,0,0,0,0,0, 192.168.1.111,172.217.3.110,0,0,0,0,0, 192.168.1.111,172.217.6.227,0,0,0,0,0, 192.168.1.111,172.217.11.46,0,0,0,0,0, 192.168.1.111,74.125.5.49,0,0,0,0,0, 192.168.1.111,172.217.13.228,QUIC,1,0,448,0, 192.168.1.111,172.217.10.34,QUIC,1,2,97,492, 192.168.1.111,172.217.11.38,0,0,0,0,0, 192.168.1.111,172.217.17.35,0,0,0,0,0, 192.168.1.111,172.217.6.234,0,0,0,0,0, 192.168.1.111,172.217.17.67,0,0,0,0,0, 192.168.1.111,172.217.11.10,0,0,0,0,0, 192.168.1.111,172.217.11.51,0,0,0,0,0, 192.168.1.111,172.217.11.45,0,0,0,0,0, 192.168.1.111,0,0,0,0,0,0, 192.168.1.111,0,0,0,0,0,0, 192.168.1.111,0.0.0.0,0,0,0,0,0,1,0,1,0,1526492782236,1526492777965,1736.0,6252.241,0,0,0,0,0,1,0,0,0,-1736.0,0.0,true
1799.8999999994585,0,0,0,0, 192.168.1.111,172.217.135.41,0,0,0,0,0, 192.168.1.111,74.125.159.58,0,0,0,0,0, 192.168.1.111,172.217.11.35,0,0,0,0,0, 192.168.1.111,172.217.11.3,0,0,0,0,0, 192.168.1.111,172.217.10.110,0,0,0,0,0, 192.168.1.111,172.217.11.14,0,0,0,0,0, 192.168.1.111,172.217.12.206,0,0,0,0,0, 192.168.1.111,216.58.211.99,0,0,0,0,0, 192.168.1.111,172.217.20.99,0,0,0,0,0, 192.168.1.111,216.58.207.227,0,0,0,0,0, 192.168.1.111,172.217.3.110,0,0,0,0,0, 192.168.1.111,172.217.6.227,0,0,0,0,0, 192.168.1.111,172.217.11.46,0,0,0,0,0, 192.168.1.111,74.125.5.49,0,0,0,0,0, 192.168.1.111,172.217.13.228,0,0,0,0,0, 192.168.1.111,172.217.10.34,0,0,0,0,0, 192.168.1.111,172.217.11.38,0,0,0,0,0, 192.168.1.111,172.217.17.35,0,0,0,0,0, 192.168.1.111,172.217.6.234,0,0,0,0,0, 192.168.1.111,172.217.17.67,0,0,0,0,0, 192.168.1.111,172.217.11.10,0,0,0,0,0, 192.168.1.111,172.217.11.51,0,0,0,0,0, 192.168.1.111,172.217.11.45,0,0,0,0,0, 192.168.1.111,0,0,0,0,0,0, 192.168.1.111,0,0,0,0,0,0, 192.168.1.111,0.0.0.0,0,0,0,0,0,0,0,0,0,0,1526492777965,0.0,6252.241,0,0,0,0,0,0,0,0,0,0.0,0.0,-1
1799.9999999994584,0,0,0,0, 192.168.1.111,172.217.135.41,0,0,0,0,0, 192.168.1.111,74.125.159.58,0,0,0,0,0, 192.168.1.111,172.217.11.35,0,0,0,0,0, 192.168.1.111,172.217.11.3,0,0,0,0,0, 192.168.1.111,172.217.10.110,0,0,0,0,0, 192.168.1.111,172.217.11.14,0,0,0,0,0, 192.168.1.111,172.217.12.206,0,0,0,0,0, 192.168.1.111,216.58.211.99,0,0,0,0,0, 192.168.1.111,172.217.20.99,0,0,0,0,0, 192.168.1.111,216.58.207.227,0,0,0,0,0, 192.168.1.111,172.217.3.110,0,0,0,0,0, 192.168.1.111,172.217.6.227,0,0,0,0,0, 192.168.1.111,172.217.11.46,0,0,0,0,0, 192.168.1.111,74.125.5.49,0,0,0,0,0, 192.168.1.111,172.217.13.228,0,0,0,0,0, 192.168.1.111,172.217.10.34,0,0,0,0,0, 192.168.1.111,172.217.11.38,0,0,0,0,0, 192.168.1.111,172.217.17.35,0,0,0,0,0, 192.168.1.111,172.217.6.234,0,0,0,0,0, 192.168.1.111,172.217.17.67,0,0,0,0,0, 192.168.1.111,172.217.11.10,0,0,0,0,0, 192.168.1.111,172.217.11.51,0,0,0,0,0, 192.168.1.111,172.217.11.45,0,0,0,0,0, 192.168.1.111,0,0,0,0,0,0, 192.168.1.111,0,0,0,0,0,0, 192.168.1.111,0.0.0.0,0,0,0,0,0,0,0,0,0,0,1526492777965,0.0,6252.241,0,0,0,0,0,0,0,0,0,0.0,0.0,-1
1800.0999999994583,0,0,0,0, 192.168.1.111,172.217.135.41,0,0,0,0,0, 192.168.1.111,74.125.159.58,0,0,0,0,0, 192.168.1.111,172.217.11.35,0,0,0,0,0, 192.168.1.111,172.217.11.3,0,0,0,0,0, 192.168.1.111,172.217.10.110,0,0,0,0,0, 192.168.1.111,172.217.11.14,0,0,0,0,0, 192.168.1.111,172.217.12.206,0,0,0,0,0, 192.168.1.111,216.58.211.99,0,0,0,0,0, 192.168.1.111,172.217.20.99,0,0,0,0,0, 192.168.1.111,216.58.207.227,0,0,0,0,0, 192.168.1.111,172.217.3.110,0,0,0,0,0, 192.168.1.111,172.217.6.227,0,0,0,0,0, 192.168.1.111,172.217.11.46,0,0,0,0,0, 192.168.1.111,74.125.5.49,0,0,0,0,0, 192.168.1.111,172.217.13.228,0,0,0,0,0, 192.168.1.111,172.217.10.34,0,0,0,0,0, 192.168.1.111,172.217.11.38,0,0,0,0,0, 192.168.1.111,172.217.17.35,0,0,0,0,0, 192.168.1.111,172.217.6.234,0,0,0,0,0, 192.168.1.111,172.217.17.67,0,0,0,0,0, 192.168.1.111,172.217.11.10,0,0,0,0,0, 192.168.1.111,172.217.11.51,0,0,0,0,0, 192.168.1.111,172.217.11.45,0,0,0,0,0, 192.168.1.111,0,0,0,0,0,0, 192.168.1.111,0,0,0,0,0,0, 192.168.1.111,0.0.0.0,0,0,0,0,0,0,0,0,0,0,1526492777965,0.0,6252.241,0,0,0,0,0,0,0,0,0,0.0,0.0,-1
1800.1999999994582,0,0,0,0, 192.168.1.111,172.217.135.41,0,0,0,0,0, 192.168.1.111,74.125.159.58,0,0,0,0,0, 192.168.1.111,172.217.11.35,0,0,0,0,0, 192.168.1.111,172.217.11.3,0,0,0,0,0, 192.168.1.111,172.217.10.110,0,0,0,0,0, 192.168.1.111,172.217.11.14,0,0,0,0,0, 192.168.1.111,172.217.12.206,0,0,0,0,0, 192.168.1.111,216.58.211.99,0,0,0,0,0, 192.168.1.111,172.217.20.99,0,0,0,0,0, 192.168.1.111,216.58.207.227,0,0,0,0,0, 192.168.1.111,172.217.3.110,0,0,0,0,0, 192.168.1.111,172.217.6.227,0,0,0,0,0, 192.168.1.111,172.217.11.46,0,0,0,0,0, 192.168.1.111,74.125.5.49,0,0,0,0,0, 192.168.1.111,172.217.13.228,0,0,0,0,0, 192.168.1.111,172.217.10.34,0,0,0,0,0, 192.168.1.111,172.217.11.38,0,0,0,0,0, 192.168.1.111,172.217.17.35,0,0,0,0,0, 192.168.1.111,172.217.6.234,0,0,0,0,0, 192.168.1.111,172.217.17.67,0,0,0,0,0, 192.168.1.111,172.217.11.10,0,0,0,0,0, 192.168.1.111,172.217.11.51,0,0,0,0,0, 192.168.1.111,172.217.11.45,0,0,0,0,0, 192.168.1.111,0,0,0,0,0,0, 192.168.1.111,0,0,0,0,0,0, 192.168.1.111,0.0.0.0,0,0,0,0,0,0,0,0,0,0,1526492777965,0.0,6252.241,0,0,0,0,0,0,0,0,0,0.0,0.0,-1
1800.299999999458,0,0,0,0, 192.168.1.111,172.217.135.41,0,0,0,0,0, 192.168.1.111,74.125.159.58,0,0,0,0,0, 192.168.1.111,172.217.11.35,0,0,0,0,0, 192.168.1.111,172.217.11.3,0,0,0,0,0, 192.168.1.111,172.217.10.110,0,0,0,0,0, 192.168.1.111,172.217.11.14,0,0,0,0,0, 192.168.1.111,172.217.12.206,0,0,0,0,0, 192.168.1.111,216.58.211.99,0,0,0,0,0, 192.168.1.111,172.217.20.99,0,0,0,0,0, 192.168.1.111,216.58.207.227,0,0,0,0,0, 192.168.1.111,172.217.3.110,0,0,0,0,0, 192.168.1.111,172.217.6.227,0,0,0,0,0, 192.168.1.111,172.217.11.46,0,0,0,0,0, 192.168.1.111,74.125.5.49,0,0,0,0,0, 192.168.1.111,172.217.13.228,0,0,0,0,0, 192.168.1.111,172.217.10.34,0,0,0,0,0, 192.168.1.111,172.217.11.38,0,0,0,0,0, 192.168.1.111,172.217.17.35,0,0,0,0,0, 192.168.1.111,172.217.6.234,0,0,0,0,0, 192.168.1.111,172.217.17.67,0,0,0,0,0, 192.168.1.111,172.217.11.10,0,0,0,0,0, 192.168.1.111,172.217.11.51,0,0,0,0,0, 192.168.1.111,172.217.11.45,0,0,0,0,0, 192.168.1.111,0,0,0,0,0,0, 192.168.1.111,0,0,0,0,0,0, 192.168.1.111,0.0.0.0,0,0,0,0,0,0,0,0,0,0,1526492777965,0.0,6252.241,0,0,0,0,0,0,0,0,0,0.0,0.0,-1
1800.399999999458,0,0,0,0, 192.168.1.111,172.217.135.41,0,0,0,0,0, 192.168.1.111,74.125.159.58,0,0,0,0,0, 192.168.1.111,172.217.11.35,0,0,0,0,0, 192.168.1.111,172.217.11.3,0,0,0,0,0, 192.168.1.111,172.217.10.110,0,0,0,0,0, 192.168.1.111,172.217.11.14,0,0,0,0,0, 192.168.1.111,172.217.12.206,0,0,0,0,0, 192.168.1.111,216.58.211.99,0,0,0,0,0, 192.168.1.111,172.217.20.99,0,0,0,0,0, 192.168.1.111,216.58.207.227,0,0,0,0,0, 192.168.1.111,172.217.3.110,0,0,0,0,0, 192.168.1.111,172.217.6.227,0,0,0,0,0, 192.168.1.111,172.217.11.46,0,0,0,0,0, 192.168.1.111,74.125.5.49,0,0,0,0,0, 192.168.1.111,172.217.13.228,0,0,0,0,0, 192.168.1.111,172.217.10.34,0,0,0,0,0, 192.168.1.111,172.217.11.38,0,0,0,0,0, 192.168.1.111,172.217.17.35,0,0,0,0,0, 192.168.1.111,172.217.6.234,0,0,0,0,0, 192.168.1.111,172.217.17.67,0,0,0,0,0, 192.168.1.111,172.217.11.10,0,0,0,0,0, 192.168.1.111,172.217.11.51,0,0,0,0,0, 192.168.1.111,172.217.11.45,0,0,0,0,0, 192.168.1.111,0,0,0,0,0,0, 192.168.1.111,0,0,0,0,0,0, 192.168.1.111,0.0.0.0,0,0,0,0,0,0,0,0,0,0,1526492777965,0.0,6252.241,0,0,0,0,0,0,0,0,0,0.0,0.0,-1
1800.499999999458,0,0,0,0, 192.168.1.111,172.217.135.41,0,0,0,0,0, 192.168.1.111,74.125.159.58,0,0,0,0,0, 192.168.1.111,172.217.11.35,0,0,0,0,0, 192.168.1.111,172.217.11.3,0,0,0,0,0, 192.168.1.111,172.217.10.110,0,0,0,0,0, 192.168.1.111,172.217.11.14,0,0,0,0,0, 192.168.1.111,172.217.12.206,0,0,0,0,0, 192.168.1.111,216.58.211.99,0,0,0,0,0, 192.168.1.111,172.217.20.99,0,0,0,0,0, 192.168.1.111,216.58.207.227,0,0,0,0,0, 192.168.1.111,172.217.3.110,0,0,0,0,0, 192.168.1.111,172.217.6.227,0,0,0,0,0, 192.168.1.111,172.217.11.46,0,0,0,0,0, 192.168.1.111,74.125.5.49,0,0,0,0,0, 192.168.1.111,172.217.13.228,0,0,0,0,0, 192.168.1.111,172.217.10.34,0,0,0,0,0, 192.168.1.111,172.217.11.38,0,0,0,0,0, 192.168.1.111,172.217.17.35,0,0,0,0,0, 192.168.1.111,172.217.6.234,0,0,0,0,0, 192.168.1.111,172.217.17.67,0,0,0,0,0, 192.168.1.111,172.217.11.10,0,0,0,0,0, 192.168.1.111,172.217.11.51,0,0,0,0,0, 192.168.1.111,172.217.11.45,0,0,0,0,0, 192.168.1.111,0,0,0,0,0,0, 192.168.1.111,0,0,0,0,0,0, 192.168.1.111,0.0.0.0,0,0,0,0,0,0,0,0,0,0,1526492777965,0.0,6252.241,0,0,0,0,0,0,0,0,0,0.0,0.0,-1
1800.599999999458,0,0,0,0, 192.168.1.111,172.217.135.41,0,0,0,0,0, 192.168.1.111,74.125.159.58,0,0,0,0,0, 192.168.1.111,172.217.11.35,0,0,0,0,0, 192.168.1.111,172.217.11.3,0,0,0,0,0, 192.168.1.111,172.217.10.110,0,0,0,0,0, 192.168.1.111,172.217.11.14,0,0,0,0,0, 192.168.1.111,172.217.12.206,0,0,0,0,0, 192.168.1.111,216.58.211.99,0,0,0,0,0, 192.168.1.111,172.217.20.99,0,0,0,0,0, 192.168.1.111,216.58.207.227,0,0,0,0,0, 192.168.1.111,172.217.3.110,0,0,0,0,0, 192.168.1.111,172.217.6.227,0,0,0,0,0, 192.168.1.111,172.217.11.46,0,0,0,0,0, 192.168.1.111,74.125.5.49,0,0,0,0,0, 192.168.1.111,172.217.13.228,0,0,0,0,0, 192.168.1.111,172.217.10.34,0,0,0,0,0, 192.168.1.111,172.217.11.38,0,0,0,0,0, 192.168.1.111,172.217.17.35,0,0,0,0,0, 192.168.1.111,172.217.6.234,0,0,0,0,0, 192.168.1.111,172.217.17.67,0,0,0,0,0, 192.168.1.111,172.217.11.10,0,0,0,0,0, 192.168.1.111,172.217.11.51,0,0,0,0,0, 192.168.1.111,172.217.11.45,0,0,0,0,0, 192.168.1.111,0,0,0,0,0,0, 192.168.1.111,0,0,0,0,0,0, 192.168.1.111,0.0.0.0,0,0,0,0,0,0,0,0,0,0,1526492777965,0.0,6252.241,0,0,0,0,0,0,0,0,0,0.0,0.0,-1
1800.6999999994578,0,0,0,0, 192.168.1.111,172.217.135.41,0,0,0,0,0, 192.168.1.111,74.125.159.58,0,0,0,0,0, 192.168.1.111,172.217.11.35,0,0,0,0,0, 192.168.1.111,172.217.11.3,0,0,0,0,0, 192.168.1.111,172.217.10.110,0,0,0,0,0, 192.168.1.111,172.217.11.14,0,0,0,0,0, 192.168.1.111,172.217.12.206,0,0,0,0,0, 192.168.1.111,216.58.211.99,0,0,0,0,0, 192.168.1.111,172.217.20.99,0,0,0,0,0, 192.168.1.111,216.58.207.227,0,0,0,0,0, 192.168.1.111,172.217.3.110,0,0,0,0,0, 192.168.1.111,172.217.6.227,0,0,0,0,0, 192.168.1.111,172.217.11.46,0,0,0,0,0, 192.168.1.111,74.125.5.49,0,0,0,0,0, 192.168.1.111,172.217.13.228,0,0,0,0,0, 192.168.1.111,172.217.10.34,0,0,0,0,0, 192.168.1.111,172.217.11.38,0,0,0,0,0, 192.168.1.111,172.217.17.35,0,0,0,0,0, 192.168.1.111,172.217.6.234,0,0,0,0,0, 192.168.1.111,172.217.17.67,0,0,0,0,0, 192.168.1.111,172.217.11.10,0,0,0,0,0, 192.168.1.111,172.217.11.51,0,0,0,0,0, 192.168.1.111,172.217.11.45,0,0,0,0,0, 192.168.1.111,0,0,0,0,0,0, 192.168.1.111,0,0,0,0,0,0, 192.168.1.111,0.0.0.0,0,0,0,0,0,0,0,0,0,0,1526492777965,0.0,6252.241,0,0,0,0,0,0,0,0,0,0.0,0.0,-1
1800.7999999994577,0,0,0,0, 192.168.1.111,172.217.135.41,0,0,0,0,0, 192.168.1.111,74.125.159.58,0,0,0,0,0, 192.168.1.111,172.217.11.35,0,0,0,0,0, 192.168.1.111,172.217.11.3,0,0,0,0,0, 192.168.1.111,172.217.10.110,0,0,0,0,0, 192.168.1.111,172.217.11.14,0,0,0,0,0, 192.168.1.111,172.217.12.206,0,0,0,0,0, 192.168.1.111,216.58.211.99,0,0,0,0,0, 192.168.1.111,172.217.20.99,0,0,0,0,0, 192.168.1.111,216.58.207.227,0,0,0,0,0, 192.168.1.111,172.217.3.110,0,0,0,0,0, 192.168.1.111,172.217.6.227,0,0,0,0,0, 192.168.1.111,172.217.11.46,0,0,0,0,0, 192.168.1.111,74.125.5.49,0,0,0,0,0, 192.168.1.111,172.217.13.228,0,0,0,0,0, 192.168.1.111,172.217.10.34,0,0,0,0,0, 192.168.1.111,172.217.11.38,0,0,0,0,0, 192.168.1.111,172.217.17.35,0,0,0,0,0, 192.168.1.111,172.217.6.234,0,0,0,0,0, 192.168.1.111,172.217.17.67,0,0,0,0,0, 192.168.1.111,172.217.11.10,0,0,0,0,0, 192.168.1.111,172.217.11.51,0,0,0,0,0, 192.168.1.111,172.217.11.45,0,0,0,0,0, 192.168.1.111,0,0,0,0,0,0, 192.168.1.111,0,0,0,0,0,0, 192.168.1.111,0.0.0.0,0,0,0,0,0,0,0,0,0,0,1526492777965,0.0,6252.241,0,0,0,0,0,0,0,0,0,0.0,0.0,-1
1800.8999999994576,0,0,0,0, 192.168.1.111,172.217.135.41,0,0,0,0,0, 192.168.1.111,74.125.159.58,0,0,0,0,0, 192.168.1.111,172.217.11.35,0,0,0,0,0, 192.168.1.111,172.217.11.3,0,0,0,0,0, 192.168.1.111,172.217.10.110,0,0,0,0,0, 192.168.1.111,172.217.11.14,0,0,0,0,0, 192.168.1.111,172.217.12.206,0,0,0,0,0, 192.168.1.111,216.58.211.99,0,0,0,0,0, 192.168.1.111,172.217.20.99,0,0,0,0,0, 192.168.1.111,216.58.207.227,0,0,0,0,0, 192.168.1.111,172.217.3.110,0,0,0,0,0, 192.168.1.111,172.217.6.227,0,0,0,0,0, 192.168.1.111,172.217.11.46,0,0,0,0,0, 192.168.1.111,74.125.5.49,0,0,0,0,0, 192.168.1.111,172.217.13.228,0,0,0,0,0, 192.168.1.111,172.217.10.34,0,0,0,0,0, 192.168.1.111,172.217.11.38,0,0,0,0,0, 192.168.1.111,172.217.17.35,0,0,0,0,0, 192.168.1.111,172.217.6.234,0,0,0,0,0, 192.168.1.111,172.217.17.67,0,0,0,0,0, 192.168.1.111,172.217.11.10,0,0,0,0,0, 192.168.1.111,172.217.11.51,0,0,0,0,0, 192.168.1.111,172.217.11.45,0,0,0,0,0, 192.168.1.111,0,0,0,0,0,0, 192.168.1.111,0,0,0,0,0,0, 192.168.1.111,0.0.0.0,0,0,0,0,0,0,0,0,0,0,1526492777965,0.0,6252.241,0,0,0,0,0,0,0,0,0,0.0,0.0,-1
0.0,1,0,1392,0, 192.168.1.111,173.194.184.41,0,0,0,0,0, 192.168.1.111,172.217.11.35,0,0,0,0,0, 192.168.1.111,172.217.12.206,0,0,0,0,0, 192.168.1.111,172.217.11.3,0,0,0,0,0, 192.168.1.111,172.217.9.238,0,0,0,0,0, 192.168.1.111,172.217.10.246,0,0,0,0,0, 192.168.1.111,172.217.17.99,0,0,0,0,0, 192.168.1.111,172.217.11.46,0,0,0,0,0, 192.168.1.111,172.217.11.13,0,0,0,0,0, 192.168.1.111,172.217.11.10,0,0,0,0,0, 192.168.1.111,172.217.13.228,0,0,0,0,0, 192.168.1.111,172.217.10.34,0,0,0,0,0, 192.168.1.111,172.217.9.230,0,0,0,0,0, 192.168.1.111,172.217.11.42,QUIC,1,0,1392,0, 192.168.1.111,172.217.9.234,0,0,0,0,0, 192.168.1.111,172.217.11.19,0,0,0,0,0, 192.168.1.111,0,0,0,0,0,0, 192.168.1.111,0,0,0,0,0,0, 192.168.1.111,0,0,0,0,0,0, 192.168.1.111,0,0,0,0,0,0, 192.168.1.111,0,0,0,0,0,0, 192.168.1.111,0,0,0,0,0,0, 192.168.1.111,0,0,0,0,0,0, 192.168.1.111,0,0,0,0,0,0, 192.168.1.111,0,0,0,0,0,0, 192.168.1.111,0.0.0.0,0,0,0,0,0,0,0,0,0,0,1526499426448,0.0,2058.621,0,0,0,0,0,0,0,0,0,0.0,0.0,-1
0.1,10,9,4749,4608, 192.168.1.111,173.194.184.41,0,0,0,0,0, 192.168.1.111,172.217.11.35,0,0,0,0,0, 192.168.1.111,172.217.12.206,0,0,0,0,0, 192.168.1.111,172.217.11.3,0,0,0,0,0, 192.168.1.111,172.217.9.238,QUIC,3,3,1566,1534, 192.168.1.111,172.217.10.246,0,0,0,0,0, 192.168.1.111,172.217.17.99,0,0,0,0,0, 192.168.1.111,172.217.11.46,QUIC,3,3,1553,1537, 192.168.1.111,172.217.11.13,0,0,0,0,0, 192.168.1.111,172.217.11.10,0,0,0,0,0, 192.168.1.111,172.217.13.228,0,0,0,0,0, 192.168.1.111,172.217.10.34,0,0,0,0,0, 192.168.1.111,172.217.9.230,0,0,0,0,0, 192.168.1.111,172.217.11.42,QUIC,4,3,1630,1537, 192.168.1.111,172.217.9.234,0,0,0,0,0, 192.168.1.111,172.217.11.19,0,0,0,0,0, 192.168.1.111,0,0,0,0,0,0, 192.168.1.111,0,0,0,0,0,0, 192.168.1.111,0,0,0,0,0,0, 192.168.1.111,0,0,0,0,0,0, 192.168.1.111,0,0,0,0,0,0, 192.168.1.111,0,0,0,0,0,0, 192.168.1.111,0,0,0,0,0,0, 192.168.1.111,0,0,0,0,0,0, 192.168.1.111,0,0,0,0,0,0, 192.168.1.111,0.0.0.0,0,0,0,0,0,0,0,0,0,0,1526499426448,0.0,2058.621,0,0,0,0,0,0,0,0,0,0.0,0.0,-1
0.2,0,0,0,0, 192.168.1.111,173.194.184.41,0,0,0,0,0, 192.168.1.111,172.217.11.35,0,0,0,0,0, 192.168.1.111,172.217.12.206,0,0,0,0,0, 192.168.1.111,172.217.11.3,0,0,0,0,0, 192.168.1.111,172.217.9.238,0,0,0,0,0, 192.168.1.111,172.217.10.246,0,0,0,0,0, 192.168.1.111,172.217.17.99,0,0,0,0,0, 192.168.1.111,172.217.11.46,0,0,0,0,0, 192.168.1.111,172.217.11.13,0,0,0,0,0, 192.168.1.111,172.217.11.10,0,0,0,0,0, 192.168.1.111,172.217.13.228,0,0,0,0,0, 192.168.1.111,172.217.10.34,0,0,0,0,0, 192.168.1.111,172.217.9.230,0,0,0,0,0, 192.168.1.111,172.217.11.42,0,0,0,0,0, 192.168.1.111,172.217.9.234,0,0,0,0,0, 192.168.1.111,172.217.11.19,0,0,0,0,0, 192.168.1.111,0,0,0,0,0,0, 192.168.1.111,0,0,0,0,0,0, 192.168.1.111,0,0,0,0,0,0, 192.168.1.111,0,0,0,0,0,0, 192.168.1.111,0,0,0,0,0,0, 192.168.1.111,0,0,0,0,0,0, 192.168.1.111,0,0,0,0,0,0, 192.168.1.111,0,0,0,0,0,0, 192.168.1.111,0,0,0,0,0,0, 192.168.1.111,0.0.0.0,0,0,0,0,0,0,0,0,0,0,1526499426448,0.0,2058.621,0,0,0,0,0,0,0,0,0,0.0,0.0,-1
0.3,0,0,0,0, 192.168.1.111,173.194.184.41,0,0,0,0,0, 192.168.1.111,172.217.11.35,0,0,0,0,0, 192.168.1.111,172.217.12.206,0,0,0,0,0, 192.168.1.111,172.217.11.3,0,0,0,0,0, 192.168.1.111,172.217.9.238,0,0,0,0,0, 192.168.1.111,172.217.10.246,0,0,0,0,0, 192.168.1.111,172.217.17.99,0,0,0,0,0, 192.168.1.111,172.217.11.46,0,0,0,0,0, 192.168.1.111,172.217.11.13,0,0,0,0,0, 192.168.1.111,172.217.11.10,0,0,0,0,0, 192.168.1.111,172.217.13.228,0,0,0,0,0, 192.168.1.111,172.217.10.34,0,0,0,0,0, 192.168.1.111,172.217.9.230,0,0,0,0,0, 192.168.1.111,172.217.11.42,0,0,0,0,0, 192.168.1.111,172.217.9.234,0,0,0,0,0, 192.168.1.111,172.217.11.19,0,0,0,0,0, 192.168.1.111,0,0,0,0,0,0, 192.168.1.111,0,0,0,0,0,0, 192.168.1.111,0,0,0,0,0,0, 192.168.1.111,0,0,0,0,0,0, 192.168.1.111,0,0,0,0,0,0, 192.168.1.111,0,0,0,0,0,0, 192.168.1.111,0,0,0,0,0,0, 192.168.1.111,0,0,0,0,0,0, 192.168.1.111,0,0,0,0,0,0, 192.168.1.111,0.0.0.0,0,0,0,0,0,0,0,0,0,0,1526499426448,0.0,2058.621,0,0,0,0,0,0,0,0,0,0.0,0.0,-1
0.4,3,1,1688,95, 192.168.1.111,173.194.184.41,0,0,0,0,0, 192.168.1.111,172.217.11.35,0,0,0,0,0, 192.168.1.111,172.217.12.206,0,0,0,0,0, 192.168.1.111,172.217.11.3,0,0,0,0,0, 192.168.1.111,172.217.9.238,0,0,0,0,0, 192.168.1.111,172.217.10.246,0,0,0,0,0, 192.168.1.111,172.217.17.99,0,0,0,0,0, 192.168.1.111,172.217.11.46,0,0,0,0,0, 192.168.1.111,172.217.11.13,QUIC,1,0,1392,0, 192.168.1.111,172.217.11.10,0,0,0,0,0, 192.168.1.111,172.217.13.228,0,0,0,0,0, 192.168.1.111,172.217.10.34,0,0,0,0,0, 192.168.1.111,172.217.9.230,0,0,0,0,0, 192.168.1.111,172.217.11.42,0,0,0,0,0, 192.168.1.111,172.217.9.234,0,0,0,0,0, 192.168.1.111,172.217.11.19,0,0,0,0,0, 192.168.1.111,0,0,0,0,0,0, 192.168.1.111,0,0,0,0,0,0, 192.168.1.111,0,0,0,0,0,0, 192.168.1.111,0,0,0,0,0,0, 192.168.1.111,0,0,0,0,0,0, 192.168.1.111,0,0,0,0,0,0, 192.168.1.111,0,0,0,0,0,0, 192.168.1.111,0,0,0,0,0,0, 192.168.1.111,0,0,0,0,0,0, 192.168.1.111,0.0.0.0,0,2,1,296,95,0,0,0,0,0,1526499426448,0.0,2058.621,0,0,0,0,0,0,0,0,0,0.0,0.0,-1
0.5,6,5,2860,4324, 192.168.1.111,173.194.184.41,0,0,0,0,0, 192.168.1.111,172.217.11.35,0,0,0,0,0, 192.168.1.111,172.217.12.206,0,0,0,0,0, 192.168.1.111,172.217.11.3,0,0,0,0,0, 192.168.1.111,172.217.9.238,0,0,0,0,0, 192.168.1.111,172.217.10.246,0,0,0,0,0, 192.168.1.111,172.217.17.99,0,0,0,0,0, 192.168.1.111,172.217.11.46,0,0,0,0,0, 192.168.1.111,172.217.11.13,QUIC,6,5,2860,4324, 192.168.1.111,172.217.11.10,0,0,0,0,0, 192.168.1.111,172.217.13.228,0,0,0,0,0, 192.168.1.111,172.217.10.34,0,0,0,0,0, 192.168.1.111,172.217.9.230,0,0,0,0,0, 192.168.1.111,172.217.11.42,0,0,0,0,0, 192.168.1.111,172.217.9.234,0,0,0,0,0, 192.168.1.111,172.217.11.19,0,0,0,0,0, 192.168.1.111,0,0,0,0,0,0, 192.168.1.111,0,0,0,0,0,0, 192.168.1.111,0,0,0,0,0,0, 192.168.1.111,0,0,0,0,0,0, 192.168.1.111,0,0,0,0,0,0, 192.168.1.111,0,0,0,0,0,0, 192.168.1.111,0,0,0,0,0,0, 192.168.1.111,0,0,0,0,0,0, 192.168.1.111,0,0,0,0,0,0, 192.168.1.111,0.0.0.0,0,0,0,0,0,0,0,0,0,0,1526499426448,0.0,2058.621,0,0,0,0,0,0,0,0,0,0.0,0.0,-1
0.6,3,5,237,2530, 192.168.1.111,173.194.184.41,0,0,0,0,0, 192.168.1.111,172.217.11.35,0,0,0,0,0, 192.168.1.111,172.217.12.206,0,0,0,0,0, 192.168.1.111,172.217.11.3,0,0,0,0,0, 192.168.1.111,172.217.9.238,0,0,0,0,0, 192.168.1.111,172.217.10.246,0,0,0,0,0, 192.168.1.111,172.217.17.99,0,0,0,0,0, 192.168.1.111,172.217.11.46,0,0,0,0,0, 192.168.1.111,172.217.11.13,QUIC,3,5,237,2530, 192.168.1.111,172.217.11.10,0,0,0,0,0, 192.168.1.111,172.217.13.228,0,0,0,0,0, 192.168.1.111,172.217.10.34,0,0,0,0,0, 192.168.1.111,172.217.9.230,0,0,0,0,0, 192.168.1.111,172.217.11.42,0,0,0,0,0, 192.168.1.111,172.217.9.234,0,0,0,0,0, 192.168.1.111,172.217.11.19,0,0,0,0,0, 192.168.1.111,0,0,0,0,0,0, 192.168.1.111,0,0,0,0,0,0, 192.168.1.111,0,0,0,0,0,0, 192.168.1.111,0,0,0,0,0,0, 192.168.1.111,0,0,0,0,0,0, 192.168.1.111,0,0,0,0,0,0, 192.168.1.111,0,0,0,0,0,0, 192.168.1.111,0,0,0,0,0,0, 192.168.1.111,0,0,0,0,0,0, 192.168.1.111,0.0.0.0,0,0,0,0,0,0,0,0,0,0,1526499426448,0.0,2058.621,0,0,0,0,0,0,0,0,0,0.0,0.0,-1
0.7,2,1,918,1146, 192.168.1.111,173.194.184.41,0,0,0,0,0, 192.168.1.111,172.217.11.35,0,0,0,0,0, 192.168.1.111,172.217.12.206,0,0,0,0,0, 192.168.1.111,172.217.11.3,0,0,0,0,0, 192.168.1.111,172.217.9.238,QUIC,2,1,918,1146, 192.168.1.111,172.217.10.246,0,0,0,0,0, 192.168.1.111,172.217.17.99,0,0,0,0,0, 192.168.1.111,172.217.11.46,0,0,0,0,0, 192.168.1.111,172.217.11.13,0,0,0,0,0, 192.168.1.111,172.217.11.10,0,0,0,0,0, 192.168.1.111,172.217.13.228,0,0,0,0,0, 192.168.1.111,172.217.10.34,0,0,0,0,0, 192.168.1.111,172.217.9.230,0,0,0,0,0, 192.168.1.111,172.217.11.42,0,0,0,0,0, 192.168.1.111,172.217.9.234,0,0,0,0,0, 192.168.1.111,172.217.11.19,0,0,0,0,0, 192.168.1.111,0,0,0,0,0,0, 192.168.1.111,0,0,0,0,0,0, 192.168.1.111,0,0,0,0,0,0, 192.168.1.111,0,0,0,0,0,0, 192.168.1.111,0,0,0,0,0,0, 192.168.1.111,0,0,0,0,0,0, 192.168.1.111,0,0,0,0,0,0, 192.168.1.111,0,0,0,0,0,0, 192.168.1.111,0,0,0,0,0,0, 192.168.1.111,0.0.0.0,0,0,0,0,0,0,0,0,0,0,1526499426448,0.0,2058.621,0,0,0,0,0,0,0,0,0,0.0,0.0,-1
0.7999999999999999,6,5,3102,4378, 192.168.1.111,173.194.184.41,0,0,0,0,0, 192.168.1.111,172.217.11.35,0,0,0,0,0, 192.168.1.111,172.217.12.206,0,0,0,0,0, 192.168.1.111,172.217.11.3,QUIC,5,4,3025,4249, 192.168.1.111,172.217.9.238,0,0,0,0,0, 192.168.1.111,172.217.10.246,0,0,0,0,0, 192.168.1.111,172.217.17.99,0,0,0,0,0, 192.168.1.111,172.217.11.46,0,0,0,0,0, 192.168.1.111,172.217.11.13,0,0,0,0,0, 192.168.1.111,172.217.11.10,0,0,0,0,0, 192.168.1.111,172.217.13.228,0,0,0,0,0, 192.168.1.111,172.217.10.34,0,0,0,0,0, 192.168.1.111,172.217.9.230,0,0,0,0,0, 192.168.1.111,172.217.11.42,0,0,0,0,0, 192.168.1.111,172.217.9.234,0,0,0,0,0, 192.168.1.111,172.217.11.19,0,0,0,0,0, 192.168.1.111,0,0,0,0,0,0, 192.168.1.111,0,0,0,0,0,0, 192.168.1.111,0,0,0,0,0,0, 192.168.1.111,0,0,0,0,0,0, 192.168.1.111,0,0,0,0,0,0, 192.168.1.111,0,0,0,0,0,0, 192.168.1.111,0,0,0,0,0,0, 192.168.1.111,0,0,0,0,0,0, 192.168.1.111,0,0,0,0,0,0, 192.168.1.111,0.0.0.0,0,1,1,77,129,0,0,0,0,0,1526499426448,0.0,2058.621,0,0,0,0,0,0,0,0,0,0.0,0.0,-1
0.8999999999999999,0,1,0,72, 192.168.1.111,173.194.184.41,0,0,0,0,0, 192.168.1.111,172.217.11.35,0,0,0,0,0, 192.168.1.111,172.217.12.206,0,0,0,0,0, 192.168.1.111,172.217.11.3,QUIC,0,1,0,72, 192.168.1.111,172.217.9.238,0,0,0,0,0, 192.168.1.111,172.217.10.246,0,0,0,0,0, 192.168.1.111,172.217.17.99,0,0,0,0,0, 192.168.1.111,172.217.11.46,0,0,0,0,0, 192.168.1.111,172.217.11.13,0,0,0,0,0, 192.168.1.111,172.217.11.10,0,0,0,0,0, 192.168.1.111,172.217.13.228,0,0,0,0,0, 192.168.1.111,172.217.10.34,0,0,0,0,0, 192.168.1.111,172.217.9.230,0,0,0,0,0, 192.168.1.111,172.217.11.42,0,0,0,0,0, 192.168.1.111,172.217.9.234,0,0,0,0,0, 192.168.1.111,172.217.11.19,0,0,0,0,0, 192.168.1.111,0,0,0,0,0,0, 192.168.1.111,0,0,0,0,0,0, 192.168.1.111,0,0,0,0,0,0, 192.168.1.111,0,0,0,0,0,0, 192.168.1.111,0,0,0,0,0,0, 192.168.1.111,0,0,0,0,0,0, 192.168.1.111,0,0,0,0,0,0, 192.168.1.111,0,0,0,0,0,0, 192.168.1.111,0,0,0,0,0,0, 192.168.1.111,0.0.0.0,0,0,0,0,0,0,0,0,0,0,1526499426448,0.0,2058.621,0,0,0,0,0,0,0,0,0,0.0,0.0,-1
1.0,0,0,0,0, 192.168.1.111,173.194.184.41,0,0,0,0,0, 192.168.1.111,172.217.11.35,0,0,0,0,0, 192.168.1.111,172.217.12.206,0,0,0,0,0, 192.168.1.111,172.217.11.3,0,0,0,0,0, 192.168.1.111,172.217.9.238,0,0,0,0,0, 192.168.1.111,172.217.10.246,0,0,0,0,0, 192.168.1.111,172.217.17.99,0,0,0,0,0, 192.168.1.111,172.217.11.46,0,0,0,0,0, 192.168.1.111,172.217.11.13,0,0,0,0,0, 192.168.1.111,172.217.11.10,0,0,0,0,0, 192.168.1.111,172.217.13.228,0,0,0,0,0, 192.168.1.111,172.217.10.34,0,0,0,0,0, 192.168.1.111,172.217.9.230,0,0,0,0,0, 192.168.1.111,172.217.11.42,0,0,0,0,0, 192.168.1.111,172.217.9.234,0,0,0,0,0, 192.168.1.111,172.217.11.19,0,0,0,0,0, 192.168.1.111,0,0,0,0,0,0, 192.168.1.111,0,0,0,0,0,0, 192.168.1.111,0,0,0,0,0,0, 192.168.1.111,0,0,0,0,0,0, 192.168.1.111,0,0,0,0,0,0, 192.168.1.111,0,0,0,0,0,0, 192.168.1.111,0,0,0,0,0,0, 192.168.1.111,0,0,0,0,0,0, 192.168.1.111,0,0,0,0,0,0, 192.168.1.111,0.0.0.0,0,0,0,0,0,0,0,0,0,0,1526499426448,0.0,2058.621,0,0,0,0,0,0,0,0,0,0.0,0.0,-1
1.1,0,0,0,0, 192.168.1.111,173.194.184.41,0,0,0,0,0, 192.168.1.111,172.217.11.35,0,0,0,0,0, 192.168.1.111,172.217.12.206,0,0,0,0,0, 192.168.1.111,172.217.11.3,0,0,0,0,0, 192.168.1.111,172.217.9.238,0,0,0,0,0, 192.168.1.111,172.217.10.246,0,0,0,0,0, 192.168.1.111,172.217.17.99,0,0,0,0,0, 192.168.1.111,172.217.11.46,0,0,0,0,0, 192.168.1.111,172.217.11.13,0,0,0,0,0, 192.168.1.111,172.217.11.10,0,0,0,0,0, 192.168.1.111,172.217.13.228,0,0,0,0,0, 192.168.1.111,172.217.10.34,0,0,0,0,0, 192.168.1.111,172.217.9.230,0,0,0,0,0, 192.168.1.111,172.217.11.42,0,0,0,0,0, 192.168.1.111,172.217.9.234,0,0,0,0,0, 192.168.1.111,172.217.11.19,0,0,0,0,0, 192.168.1.111,0,0,0,0,0,0, 192.168.1.111,0,0,0,0,0,0, 192.168.1.111,0,0,0,0,0,0, 192.168.1.111,0,0,0,0,0,0, 192.168.1.111,0,0,0,0,0,0, 192.168.1.111,0,0,0,0,0,0, 192.168.1.111,0,0,0,0,0,0, 192.168.1.111,0,0,0,0,0,0, 192.168.1.111,0,0,0,0,0,0, 192.168.1.111,0.0.0.0,0,0,0,0,0,0,0,0,0,0,1526499426448,0.0,2058.621,0,0,0,0,0,0,0,0,0,0.0,0.0,-1
1.2,5,1,4507,137, 192.168.1.111,173.194.184.41,0,0,0,0,0, 192.168.1.111,172.217.11.35,0,0,0,0,0, 192.168.1.111,172.217.12.206,0,0,0,0,0, 192.168.1.111,172.217.11.3,0,0,0,0,0, 192.168.1.111,172.217.9.238,QUIC,1,0,239,0, 192.168.1.111,172.217.10.246,0,0,0,0,0, 192.168.1.111,172.217.17.99,0,0,0,0,0, 192.168.1.111,172.217.11.46,0,0,0,0,0, 192.168.1.111,172.217.11.13,0,0,0,0,0, 192.168.1.111,172.217.11.10,0,0,0,0,0, 192.168.1.111,172.217.13.228,QUIC,1,0,1392,0, 192.168.1.111,172.217.10.34,QUIC,1,0,1392,0, 192.168.1.111,172.217.9.230,QUIC,1,0,1392,0, 192.168.1.111,172.217.11.42,0,0,0,0,0, 192.168.1.111,172.217.9.234,0,0,0,0,0, 192.168.1.111,172.217.11.19,0,0,0,0,0, 192.168.1.111,0,0,0,0,0,0, 192.168.1.111,0,0,0,0,0,0, 192.168.1.111,0,0,0,0,0,0, 192.168.1.111,0,0,0,0,0,0, 192.168.1.111,0,0,0,0,0,0, 192.168.1.111,0,0,0,0,0,0, 192.168.1.111,0,0,0,0,0,0, 192.168.1.111,0,0,0,0,0,0, 192.168.1.111,0,0,0,0,0,0, 192.168.1.111,0.0.0.0,0,1,1,92,137,0,0,0,0,0,1526499426448,0.0,2058.621,0,0,0,0,0,0,0,0,0,0.0,0.0,-1
1.3,19,29,5462,29100, 192.168.1.111,173.194.184.41,0,0,0,0,0, 192.168.1.111,172.217.11.35,0,0,0,0,0, 192.168.1.111,172.217.12.206,0,0,0,0,0, 192.168.1.111,172.217.11.3,0,0,0,0,0, 192.168.1.111,172.217.9.238,QUIC,7,15,563,16209, 192.168.1.111,172.217.10.246,0,0,0,0,0, 192.168.1.111,172.217.17.99,0,0,0,0,0, 192.168.1.111,172.217.11.46,0,0,0,0,0, 192.168.1.111,172.217.11.13,0,0,0,0,0, 192.168.1.111,172.217.11.10,0,0,0,0,0, 192.168.1.111,172.217.13.228,QUIC,4,4,1633,4249, 192.168.1.111,172.217.10.34,QUIC,4,5,1633,4321, 192.168.1.111,172.217.9.230,QUIC,4,5,1633,4321, 192.168.1.111,172.217.11.42,0,0,0,0,0, 192.168.1.111,172.217.9.234,0,0,0,0,0, 192.168.1.111,172.217.11.19,0,0,0,0,0, 192.168.1.111,0,0,0,0,0,0, 192.168.1.111,0,0,0,0,0,0, 192.168.1.111,0,0,0,0,0,0, 192.168.1.111,0,0,0,0,0,0, 192.168.1.111,0,0,0,0,0,0, 192.168.1.111,0,0,0,0,0,0, 192.168.1.111,0,0,0,0,0,0, 192.168.1.111,0,0,0,0,0,0, 192.168.1.111,0,0,0,0,0,0, 192.168.1.111,0.0.0.0,0,0,0,0,0,0,0,0,0,0,1526499426448,0.0,2058.621,0,0,0,0,0,0,0,0,0,0.0,0.0,-1
1.4,1,1,217,72, 192.168.1.111,173.194.184.41,0,0,0,0,0, 192.168.1.111,172.217.11.35,0,0,0,0,0, 192.168.1.111,172.217.12.206,0,0,0,0,0, 192.168.1.111,172.217.11.3,0,0,0,0,0, 192.168.1.111,172.217.9.238,0,0,0,0,0, 192.168.1.111,172.217.10.246,0,0,0,0,0, 192.168.1.111,172.217.17.99,0,0,0,0,0, 192.168.1.111,172.217.11.46,0,0,0,0,0, 192.168.1.111,172.217.11.13,0,0,0,0,0, 192.168.1.111,172.217.11.10,0,0,0,0,0, 192.168.1.111,172.217.13.228,QUIC,0,1,0,72, 192.168.1.111,172.217.10.34,0,0,0,0,0, 192.168.1.111,172.217.9.230,0,0,0,0,0, 192.168.1.111,172.217.11.42,0,0,0,0,0, 192.168.1.111,172.217.9.234,0,0,0,0,0, 192.168.1.111,172.217.11.19,0,0,0,0,0, 192.168.1.111,0,0,0,0,0,0, 192.168.1.111,0,0,0,0,0,0, 192.168.1.111,0,0,0,0,0,0, 192.168.1.111,0,0,0,0,0,0, 192.168.1.111,0,0,0,0,0,0, 192.168.1.111,0,0,0,0,0,0, 192.168.1.111,0,0,0,0,0,0, 192.168.1.111,0,0,0,0,0,0, 192.168.1.111,0,0,0,0,0,0, 192.168.1.111,0.0.0.0,0,1,0,217,0,0,0,0,0,0,1526499426448,0.0,2058.621,0,0,0,0,0,0,0,0,0,0.0,0.0,-1
1.5000000000000002,0,0,0,0, 192.168.1.111,173.194.184.41,0,0,0,0,0, 192.168.1.111,172.217.11.35,0,0,0,0,0, 192.168.1.111,172.217.12.206,0,0,0,0,0, 192.168.1.111,172.217.11.3,0,0,0,0,0, 192.168.1.111,172.217.9.238,0,0,0,0,0, 192.168.1.111,172.217.10.246,0,0,0,0,0, 192.168.1.111,172.217.17.99,0,0,0,0,0, 192.168.1.111,172.217.11.46,0,0,0,0,0, 192.168.1.111,172.217.11.13,0,0,0,0,0, 192.168.1.111,172.217.11.10,0,0,0,0,0, 192.168.1.111,172.217.13.228,0,0,0,0,0, 192.168.1.111,172.217.10.34,0,0,0,0,0, 192.168.1.111,172.217.9.230,0,0,0,0,0, 192.168.1.111,172.217.11.42,0,0,0,0,0, 192.168.1.111,172.217.9.234,0,0,0,0,0, 192.168.1.111,172.217.11.19,0,0,0,0,0, 192.168.1.111,0,0,0,0,0,0, 192.168.1.111,0,0,0,0,0,0, 192.168.1.111,0,0,0,0,0,0, 192.168.1.111,0,0,0,0,0,0, 192.168.1.111,0,0,0,0,0,0, 192.168.1.111,0,0,0,0,0,0, 192.168.1.111,0,0,0,0,0,0, 192.168.1.111,0,0,0,0,0,0, 192.168.1.111,0,0,0,0,0,0, 192.168.1.111,0.0.0.0,0,0,0,0,0,0,0,0,0,0,1526499426448,0.0,2058.621,0,0,0,0,0,0,0,0,0,0.0,0.0,-1
1.6000000000000003,2,0,1090,0, 192.168.1.111,173.194.184.41,0,0,0,0,0, 192.168.1.111,172.217.11.35,0,0,0,0,0, 192.168.1.111,172.217.12.206,0,0,0,0,0, 192.168.1.111,172.217.11.3,0,0,0,0,0, 192.168.1.111,172.217.9.238,0,0,0,0,0, 192.168.1.111,172.217.10.246,0,0,0,0,0, 192.168.1.111,172.217.17.99,0,0,0,0,0, 192.168.1.111,172.217.11.46,0,0,0,0,0, 192.168.1.111,172.217.11.13,0,0,0,0,0, 192.168.1.111,172.217.11.10,0,0,0,0,0, 192.168.1.111,172.217.13.228,0,0,0,0,0, 192.168.1.111,172.217.10.34,QUIC,1,0,543,0, 192.168.1.111,172.217.9.230,QUIC,1,0,547,0, 192.168.1.111,172.217.11.42,0,0,0,0,0, 192.168.1.111,172.217.9.234,0,0,0,0,0, 192.168.1.111,172.217.11.19,0,0,0,0,0, 192.168.1.111,0,0,0,0,0,0, 192.168.1.111,0,0,0,0,0,0, 192.168.1.111,0,0,0,0,0,0, 192.168.1.111,0,0,0,0,0,0, 192.168.1.111,0,0,0,0,0,0, 192.168.1.111,0,0,0,0,0,0, 192.168.1.111,0,0,0,0,0,0, 192.168.1.111,0,0,0,0,0,0, 192.168.1.111,0,0,0,0,0,0, 192.168.1.111,0.0.0.0,0,0,0,0,0,0,0,0,0,0,1526499426448,0.0,2058.621,0,0,0,0,0,0,0,0,0,0.0,0.0,-1
1.7000000000000004,2,4,166,1323, 192.168.1.111,173.194.184.41,0,0,0,0,0, 192.168.1.111,172.217.11.35,0,0,0,0,0, 192.168.1.111,172.217.12.206,0,0,0,0,0, 192.168.1.111,172.217.11.3,0,0,0,0,0, 192.168.1.111,172.217.9.238,0,0,0,0,0, 192.168.1.111,172.217.10.246,0,0,0,0,0, 192.168.1.111,172.217.17.99,0,0,0,0,0, 192.168.1.111,172.217.11.46,0,0,0,0,0, 192.168.1.111,172.217.11.13,0,0,0,0,0, 192.168.1.111,172.217.11.10,0,0,0,0,0, 192.168.1.111,172.217.13.228,0,0,0,0,0, 192.168.1.111,172.217.10.34,QUIC,1,2,83,1011, 192.168.1.111,172.217.9.230,QUIC,1,2,83,312, 192.168.1.111,172.217.11.42,0,0,0,0,0, 192.168.1.111,172.217.9.234,0,0,0,0,0, 192.168.1.111,172.217.11.19,0,0,0,0,0, 192.168.1.111,0,0,0,0,0,0, 192.168.1.111,0,0,0,0,0,0, 192.168.1.111,0,0,0,0,0,0, 192.168.1.111,0,0,0,0,0,0, 192.168.1.111,0,0,0,0,0,0, 192.168.1.111,0,0,0,0,0,0, 192.168.1.111,0,0,0,0,0,0, 192.168.1.111,0,0,0,0,0,0, 192.168.1.111,0,0,0,0,0,0, 192.168.1.111,0.0.0.0,0,0,0,0,0,0,0,0,0,0,1526499426448,0.0,2058.621,0,0,0,0,0,0,0,0,0,0.0,0.0,-1
1.8000000000000005,2,0,890,0, 192.168.1.111,173.194.184.41,0,0,0,0,0, 192.168.1.111,172.217.11.35,0,0,0,0,0, 192.168.1.111,172.217.12.206,0,0,0,0,0, 192.168.1.111,172.217.11.3,0,0,0,0,0, 192.168.1.111,172.217.9.238,QUIC,2,0,890,0, 192.168.1.111,172.217.10.246,0,0,0,0,0, 192.168.1.111,172.217.17.99,0,0,0,0,0, 192.168.1.111,172.217.11.46,0,0,0,0,0, 192.168.1.111,172.217.11.13,0,0,0,0,0, 192.168.1.111,172.217.11.10,0,0,0,0,0, 192.168.1.111,172.217.13.228,0,0,0,0,0, 192.168.1.111,172.217.10.34,0,0,0,0,0, 192.168.1.111,172.217.9.230,0,0,0,0,0, 192.168.1.111,172.217.11.42,0,0,0,0,0, 192.168.1.111,172.217.9.234,0,0,0,0,0, 192.168.1.111,172.217.11.19,0,0,0,0,0, 192.168.1.111,0,0,0,0,0,0, 192.168.1.111,0,0,0,0,0,0, 192.168.1.111,0,0,0,0,0,0, 192.168.1.111,0,0,0,0,0,0, 192.168.1.111,0,0,0,0,0,0, 192.168.1.111,0,0,0,0,0,0, 192.168.1.111,0,0,0,0,0,0, 192.168.1.111,0,0,0,0,0,0, 192.168.1.111,0,0,0,0,0,0, 192.168.1.111,0.0.0.0,0,0,0,0,0,0,0,0,0,0,1526499426448,0.0,2058.621,0,0,0,0,0,0,0,0,0,0.0,0.0,-1
1.9000000000000008,1,1,425,93, 192.168.1.111,173.194.184.41,0,0,0,0,0, 192.168.1.111,172.217.11.35,0,0,0,0,0, 192.168.1.111,172.217.12.206,0,0,0,0,0, 192.168.1.111,172.217.11.3,0,0,0,0,0, 192.168.1.111,172.217.9.238,QUIC,1,1,425,93, 192.168.1.111,172.217.10.246,0,0,0,0,0, 192.168.1.111,172.217.17.99,0,0,0,0,0, 192.168.1.111,172.217.11.46,0,0,0,0,0, 192.168.1.111,172.217.11.13,0,0,0,0,0, 192.168.1.111,172.217.11.10,0,0,0,0,0, 192.168.1.111,172.217.13.228,0,0,0,0,0, 192.168.1.111,172.217.10.34,0,0,0,0,0, 192.168.1.111,172.217.9.230,0,0,0,0,0, 192.168.1.111,172.217.11.42,0,0,0,0,0, 192.168.1.111,172.217.9.234,0,0,0,0,0, 192.168.1.111,172.217.11.19,0,0,0,0,0, 192.168.1.111,0,0,0,0,0,0, 192.168.1.111,0,0,0,0,0,0, 192.168.1.111,0,0,0,0,0,0, 192.168.1.111,0,0,0,0,0,0, 192.168.1.111,0,0,0,0,0,0, 192.168.1.111,0,0,0,0,0,0, 192.168.1.111,0,0,0,0,0,0, 192.168.1.111,0,0,0,0,0,0, 192.168.1.111,0,0,0,0,0,0, 192.168.1.111,0.0.0.0,0,0,0,0,0,0,0,0,0,0,1526499426448,0.0,2058.621,0,0,0,0,0,0,0,0,0,0.0,0.0,-1
2.0000000000000004,0,0,0,0, 192.168.1.111,173.194.184.41,0,0,0,0,0, 192.168.1.111,172.217.11.35,0,0,0,0,0, 192.168.1.111,172.217.12.206,0,0,0,0,0, 192.168.1.111,172.217.11.3,0,0,0,0,0, 192.168.1.111,172.217.9.238,0,0,0,0,0, 192.168.1.111,172.217.10.246,0,0,0,0,0, 192.168.1.111,172.217.17.99,0,0,0,0,0, 192.168.1.111,172.217.11.46,0,0,0,0,0, 192.168.1.111,172.217.11.13,0,0,0,0,0, 192.168.1.111,172.217.11.10,0,0,0,0,0, 192.168.1.111,172.217.13.228,0,0,0,0,0, 192.168.1.111,172.217.10.34,0,0,0,0,0, 192.168.1.111,172.217.9.230,0,0,0,0,0, 192.168.1.111,172.217.11.42,0,0,0,0,0, 192.168.1.111,172.217.9.234,0,0,0,0,0, 192.168.1.111,172.217.11.19,0,0,0,0,0, 192.168.1.111,0,0,0,0,0,0, 192.168.1.111,0,0,0,0,0,0, 192.168.1.111,0,0,0,0,0,0, 192.168.1.111,0,0,0,0,0,0, 192.168.1.111,0,0,0,0,0,0, 192.168.1.111,0,0,0,0,0,0, 192.168.1.111,0,0,0,0,0,0, 192.168.1.111,0,0,0,0,0,0, 192.168.1.111,0,0,0,0,0,0, 192.168.1.111,0.0.0.0,0,0,0,0,0,0,0,0,0,0,1526499426448,0.0,2058.621,0,0,0,0,0,0,0,0,0,0.0,0.0,-1
2.1000000000000005,2,4,511,520, 192.168.1.111,173.194.184.41,0,0,0,0,0, 192.168.1.111,172.217.11.35,0,0,0,0,0, 192.168.1.111,172.217.12.206,0,0,0,0,0, 192.168.1.111,172.217.11.3,0,0,0,0,0, 192.168.1.111,172.217.9.238,QUIC,2,4,511,520, 192.168.1.111,172.217.10.246,0,0,0,0,0, 192.168.1.111,172.217.17.99,0,0,0,0,0, 192.168.1.111,172.217.11.46,0,0,0,0,0, 192.168.1.111,172.217.11.13,0,0,0,0,0, 192.168.1.111,172.217.11.10,0,0,0,0,0, 192.168.1.111,172.217.13.228,0,0,0,0,0, 192.168.1.111,172.217.10.34,0,0,0,0,0, 192.168.1.111,172.217.9.230,0,0,0,0,0, 192.168.1.111,172.217.11.42,0,0,0,0,0, 192.168.1.111,172.217.9.234,0,0,0,0,0, 192.168.1.111,172.217.11.19,0,0,0,0,0, 192.168.1.111,0,0,0,0,0,0, 192.168.1.111,0,0,0,0,0,0, 192.168.1.111,0,0,0,0,0,0, 192.168.1.111,0,0,0,0,0,0, 192.168.1.111,0,0,0,0,0,0, 192.168.1.111,0,0,0,0,0,0, 192.168.1.111,0,0,0,0,0,0, 192.168.1.111,0,0,0,0,0,0, 192.168.1.111,0,0,0,0,0,0, 192.168.1.111,0.0.0.0,0,0,0,0,0,0,0,0,0,0,1526499426448,0.0,2058.621,0,0,0,0,0,0,0,0,0,0.0,0.0,-1
4.999999999999998,19,75,3799,100461, 192.168.1.111,173.194.184.41,QUIC,16,72,2556,100224, 192.168.1.111,172.217.11.35,0,0,0,0,0, 192.168.1.111,172.217.12.206,0,0,0,0,0, 192.168.1.111,172.217.11.3,0,0,0,0,0, 192.168.1.111,172.217.9.238,QUIC,3,3,1243,237, 192.168.1.111,172.217.10.246,0,0,0,0,0, 192.168.1.111,172.217.17.99,0,0,0,0,0, 192.168.1.111,172.217.11.46,0,0,0,0,0, 192.168.1.111,172.217.11.13,0,0,0,0,0, 192.168.1.111,172.217.11.10,0,0,0,0,0, 192.168.1.111,172.217.13.228,0,0,0,0,0, 192.168.1.111,172.217.10.34,0,0,0,0,0, 192.168.1.111,172.217.9.230,0,0,0,0,0, 192.168.1.111,172.217.11.42,0,0,0,0,0, 192.168.1.111,172.217.9.234,0,0,0,0,0, 192.168.1.111,172.217.11.19,0,0,0,0,0, 192.168.1.111,0,0,0,0,0,0, 192.168.1.111,0,0,0,0,0,0, 192.168.1.111,0,0,0,0,0,0, 192.168.1.111,0,0,0,0,0,0, 192.168.1.111,0,0,0,0,0,0, 192.168.1.111,0,0,0,0,0,0, 192.168.1.111,0,0,0,0,0,0, 192.168.1.111,0,0,0,0,0,0, 192.168.1.111,0,0,0,0,0,0, 192.168.1.111,0.0.0.0,0,0,0,0,0,1,0,1,0,1526499430274,1526499426448,1758.0,2058.621,0,0,0,0,1,0,0,0,0,2.0009999999999764,0.8549417304107944,true
1800.0999999994583,0,0,0,0, 192.168.1.111,173.194.184.41,0,0,0,0,0, 192.168.1.111,172.217.11.35,0,0,0,0,0, 192.168.1.111,172.217.12.206,0,0,0,0,0, 192.168.1.111,172.217.11.3,0,0,0,0,0, 192.168.1.111,172.217.9.238,0,0,0,0,0, 192.168.1.111,172.217.10.246,0,0,0,0,0, 192.168.1.111,172.217.17.99,0,0,0,0,0, 192.168.1.111,172.217.11.46,0,0,0,0,0, 192.168.1.111,172.217.11.13,0,0,0,0,0, 192.168.1.111,172.217.11.10,0,0,0,0,0, 192.168.1.111,172.217.13.228,0,0,0,0,0, 192.168.1.111,172.217.10.34,0,0,0,0,0, 192.168.1.111,172.217.9.230,0,0,0,0,0, 192.168.1.111,172.217.11.42,0,0,0,0,0, 192.168.1.111,172.217.9.234,0,0,0,0,0, 192.168.1.111,172.217.11.19,0,0,0,0,0, 192.168.1.111,0,0,0,0,0,0, 192.168.1.111,0,0,0,0,0,0, 192.168.1.111,0,0,0,0,0,0, 192.168.1.111,0,0,0,0,0,0, 192.168.1.111,0,0,0,0,0,0, 192.168.1.111,0,0,0,0,0,0, 192.168.1.111,0,0,0,0,0,0, 192.168.1.111,0,0,0,0,0,0, 192.168.1.111,0,0,0,0,0,0, 192.168.1.111,0.0.0.0,0,0,0,0,0,0,0,0,0,0,1526499426448,0.0,2058.621,0,0,0,0,0,0,0,0,0,0.0,0.0,-1
1800.1999999994582,0,0,0,0, 192.168.1.111,173.194.184.41,0,0,0,0,0, 192.168.1.111,172.217.11.35,0,0,0,0,0, 192.168.1.111,172.217.12.206,0,0,0,0,0, 192.168.1.111,172.217.11.3,0,0,0,0,0, 192.168.1.111,172.217.9.238,0,0,0,0,0, 192.168.1.111,172.217.10.246,0,0,0,0,0, 192.168.1.111,172.217.17.99,0,0,0,0,0, 192.168.1.111,172.217.11.46,0,0,0,0,0, 192.168.1.111,172.217.11.13,0,0,0,0,0, 192.168.1.111,172.217.11.10,0,0,0,0,0, 192.168.1.111,172.217.13.228,0,0,0,0,0, 192.168.1.111,172.217.10.34,0,0,0,0,0, 192.168.1.111,172.217.9.230,0,0,0,0,0, 192.168.1.111,172.217.11.42,0,0,0,0,0, 192.168.1.111,172.217.9.234,0,0,0,0,0, 192.168.1.111,172.217.11.19,0,0,0,0,0, 192.168.1.111,0,0,0,0,0,0, 192.168.1.111,0,0,0,0,0,0, 192.168.1.111,0,0,0,0,0,0, 192.168.1.111,0,0,0,0,0,0, 192.168.1.111,0,0,0,0,0,0, 192.168.1.111,0,0,0,0,0,0, 192.168.1.111,0,0,0,0,0,0, 192.168.1.111,0,0,0,0,0,0, 192.168.1.111,0,0,0,0,0,0, 192.168.1.111,0.0.0.0,0,0,0,0,0,0,0,0,0,0,1526499426448,0.0,2058.621,0,0,0,0,0,0,0,0,0,0.0,0.0,-1
1800.299999999458,0,0,0,0, 192.168.1.111,173.194.184.41,0,0,0,0,0, 192.168.1.111,172.217.11.35,0,0,0,0,0, 192.168.1.111,172.217.12.206,0,0,0,0,0, 192.168.1.111,172.217.11.3,0,0,0,0,0, 192.168.1.111,172.217.9.238,0,0,0,0,0, 192.168.1.111,172.217.10.246,0,0,0,0,0, 192.168.1.111,172.217.17.99,0,0,0,0,0, 192.168.1.111,172.217.11.46,0,0,0,0,0, 192.168.1.111,172.217.11.13,0,0,0,0,0, 192.168.1.111,172.217.11.10,0,0,0,0,0, 192.168.1.111,172.217.13.228,0,0,0,0,0, 192.168.1.111,172.217.10.34,0,0,0,0,0, 192.168.1.111,172.217.9.230,0,0,0,0,0, 192.168.1.111,172.217.11.42,0,0,0,0,0, 192.168.1.111,172.217.9.234,0,0,0,0,0, 192.168.1.111,172.217.11.19,0,0,0,0,0, 192.168.1.111,0,0,0,0,0,0, 192.168.1.111,0,0,0,0,0,0, 192.168.1.111,0,0,0,0,0,0, 192.168.1.111,0,0,0,0,0,0, 192.168.1.111,0,0,0,0,0,0, 192.168.1.111,0,0,0,0,0,0, 192.168.1.111,0,0,0,0,0,0, 192.168.1.111,0,0,0,0,0,0, 192.168.1.111,0,0,0,0,0,0, 192.168.1.111,0.0.0.0,0,0,0,0,0,0,0,0,0,0,1526499426448,0.0,2058.621,0,0,0,0,0,0,0,0,0,0.0,0.0,-1
1800.399999999458,0,0,0,0, 192.168.1.111,173.194.184.41,0,0,0,0,0, 192.168.1.111,172.217.11.35,0,0,0,0,0, 192.168.1.111,172.217.12.206,0,0,0,0,0, 192.168.1.111,172.217.11.3,0,0,0,0,0, 192.168.1.111,172.217.9.238,0,0,0,0,0, 192.168.1.111,172.217.10.246,0,0,0,0,0, 192.168.1.111,172.217.17.99,0,0,0,0,0, 192.168.1.111,172.217.11.46,0,0,0,0,0, 192.168.1.111,172.217.11.13,0,0,0,0,0, 192.168.1.111,172.217.11.10,0,0,0,0,0, 192.168.1.111,172.217.13.228,0,0,0,0,0, 192.168.1.111,172.217.10.34,0,0,0,0,0, 192.168.1.111,172.217.9.230,0,0,0,0,0, 192.168.1.111,172.217.11.42,0,0,0,0,0, 192.168.1.111,172.217.9.234,0,0,0,0,0, 192.168.1.111,172.217.11.19,0,0,0,0,0, 192.168.1.111,0,0,0,0,0,0, 192.168.1.111,0,0,0,0,0,0, 192.168.1.111,0,0,0,0,0,0, 192.168.1.111,0,0,0,0,0,0, 192.168.1.111,0,0,0,0,0,0, 192.168.1.111,0,0,0,0,0,0, 192.168.1.111,0,0,0,0,0,0, 192.168.1.111,0,0,0,0,0,0, 192.168.1.111,0,0,0,0,0,0, 192.168.1.111,0.0.0.0,0,0,0,0,0,0,0,0,0,0,1526499426448,0.0,2058.621,0,0,0,0,0,0,0,0,0,0.0,0.0,-1
1800.499999999458,0,0,0,0, 192.168.1.111,173.194.184.41,0,0,0,0,0, 192.168.1.111,172.217.11.35,0,0,0,0,0, 192.168.1.111,172.217.12.206,0,0,0,0,0, 192.168.1.111,172.217.11.3,0,0,0,0,0, 192.168.1.111,172.217.9.238,0,0,0,0,0, 192.168.1.111,172.217.10.246,0,0,0,0,0, 192.168.1.111,172.217.17.99,0,0,0,0,0, 192.168.1.111,172.217.11.46,0,0,0,0,0, 192.168.1.111,172.217.11.13,0,0,0,0,0, 192.168.1.111,172.217.11.10,0,0,0,0,0, 192.168.1.111,172.217.13.228,0,0,0,0,0, 192.168.1.111,172.217.10.34,0,0,0,0,0, 192.168.1.111,172.217.9.230,0,0,0,0,0, 192.168.1.111,172.217.11.42,0,0,0,0,0, 192.168.1.111,172.217.9.234,0,0,0,0,0, 192.168.1.111,172.217.11.19,0,0,0,0,0, 192.168.1.111,0,0,0,0,0,0, 192.168.1.111,0,0,0,0,0,0, 192.168.1.111,0,0,0,0,0,0, 192.168.1.111,0,0,0,0,0,0, 192.168.1.111,0,0,0,0,0,0, 192.168.1.111,0,0,0,0,0,0, 192.168.1.111,0,0,0,0,0,0, 192.168.1.111,0,0,0,0,0,0, 192.168.1.111,0,0,0,0,0,0, 192.168.1.111,0.0.0.0,0,0,0,0,0,0,0,0,0,0,1526499426448,0.0,2058.621,0,0,0,0,0,0,0,0,0,0.0,0.0,-1
1800.599999999458,0,0,0,0, 192.168.1.111,173.194.184.41,0,0,0,0,0, 192.168.1.111,172.217.11.35,0,0,0,0,0, 192.168.1.111,172.217.12.206,0,0,0,0,0, 192.168.1.111,172.217.11.3,0,0,0,0,0, 192.168.1.111,172.217.9.238,0,0,0,0,0, 192.168.1.111,172.217.10.246,0,0,0,0,0, 192.168.1.111,172.217.17.99,0,0,0,0,0, 192.168.1.111,172.217.11.46,0,0,0,0,0, 192.168.1.111,172.217.11.13,0,0,0,0,0, 192.168.1.111,172.217.11.10,0,0,0,0,0, 192.168.1.111,172.217.13.228,0,0,0,0,0, 192.168.1.111,172.217.10.34,0,0,0,0,0, 192.168.1.111,172.217.9.230,0,0,0,0,0, 192.168.1.111,172.217.11.42,0,0,0,0,0, 192.168.1.111,172.217.9.234,0,0,0,0,0, 192.168.1.111,172.217.11.19,0,0,0,0,0, 192.168.1.111,0,0,0,0,0,0, 192.168.1.111,0,0,0,0,0,0, 192.168.1.111,0,0,0,0,0,0, 192.168.1.111,0,0,0,0,0,0, 192.168.1.111,0,0,0,0,0,0, 192.168.1.111,0,0,0,0,0,0, 192.168.1.111,0,0,0,0,0,0, 192.168.1.111,0,0,0,0,0,0, 192.168.1.111,0,0,0,0,0,0, 192.168.1.111,0.0.0.0,0,0,0,0,0,0,0,0,0,0,1526499426448,0.0,2058.621,0,0,0,0,0,0,0,0,0,0.0,0.0,-1
1800.6999999994578,0,0,0,0, 192.168.1.111,173.194.184.41,0,0,0,0,0, 192.168.1.111,172.217.11.35,0,0,0,0,0, 192.168.1.111,172.217.12.206,0,0,0,0,0, 192.168.1.111,172.217.11.3,0,0,0,0,0, 192.168.1.111,172.217.9.238,0,0,0,0,0, 192.168.1.111,172.217.10.246,0,0,0,0,0, 192.168.1.111,172.217.17.99,0,0,0,0,0, 192.168.1.111,172.217.11.46,0,0,0,0,0, 192.168.1.111,172.217.11.13,0,0,0,0,0, 192.168.1.111,172.217.11.10,0,0,0,0,0, 192.168.1.111,172.217.13.228,0,0,0,0,0, 192.168.1.111,172.217.10.34,0,0,0,0,0, 192.168.1.111,172.217.9.230,0,0,0,0,0, 192.168.1.111,172.217.11.42,0,0,0,0,0, 192.168.1.111,172.217.9.234,0,0,0,0,0, 192.168.1.111,172.217.11.19,0,0,0,0,0, 192.168.1.111,0,0,0,0,0,0, 192.168.1.111,0,0,0,0,0,0, 192.168.1.111,0,0,0,0,0,0, 192.168.1.111,0,0,0,0,0,0, 192.168.1.111,0,0,0,0,0,0, 192.168.1.111,0,0,0,0,0,0, 192.168.1.111,0,0,0,0,0,0, 192.168.1.111,0,0,0,0,0,0, 192.168.1.111,0,0,0,0,0,0, 192.168.1.111,0.0.0.0,0,0,0,0,0,0,0,0,0,0,1526499426448,0.0,2058.621,0,0,0,0,0,0,0,0,0,0.0,0.0,-1
1800.7999999994577,0,0,0,0, 192.168.1.111,173.194.184.41,0,0,0,0,0, 192.168.1.111,172.217.11.35,0,0,0,0,0, 192.168.1.111,172.217.12.206,0,0,0,0,0, 192.168.1.111,172.217.11.3,0,0,0,0,0, 192.168.1.111,172.217.9.238,0,0,0,0,0, 192.168.1.111,172.217.10.246,0,0,0,0,0, 192.168.1.111,172.217.17.99,0,0,0,0,0, 192.168.1.111,172.217.11.46,0,0,0,0,0, 192.168.1.111,172.217.11.13,0,0,0,0,0, 192.168.1.111,172.217.11.10,0,0,0,0,0, 192.168.1.111,172.217.13.228,0,0,0,0,0, 192.168.1.111,172.217.10.34,0,0,0,0,0, 192.168.1.111,172.217.9.230,0,0,0,0,0, 192.168.1.111,172.217.11.42,0,0,0,0,0, 192.168.1.111,172.217.9.234,0,0,0,0,0, 192.168.1.111,172.217.11.19,0,0,0,0,0, 192.168.1.111,0,0,0,0,0,0, 192.168.1.111,0,0,0,0,0,0, 192.168.1.111,0,0,0,0,0,0, 192.168.1.111,0,0,0,0,0,0, 192.168.1.111,0,0,0,0,0,0, 192.168.1.111,0,0,0,0,0,0, 192.168.1.111,0,0,0,0,0,0, 192.168.1.111,0,0,0,0,0,0, 192.168.1.111,0,0,0,0,0,0, 192.168.1.111,0.0.0.0,0,0,0,0,0,0,0,0,0,0,1526499426448,0.0,2058.621,0,0,0,0,0,0,0,0,0,0.0,0.0,-1
1800.8999999994576,0,0,0,0, 192.168.1.111,173.194.184.41,0,0,0,0,0, 192.168.1.111,172.217.11.35,0,0,0,0,0, 192.168.1.111,172.217.12.206,0,0,0,0,0, 192.168.1.111,172.217.11.3,0,0,0,0,0, 192.168.1.111,172.217.9.238,0,0,0,0,0, 192.168.1.111,172.217.10.246,0,0,0,0,0, 192.168.1.111,172.217.17.99,0,0,0,0,0, 192.168.1.111,172.217.11.46,0,0,0,0,0, 192.168.1.111,172.217.11.13,0,0,0,0,0, 192.168.1.111,172.217.11.10,0,0,0,0,0, 192.168.1.111,172.217.13.228,0,0,0,0,0, 192.168.1.111,172.217.10.34,0,0,0,0,0, 192.168.1.111,172.217.9.230,0,0,0,0,0, 192.168.1.111,172.217.11.42,0,0,0,0,0, 192.168.1.111,172.217.9.234,0,0,0,0,0, 192.168.1.111,172.217.11.19,0,0,0,0,0, 192.168.1.111,0,0,0,0,0,0, 192.168.1.111,0,0,0,0,0,0, 192.168.1.111,0,0,0,0,0,0, 192.168.1.111,0,0,0,0,0,0, 192.168.1.111,0,0,0,0,0,0, 192.168.1.111,0,0,0,0,0,0, 192.168.1.111,0,0,0,0,0,0, 192.168.1.111,0,0,0,0,0,0, 192.168.1.111,0,0,0,0,0,0, 192.168.1.111,0.0.0.0,0,0,0,0,0,0,0,0,0,0,1526499426448,0.0,2058.621,0,0,0,0,0,0,0,0,0,0.0,0.0,-1
0.0,1,0,217,0, 192.168.1.111,74.125.155.202,0,0,0,0,0, 192.168.1.111,172.217.9.227,0,0,0,0,0, 192.168.1.111,172.217.10.110,0,0,0,0,0, 192.168.1.111,172.217.6.238,0,0,0,0,0, 192.168.1.111,172.217.3.110,0,0,0,0,0, 192.168.1.111,172.217.6.227,0,0,0,0,0, 192.168.1.111,209.85.231.140,0,0,0,0,0, 192.168.1.111,216.58.211.131,0,0,0,0,0, 192.168.1.111,172.217.9.243,0,0,0,0,0, 192.168.1.111,172.217.10.66,0,0,0,0,0, 192.168.1.111,172.217.11.35,0,0,0,0,0, 192.168.1.111,172.217.11.10,0,0,0,0,0, 192.168.1.111,172.217.22.163,0,0,0,0,0, 192.168.1.111,172.217.17.67,0,0,0,0,0, 192.168.1.111,172.217.9.230,0,0,0,0,0, 192.168.1.111,172.217.9.238,0,0,0,0,0, 192.168.1.111,172.217.11.3,0,0,0,0,0, 192.168.1.111,172.217.7.22,0,0,0,0,0, 192.168.1.111,23.206.161.22,0,0,0,0,0, 192.168.1.111,172.217.17.131,0,0,0,0,0, 192.168.1.111,216.58.217.68,0,0,0,0,0, 192.168.1.111,172.217.9.234,0,0,0,0,0, 192.168.1.111,0,0,0,0,0,0, 192.168.1.111,0,0,0,0,0,0, 192.168.1.111,0,0,0,0,0,0, 192.168.1.111,0.0.0.0,0,1,0,217,0,0,0,0,0,0,1526405743962,0.0,6252.241,0,0,0,0,0,0,0,0,0,0.0,0.0,-1
0.1,0,0,0,0, 192.168.1.111,74.125.155.202,0,0,0,0,0, 192.168.1.111,172.217.9.227,0,0,0,0,0, 192.168.1.111,172.217.10.110,0,0,0,0,0, 192.168.1.111,172.217.6.238,0,0,0,0,0, 192.168.1.111,172.217.3.110,0,0,0,0,0, 192.168.1.111,172.217.6.227,0,0,0,0,0, 192.168.1.111,209.85.231.140,0,0,0,0,0, 192.168.1.111,216.58.211.131,0,0,0,0,0, 192.168.1.111,172.217.9.243,0,0,0,0,0, 192.168.1.111,172.217.10.66,0,0,0,0,0, 192.168.1.111,172.217.11.35,0,0,0,0,0, 192.168.1.111,172.217.11.10,0,0,0,0,0, 192.168.1.111,172.217.22.163,0,0,0,0,0, 192.168.1.111,172.217.17.67,0,0,0,0,0, 192.168.1.111,172.217.9.230,0,0,0,0,0, 192.168.1.111,172.217.9.238,0,0,0,0,0, 192.168.1.111,172.217.11.3,0,0,0,0,0, 192.168.1.111,172.217.7.22,0,0,0,0,0, 192.168.1.111,23.206.161.22,0,0,0,0,0, 192.168.1.111,172.217.17.131,0,0,0,0,0, 192.168.1.111,216.58.217.68,0,0,0,0,0, 192.168.1.111,172.217.9.234,0,0,0,0,0, 192.168.1.111,0,0,0,0,0,0, 192.168.1.111,0,0,0,0,0,0, 192.168.1.111,0,0,0,0,0,0, 192.168.1.111,0.0.0.0,0,0,0,0,0,0,0,0,0,0,1526405743962,0.0,6252.241,0,0,0,0,0,0,0,0,0,0.0,0.0,-1
0.2,16,13,13243,11911, 192.168.1.111,74.125.155.202,0,0,0,0,0, 192.168.1.111,172.217.9.227,QUIC,3,3,4176,2864, 192.168.1.111,172.217.10.110,QUIC,1,1,239,72, 192.168.1.111,172.217.6.238,0,0,0,0,0, 192.168.1.111,172.217.3.110,0,0,0,0,0, 192.168.1.111,172.217.6.227,0,0,0,0,0, 192.168.1.111,209.85.231.140,0,0,0,0,0, 192.168.1.111,216.58.211.131,0,0,0,0,0, 192.168.1.111,172.217.9.243,0,0,0,0,0, 192.168.1.111,172.217.10.66,QUIC,3,2,2864,2784, 192.168.1.111,172.217.11.35,0,0,0,0,0, 192.168.1.111,172.217.11.10,0,0,0,0,0, 192.168.1.111,172.217.22.163,0,0,0,0,0, 192.168.1.111,172.217.17.67,0,0,0,0,0, 192.168.1.111,172.217.9.230,QUIC,3,2,2864,2784, 192.168.1.111,172.217.9.238,0,0,0,0,0, 192.168.1.111,172.217.11.3,0,0,0,0,0, 192.168.1.111,172.217.7.22,QUIC,3,2,2864,2784, 192.168.1.111,23.206.161.22,0,0,0,0,0, 192.168.1.111,172.217.17.131,0,0,0,0,0, 192.168.1.111,216.58.217.68,0,0,0,0,0, 192.168.1.111,172.217.9.234,0,0,0,0,0, 192.168.1.111,0,0,0,0,0,0, 192.168.1.111,0,0,0,0,0,0, 192.168.1.111,0,0,0,0,0,0, 192.168.1.111,0.0.0.0,0,3,3,236,623,0,0,0,0,0,1526405743962,0.0,6252.241,0,0,0,0,0,0,0,0,0,0.0,0.0,-1
0.3,8,8,647,5860, 192.168.1.111,74.125.155.202,0,0,0,0,0, 192.168.1.111,172.217.9.227,QUIC,2,2,164,1465, 192.168.1.111,172.217.10.110,0,0,0,0,0, 192.168.1.111,172.217.6.238,0,0,0,0,0, 192.168.1.111,172.217.3.110,0,0,0,0,0, 192.168.1.111,172.217.6.227,0,0,0,0,0, 192.168.1.111,209.85.231.140,0,0,0,0,0, 192.168.1.111,216.58.211.131,0,0,0,0,0, 192.168.1.111,172.217.9.243,0,0,0,0,0, 192.168.1.111,172.217.10.66,QUIC,2,2,161,1465, 192.168.1.111,172.217.11.35,0,0,0,0,0, 192.168.1.111,172.217.11.10,0,0,0,0,0, 192.168.1.111,172.217.22.163,0,0,0,0,0, 192.168.1.111,172.217.17.67,0,0,0,0,0, 192.168.1.111,172.217.9.230,QUIC,2,2,161,1465, 192.168.1.111,172.217.9.238,0,0,0,0,0, 192.168.1.111,172.217.11.3,0,0,0,0,0, 192.168.1.111,172.217.7.22,QUIC,2,2,161,1465, 192.168.1.111,23.206.161.22,0,0,0,0,0, 192.168.1.111,172.217.17.131,0,0,0,0,0, 192.168.1.111,216.58.217.68,0,0,0,0,0, 192.168.1.111,172.217.9.234,0,0,0,0,0, 192.168.1.111,0,0,0,0,0,0, 192.168.1.111,0,0,0,0,0,0, 192.168.1.111,0,0,0,0,0,0, 192.168.1.111,0.0.0.0,0,0,0,0,0,0,0,0,0,0,1526405743962,0.0,6252.241,0,0,0,0,0,0,0,0,0,0.0,0.0,-1
0.4,4,0,324,0, 192.168.1.111,74.125.155.202,0,0,0,0,0, 192.168.1.111,172.217.9.227,QUIC,1,0,81,0, 192.168.1.111,172.217.10.110,0,0,0,0,0, 192.168.1.111,172.217.6.238,0,0,0,0,0, 192.168.1.111,172.217.3.110,0,0,0,0,0, 192.168.1.111,172.217.6.227,0,0,0,0,0, 192.168.1.111,209.85.231.140,0,0,0,0,0, 192.168.1.111,216.58.211.131,0,0,0,0,0, 192.168.1.111,172.217.9.243,0,0,0,0,0, 192.168.1.111,172.217.10.66,QUIC,1,0,81,0, 192.168.1.111,172.217.11.35,0,0,0,0,0, 192.168.1.111,172.217.11.10,0,0,0,0,0, 192.168.1.111,172.217.22.163,0,0,0,0,0, 192.168.1.111,172.217.17.67,0,0,0,0,0, 192.168.1.111,172.217.9.230,QUIC,1,0,81,0, 192.168.1.111,172.217.9.238,0,0,0,0,0, 192.168.1.111,172.217.11.3,0,0,0,0,0, 192.168.1.111,172.217.7.22,QUIC,1,0,81,0, 192.168.1.111,23.206.161.22,0,0,0,0,0, 192.168.1.111,172.217.17.131,0,0,0,0,0, 192.168.1.111,216.58.217.68,0,0,0,0,0, 192.168.1.111,172.217.9.234,0,0,0,0,0, 192.168.1.111,0,0,0,0,0,0, 192.168.1.111,0,0,0,0,0,0, 192.168.1.111,0,0,0,0,0,0, 192.168.1.111,0.0.0.0,0,0,0,0,0,0,0,0,0,0,1526405743962,0.0,6252.241,0,0,0,0,0,0,0,0,0,0.0,0.0,-1
0.5,12,24,966,20800, 192.168.1.111,74.125.155.202,0,0,0,0,0, 192.168.1.111,172.217.9.227,QUIC,1,2,81,144, 192.168.1.111,172.217.10.110,QUIC,9,18,723,20368, 192.168.1.111,172.217.6.238,0,0,0,0,0, 192.168.1.111,172.217.3.110,0,0,0,0,0, 192.168.1.111,172.217.6.227,0,0,0,0,0, 192.168.1.111,209.85.231.140,0,0,0,0,0, 192.168.1.111,216.58.211.131,0,0,0,0,0, 192.168.1.111,172.217.9.243,0,0,0,0,0, 192.168.1.111,172.217.10.66,QUIC,1,1,81,72, 192.168.1.111,172.217.11.35,0,0,0,0,0, 192.168.1.111,172.217.11.10,0,0,0,0,0, 192.168.1.111,172.217.22.163,0,0,0,0,0, 192.168.1.111,172.217.17.67,0,0,0,0,0, 192.168.1.111,172.217.9.230,QUIC,0,1,0,72, 192.168.1.111,172.217.9.238,0,0,0,0,0, 192.168.1.111,172.217.11.3,0,0,0,0,0, 192.168.1.111,172.217.7.22,QUIC,1,2,81,144, 192.168.1.111,23.206.161.22,0,0,0,0,0, 192.168.1.111,172.217.17.131,0,0,0,0,0, 192.168.1.111,216.58.217.68,0,0,0,0,0, 192.168.1.111,172.217.9.234,0,0,0,0,0, 192.168.1.111,0,0,0,0,0,0, 192.168.1.111,0,0,0,0,0,0, 192.168.1.111,0,0,0,0,0,0, 192.168.1.111,0.0.0.0,0,0,0,0,0,0,0,0,0,0,1526405743962,0.0,6252.241,0,0,0,0,0,0,0,0,0,0.0,0.0,-1
0.6,0,0,0,0, 192.168.1.111,74.125.155.202,0,0,0,0,0, 192.168.1.111,172.217.9.227,0,0,0,0,0, 192.168.1.111,172.217.10.110,0,0,0,0,0, 192.168.1.111,172.217.6.238,0,0,0,0,0, 192.168.1.111,172.217.3.110,0,0,0,0,0, 192.168.1.111,172.217.6.227,0,0,0,0,0, 192.168.1.111,209.85.231.140,0,0,0,0,0, 192.168.1.111,216.58.211.131,0,0,0,0,0, 192.168.1.111,172.217.9.243,0,0,0,0,0, 192.168.1.111,172.217.10.66,0,0,0,0,0, 192.168.1.111,172.217.11.35,0,0,0,0,0, 192.168.1.111,172.217.11.10,0,0,0,0,0, 192.168.1.111,172.217.22.163,0,0,0,0,0, 192.168.1.111,172.217.17.67,0,0,0,0,0, 192.168.1.111,172.217.9.230,0,0,0,0,0, 192.168.1.111,172.217.9.238,0,0,0,0,0, 192.168.1.111,172.217.11.3,0,0,0,0,0, 192.168.1.111,172.217.7.22,0,0,0,0,0, 192.168.1.111,23.206.161.22,0,0,0,0,0, 192.168.1.111,172.217.17.131,0,0,0,0,0, 192.168.1.111,216.58.217.68,0,0,0,0,0, 192.168.1.111,172.217.9.234,0,0,0,0,0, 192.168.1.111,0,0,0,0,0,0, 192.168.1.111,0,0,0,0,0,0, 192.168.1.111,0,0,0,0,0,0, 192.168.1.111,0.0.0.0,0,0,0,0,0,0,0,0,0,0,1526405743962,0.0,6252.241,0,0,0,0,0,0,0,0,0,0.0,0.0,-1
0.7,2,0,1090,0, 192.168.1.111,74.125.155.202,0,0,0,0,0, 192.168.1.111,172.217.9.227,0,0,0,0,0, 192.168.1.111,172.217.10.110,0,0,0,0,0, 192.168.1.111,172.217.6.238,0,0,0,0,0, 192.168.1.111,172.217.3.110,0,0,0,0,0, 192.168.1.111,172.217.6.227,0,0,0,0,0, 192.168.1.111,209.85.231.140,0,0,0,0,0, 192.168.1.111,216.58.211.131,0,0,0,0,0, 192.168.1.111,172.217.9.243,0,0,0,0,0, 192.168.1.111,172.217.10.66,QUIC,1,0,543,0, 192.168.1.111,172.217.11.35,0,0,0,0,0, 192.168.1.111,172.217.11.10,0,0,0,0,0, 192.168.1.111,172.217.22.163,0,0,0,0,0, 192.168.1.111,172.217.17.67,0,0,0,0,0, 192.168.1.111,172.217.9.230,QUIC,1,0,547,0, 192.168.1.111,172.217.9.238,0,0,0,0,0, 192.168.1.111,172.217.11.3,0,0,0,0,0, 192.168.1.111,172.217.7.22,0,0,0,0,0, 192.168.1.111,23.206.161.22,0,0,0,0,0, 192.168.1.111,172.217.17.131,0,0,0,0,0, 192.168.1.111,216.58.217.68,0,0,0,0,0, 192.168.1.111,172.217.9.234,0,0,0,0,0, 192.168.1.111,0,0,0,0,0,0, 192.168.1.111,0,0,0,0,0,0, 192.168.1.111,0,0,0,0,0,0, 192.168.1.111,0.0.0.0,0,0,0,0,0,0,0,0,0,0,1526405743962,0.0,6252.241,0,0,0,0,0,0,0,0,0,0.0,0.0,-1
0.7999999999999999,2,0,1090,0, 192.168.1.111,74.125.155.202,0,0,0,0,0, 192.168.1.111,172.217.9.227,0,0,0,0,0, 192.168.1.111,172.217.10.110,0,0,0,0,0, 192.168.1.111,172.217.6.238,0,0,0,0,0, 192.168.1.111,172.217.3.110,0,0,0,0,0, 192.168.1.111,172.217.6.227,0,0,0,0,0, 192.168.1.111,209.85.231.140,0,0,0,0,0, 192.168.1.111,216.58.211.131,0,0,0,0,0, 192.168.1.111,172.217.9.243,0,0,0,0,0, 192.168.1.111,172.217.10.66,QUIC,1,0,543,0, 192.168.1.111,172.217.11.35,0,0,0,0,0, 192.168.1.111,172.217.11.10,0,0,0,0,0, 192.168.1.111,172.217.22.163,0,0,0,0,0, 192.168.1.111,172.217.17.67,0,0,0,0,0, 192.168.1.111,172.217.9.230,QUIC,1,0,547,0, 192.168.1.111,172.217.9.238,0,0,0,0,0, 192.168.1.111,172.217.11.3,0,0,0,0,0, 192.168.1.111,172.217.7.22,0,0,0,0,0, 192.168.1.111,23.206.161.22,0,0,0,0,0, 192.168.1.111,172.217.17.131,0,0,0,0,0, 192.168.1.111,216.58.217.68,0,0,0,0,0, 192.168.1.111,172.217.9.234,0,0,0,0,0, 192.168.1.111,0,0,0,0,0,0, 192.168.1.111,0,0,0,0,0,0, 192.168.1.111,0,0,0,0,0,0, 192.168.1.111,0.0.0.0,0,0,0,0,0,0,0,0,0,0,1526405743962,0.0,6252.241,0,0,0,0,0,0,0,0,0,0.0,0.0,-1
0.8999999999999999,0,0,0,0, 192.168.1.111,74.125.155.202,0,0,0,0,0, 192.168.1.111,172.217.9.227,0,0,0,0,0, 192.168.1.111,172.217.10.110,0,0,0,0,0, 192.168.1.111,172.217.6.238,0,0,0,0,0, 192.168.1.111,172.217.3.110,0,0,0,0,0, 192.168.1.111,172.217.6.227,0,0,0,0,0, 192.168.1.111,209.85.231.140,0,0,0,0,0, 192.168.1.111,216.58.211.131,0,0,0,0,0, 192.168.1.111,172.217.9.243,0,0,0,0,0, 192.168.1.111,172.217.10.66,0,0,0,0,0, 192.168.1.111,172.217.11.35,0,0,0,0,0, 192.168.1.111,172.217.11.10,0,0,0,0,0, 192.168.1.111,172.217.22.163,0,0,0,0,0, 192.168.1.111,172.217.17.67,0,0,0,0,0, 192.168.1.111,172.217.9.230,0,0,0,0,0, 192.168.1.111,172.217.9.238,0,0,0,0,0, 192.168.1.111,172.217.11.3,0,0,0,0,0, 192.168.1.111,172.217.7.22,0,0,0,0,0, 192.168.1.111,23.206.161.22,0,0,0,0,0, 192.168.1.111,172.217.17.131,0,0,0,0,0, 192.168.1.111,216.58.217.68,0,0,0,0,0, 192.168.1.111,172.217.9.234,0,0,0,0,0, 192.168.1.111,0,0,0,0,0,0, 192.168.1.111,0,0,0,0,0,0, 192.168.1.111,0,0,0,0,0,0, 192.168.1.111,0.0.0.0,0,0,0,0,0,0,0,0,0,0,1526405743962,0.0,6252.241,0,0,0,0,0,0,0,0,0,0.0,0.0,-1
1.0,4,12,1271,4406, 192.168.1.111,74.125.155.202,0,0,0,0,0, 192.168.1.111,172.217.9.227,0,0,0,0,0, 192.168.1.111,172.217.10.110,QUIC,0,1,0,1392, 192.168.1.111,172.217.6.238,0,0,0,0,0, 192.168.1.111,172.217.3.110,0,0,0,0,0, 192.168.1.111,172.217.6.227,0,0,0,0,0, 192.168.1.111,209.85.231.140,0,0,0,0,0, 192.168.1.111,216.58.211.131,0,0,0,0,0, 192.168.1.111,172.217.9.243,0,0,0,0,0, 192.168.1.111,172.217.10.66,QUIC,2,5,632,2078, 192.168.1.111,172.217.11.35,0,0,0,0,0, 192.168.1.111,172.217.11.10,0,0,0,0,0, 192.168.1.111,172.217.22.163,0,0,0,0,0, 192.168.1.111,172.217.17.67,0,0,0,0,0, 192.168.1.111,172.217.9.230,QUIC,2,6,639,936, 192.168.1.111,172.217.9.238,0,0,0,0,0, 192.168.1.111,172.217.11.3,0,0,0,0,0, 192.168.1.111,172.217.7.22,0,0,0,0,0, 192.168.1.111,23.206.161.22,0,0,0,0,0, 192.168.1.111,172.217.17.131,0,0,0,0,0, 192.168.1.111,216.58.217.68,0,0,0,0,0, 192.168.1.111,172.217.9.234,0,0,0,0,0, 192.168.1.111,0,0,0,0,0,0, 192.168.1.111,0,0,0,0,0,0, 192.168.1.111,0,0,0,0,0,0, 192.168.1.111,0.0.0.0,0,0,0,0,0,0,0,0,0,0,1526405743962,0.0,6252.241,0,0,0,0,0,0,0,0,0,0.0,0.0,-1
1.1,4,1,783,102, 192.168.1.111,74.125.155.202,0,0,0,0,0, 192.168.1.111,172.217.9.227,0,0,0,0,0, 192.168.1.111,172.217.10.110,QUIC,2,0,624,0, 192.168.1.111,172.217.6.238,0,0,0,0,0, 192.168.1.111,172.217.3.110,0,0,0,0,0, 192.168.1.111,172.217.6.227,0,0,0,0,0, 192.168.1.111,209.85.231.140,0,0,0,0,0, 192.168.1.111,216.58.211.131,0,0,0,0,0, 192.168.1.111,172.217.9.243,0,0,0,0,0, 192.168.1.111,172.217.10.66,0,0,0,0,0, 192.168.1.111,172.217.11.35,0,0,0,0,0, 192.168.1.111,172.217.11.10,0,0,0,0,0, 192.168.1.111,172.217.22.163,0,0,0,0,0, 192.168.1.111,172.217.17.67,0,0,0,0,0, 192.168.1.111,172.217.9.230,QUIC,1,0,77,0, 192.168.1.111,172.217.9.238,0,0,0,0,0, 192.168.1.111,172.217.11.3,0,0,0,0,0, 192.168.1.111,172.217.7.22,0,0,0,0,0, 192.168.1.111,23.206.161.22,0,0,0,0,0, 192.168.1.111,172.217.17.131,0,0,0,0,0, 192.168.1.111,216.58.217.68,0,0,0,0,0, 192.168.1.111,172.217.9.234,0,0,0,0,0, 192.168.1.111,0,0,0,0,0,0, 192.168.1.111,0,0,0,0,0,0, 192.168.1.111,0,0,0,0,0,0, 192.168.1.111,0.0.0.0,0,1,0,82,0,0,0,0,0,0,1526405743962,0.0,6252.241,0,0,0,0,0,0,0,0,0,0.0,0.0,-1
1.2,1,0,547,0, 192.168.1.111,74.125.155.202,0,0,0,0,0, 192.168.1.111,172.217.9.227,0,0,0,0,0, 192.168.1.111,172.217.10.110,QUIC,1,0,547,0, 192.168.1.111,172.217.6.238,0,0,0,0,0, 192.168.1.111,172.217.3.110,0,0,0,0,0, 192.168.1.111,172.217.6.227,0,0,0,0,0, 192.168.1.111,209.85.231.140,0,0,0,0,0, 192.168.1.111,216.58.211.131,0,0,0,0,0, 192.168.1.111,172.217.9.243,0,0,0,0,0, 192.168.1.111,172.217.10.66,0,0,0,0,0, 192.168.1.111,172.217.11.35,0,0,0,0,0, 192.168.1.111,172.217.11.10,0,0,0,0,0, 192.168.1.111,172.217.22.163,0,0,0,0,0, 192.168.1.111,172.217.17.67,0,0,0,0,0, 192.168.1.111,172.217.9.230,0,0,0,0,0, 192.168.1.111,172.217.9.238,0,0,0,0,0, 192.168.1.111,172.217.11.3,0,0,0,0,0, 192.168.1.111,172.217.7.22,0,0,0,0,0, 192.168.1.111,23.206.161.22,0,0,0,0,0, 192.168.1.111,172.217.17.131,0,0,0,0,0, 192.168.1.111,216.58.217.68,0,0,0,0,0, 192.168.1.111,172.217.9.234,0,0,0,0,0, 192.168.1.111,0,0,0,0,0,0, 192.168.1.111,0,0,0,0,0,0, 192.168.1.111,0,0,0,0,0,0, 192.168.1.111,0.0.0.0,0,0,0,0,0,0,0,0,0,0,1526405743962,0.0,6252.241,0,0,0,0,0,0,0,0,0,0.0,0.0,-1
1.3,2,3,786,237, 192.168.1.111,74.125.155.202,0,0,0,0,0, 192.168.1.111,172.217.9.227,0,0,0,0,0, 192.168.1.111,172.217.10.110,QUIC,2,2,786,168, 192.168.1.111,172.217.6.238,0,0,0,0,0, 192.168.1.111,172.217.3.110,0,0,0,0,0, 192.168.1.111,172.217.6.227,0,0,0,0,0, 192.168.1.111,209.85.231.140,0,0,0,0,0, 192.168.1.111,216.58.211.131,0,0,0,0,0, 192.168.1.111,172.217.9.243,0,0,0,0,0, 192.168.1.111,172.217.10.66,0,0,0,0,0, 192.168.1.111,172.217.11.35,0,0,0,0,0, 192.168.1.111,172.217.11.10,0,0,0,0,0, 192.168.1.111,172.217.22.163,0,0,0,0,0, 192.168.1.111,172.217.17.67,0,0,0,0,0, 192.168.1.111,172.217.9.230,QUIC,0,1,0,69, 192.168.1.111,172.217.9.238,0,0,0,0,0, 192.168.1.111,172.217.11.3,0,0,0,0,0, 192.168.1.111,172.217.7.22,0,0,0,0,0, 192.168.1.111,23.206.161.22,0,0,0,0,0, 192.168.1.111,172.217.17.131,0,0,0,0,0, 192.168.1.111,216.58.217.68,0,0,0,0,0, 192.168.1.111,172.217.9.234,0,0,0,0,0, 192.168.1.111,0,0,0,0,0,0, 192.168.1.111,0,0,0,0,0,0, 192.168.1.111,0,0,0,0,0,0, 192.168.1.111,0.0.0.0,0,0,0,0,0,0,0,0,0,0,1526405743962,0.0,6252.241,0,0,0,0,0,0,0,0,0,0.0,0.0,-1
9.699999999999982,5,8,1637,5878, 192.168.1.111,74.125.155.202,QUIC,1,4,87,5568, 192.168.1.111,172.217.9.227,0,0,0,0,0, 192.168.1.111,172.217.10.110,QUIC,3,3,1205,238, 192.168.1.111,172.217.6.238,0,0,0,0,0, 192.168.1.111,172.217.3.110,0,0,0,0,0, 192.168.1.111,172.217.6.227,0,0,0,0,0, 192.168.1.111,209.85.231.140,0,0,0,0,0, 192.168.1.111,216.58.211.131,0,0,0,0,0, 192.168.1.111,172.217.9.243,0,0,0,0,0, 192.168.1.111,172.217.10.66,QUIC,1,1,345,72, 192.168.1.111,172.217.11.35,0,0,0,0,0, 192.168.1.111,172.217.11.10,0,0,0,0,0, 192.168.1.111,172.217.22.163,0,0,0,0,0, 192.168.1.111,172.217.17.67,0,0,0,0,0, 192.168.1.111,172.217.9.230,0,0,0,0,0, 192.168.1.111,172.217.9.238,0,0,0,0,0, 192.168.1.111,172.217.11.3,0,0,0,0,0, 192.168.1.111,172.217.7.22,0,0,0,0,0, 192.168.1.111,23.206.161.22,0,0,0,0,0, 192.168.1.111,172.217.17.131,0,0,0,0,0, 192.168.1.111,216.58.217.68,0,0,0,0,0, 192.168.1.111,172.217.9.234,0,0,0,0,0, 192.168.1.111,0,0,0,0,0,0, 192.168.1.111,0,0,0,0,0,0, 192.168.1.111,0,0,0,0,0,0, 192.168.1.111,0.0.0.0,0,0,0,0,0,0,0,1,0,1526405753486,1526405743962,0.0763950419616699,6252.241,0,0,0,0,0,0,1,0,0,4.8246049580383294,0.00078387893237,true
1799.7999999994586,0,0,0,0, 192.168.1.111,74.125.155.202,0,0,0,0,0, 192.168.1.111,172.217.9.227,0,0,0,0,0, 192.168.1.111,172.217.10.110,0,0,0,0,0, 192.168.1.111,172.217.6.238,0,0,0,0,0, 192.168.1.111,172.217.3.110,0,0,0,0,0, 192.168.1.111,172.217.6.227,0,0,0,0,0, 192.168.1.111,209.85.231.140,0,0,0,0,0, 192.168.1.111,216.58.211.131,0,0,0,0,0, 192.168.1.111,172.217.9.243,0,0,0,0,0, 192.168.1.111,172.217.10.66,0,0,0,0,0, 192.168.1.111,172.217.11.35,0,0,0,0,0, 192.168.1.111,172.217.11.10,0,0,0,0,0, 192.168.1.111,172.217.22.163,0,0,0,0,0, 192.168.1.111,172.217.17.67,0,0,0,0,0, 192.168.1.111,172.217.9.230,0,0,0,0,0, 192.168.1.111,172.217.9.238,0,0,0,0,0, 192.168.1.111,172.217.11.3,0,0,0,0,0, 192.168.1.111,172.217.7.22,0,0,0,0,0, 192.168.1.111,23.206.161.22,0,0,0,0,0, 192.168.1.111,172.217.17.131,0,0,0,0,0, 192.168.1.111,216.58.217.68,0,0,0,0,0, 192.168.1.111,172.217.9.234,0,0,0,0,0, 192.168.1.111,0,0,0,0,0,0, 192.168.1.111,0,0,0,0,0,0, 192.168.1.111,0,0,0,0,0,0, 192.168.1.111,0.0.0.0,0,0,0,0,0,0,0,0,0,0,1526405743962,0.0,6252.241,0,0,0,0,0,0,0,0,0,0.0,0.0,-1
1799.8999999994585,0,0,0,0, 192.168.1.111,74.125.155.202,0,0,0,0,0, 192.168.1.111,172.217.9.227,0,0,0,0,0, 192.168.1.111,172.217.10.110,0,0,0,0,0, 192.168.1.111,172.217.6.238,0,0,0,0,0, 192.168.1.111,172.217.3.110,0,0,0,0,0, 192.168.1.111,172.217.6.227,0,0,0,0,0, 192.168.1.111,209.85.231.140,0,0,0,0,0, 192.168.1.111,216.58.211.131,0,0,0,0,0, 192.168.1.111,172.217.9.243,0,0,0,0,0, 192.168.1.111,172.217.10.66,0,0,0,0,0, 192.168.1.111,172.217.11.35,0,0,0,0,0, 192.168.1.111,172.217.11.10,0,0,0,0,0, 192.168.1.111,172.217.22.163,0,0,0,0,0, 192.168.1.111,172.217.17.67,0,0,0,0,0, 192.168.1.111,172.217.9.230,0,0,0,0,0, 192.168.1.111,172.217.9.238,0,0,0,0,0, 192.168.1.111,172.217.11.3,0,0,0,0,0, 192.168.1.111,172.217.7.22,0,0,0,0,0, 192.168.1.111,23.206.161.22,0,0,0,0,0, 192.168.1.111,172.217.17.131,0,0,0,0,0, 192.168.1.111,216.58.217.68,0,0,0,0,0, 192.168.1.111,172.217.9.234,0,0,0,0,0, 192.168.1.111,0,0,0,0,0,0, 192.168.1.111,0,0,0,0,0,0, 192.168.1.111,0,0,0,0,0,0, 192.168.1.111,0.0.0.0,0,0,0,0,0,0,0,0,0,0,1526405743962,0.0,6252.241,0,0,0,0,0,0,0,0,0,0.0,0.0,-1
1799.9999999994584,0,0,0,0, 192.168.1.111,74.125.155.202,0,0,0,0,0, 192.168.1.111,172.217.9.227,0,0,0,0,0, 192.168.1.111,172.217.10.110,0,0,0,0,0, 192.168.1.111,172.217.6.238,0,0,0,0,0, 192.168.1.111,172.217.3.110,0,0,0,0,0, 192.168.1.111,172.217.6.227,0,0,0,0,0, 192.168.1.111,209.85.231.140,0,0,0,0,0, 192.168.1.111,216.58.211.131,0,0,0,0,0, 192.168.1.111,172.217.9.243,0,0,0,0,0, 192.168.1.111,172.217.10.66,0,0,0,0,0, 192.168.1.111,172.217.11.35,0,0,0,0,0, 192.168.1.111,172.217.11.10,0,0,0,0,0, 192.168.1.111,172.217.22.163,0,0,0,0,0, 192.168.1.111,172.217.17.67,0,0,0,0,0, 192.168.1.111,172.217.9.230,0,0,0,0,0, 192.168.1.111,172.217.9.238,0,0,0,0,0, 192.168.1.111,172.217.11.3,0,0,0,0,0, 192.168.1.111,172.217.7.22,0,0,0,0,0, 192.168.1.111,23.206.161.22,0,0,0,0,0, 192.168.1.111,172.217.17.131,0,0,0,0,0, 192.168.1.111,216.58.217.68,0,0,0,0,0, 192.168.1.111,172.217.9.234,0,0,0,0,0, 192.168.1.111,0,0,0,0,0,0, 192.168.1.111,0,0,0,0,0,0, 192.168.1.111,0,0,0,0,0,0, 192.168.1.111,0.0.0.0,0,0,0,0,0,0,0,0,0,0,1526405743962,0.0,6252.241,0,0,0,0,0,0,0,0,0,0.0,0.0,-1
1800.0999999994583,0,0,0,0, 192.168.1.111,74.125.155.202,0,0,0,0,0, 192.168.1.111,172.217.9.227,0,0,0,0,0, 192.168.1.111,172.217.10.110,0,0,0,0,0, 192.168.1.111,172.217.6.238,0,0,0,0,0, 192.168.1.111,172.217.3.110,0,0,0,0,0, 192.168.1.111,172.217.6.227,0,0,0,0,0, 192.168.1.111,209.85.231.140,0,0,0,0,0, 192.168.1.111,216.58.211.131,0,0,0,0,0, 192.168.1.111,172.217.9.243,0,0,0,0,0, 192.168.1.111,172.217.10.66,0,0,0,0,0, 192.168.1.111,172.217.11.35,0,0,0,0,0, 192.168.1.111,172.217.11.10,0,0,0,0,0, 192.168.1.111,172.217.22.163,0,0,0,0,0, 192.168.1.111,172.217.17.67,0,0,0,0,0, 192.168.1.111,172.217.9.230,0,0,0,0,0, 192.168.1.111,172.217.9.238,0,0,0,0,0, 192.168.1.111,172.217.11.3,0,0,0,0,0, 192.168.1.111,172.217.7.22,0,0,0,0,0, 192.168.1.111,23.206.161.22,0,0,0,0,0, 192.168.1.111,172.217.17.131,0,0,0,0,0, 192.168.1.111,216.58.217.68,0,0,0,0,0, 192.168.1.111,172.217.9.234,0,0,0,0,0, 192.168.1.111,0,0,0,0,0,0, 192.168.1.111,0,0,0,0,0,0, 192.168.1.111,0,0,0,0,0,0, 192.168.1.111,0.0.0.0,0,0,0,0,0,0,0,0,0,0,1526405743962,0.0,6252.241,0,0,0,0,0,0,0,0,0,0.0,0.0,-1
1800.1999999994582,0,0,0,0, 192.168.1.111,74.125.155.202,0,0,0,0,0, 192.168.1.111,172.217.9.227,0,0,0,0,0, 192.168.1.111,172.217.10.110,0,0,0,0,0, 192.168.1.111,172.217.6.238,0,0,0,0,0, 192.168.1.111,172.217.3.110,0,0,0,0,0, 192.168.1.111,172.217.6.227,0,0,0,0,0, 192.168.1.111,209.85.231.140,0,0,0,0,0, 192.168.1.111,216.58.211.131,0,0,0,0,0, 192.168.1.111,172.217.9.243,0,0,0,0,0, 192.168.1.111,172.217.10.66,0,0,0,0,0, 192.168.1.111,172.217.11.35,0,0,0,0,0, 192.168.1.111,172.217.11.10,0,0,0,0,0, 192.168.1.111,172.217.22.163,0,0,0,0,0, 192.168.1.111,172.217.17.67,0,0,0,0,0, 192.168.1.111,172.217.9.230,0,0,0,0,0, 192.168.1.111,172.217.9.238,0,0,0,0,0, 192.168.1.111,172.217.11.3,0,0,0,0,0, 192.168.1.111,172.217.7.22,0,0,0,0,0, 192.168.1.111,23.206.161.22,0,0,0,0,0, 192.168.1.111,172.217.17.131,0,0,0,0,0, 192.168.1.111,216.58.217.68,0,0,0,0,0, 192.168.1.111,172.217.9.234,0,0,0,0,0, 192.168.1.111,0,0,0,0,0,0, 192.168.1.111,0,0,0,0,0,0, 192.168.1.111,0,0,0,0,0,0, 192.168.1.111,0.0.0.0,0,0,0,0,0,0,0,0,0,0,1526405743962,0.0,6252.241,0,0,0,0,0,0,0,0,0,0.0,0.0,-1
1800.299999999458,0,0,0,0, 192.168.1.111,74.125.155.202,0,0,0,0,0, 192.168.1.111,172.217.9.227,0,0,0,0,0, 192.168.1.111,172.217.10.110,0,0,0,0,0, 192.168.1.111,172.217.6.238,0,0,0,0,0, 192.168.1.111,172.217.3.110,0,0,0,0,0, 192.168.1.111,172.217.6.227,0,0,0,0,0, 192.168.1.111,209.85.231.140,0,0,0,0,0, 192.168.1.111,216.58.211.131,0,0,0,0,0, 192.168.1.111,172.217.9.243,0,0,0,0,0, 192.168.1.111,172.217.10.66,0,0,0,0,0, 192.168.1.111,172.217.11.35,0,0,0,0,0, 192.168.1.111,172.217.11.10,0,0,0,0,0, 192.168.1.111,172.217.22.163,0,0,0,0,0, 192.168.1.111,172.217.17.67,0,0,0,0,0, 192.168.1.111,172.217.9.230,0,0,0,0,0, 192.168.1.111,172.217.9.238,0,0,0,0,0, 192.168.1.111,172.217.11.3,0,0,0,0,0, 192.168.1.111,172.217.7.22,0,0,0,0,0, 192.168.1.111,23.206.161.22,0,0,0,0,0, 192.168.1.111,172.217.17.131,0,0,0,0,0, 192.168.1.111,216.58.217.68,0,0,0,0,0, 192.168.1.111,172.217.9.234,0,0,0,0,0, 192.168.1.111,0,0,0,0,0,0, 192.168.1.111,0,0,0,0,0,0, 192.168.1.111,0,0,0,0,0,0, 192.168.1.111,0.0.0.0,0,0,0,0,0,0,0,0,0,0,1526405743962,0.0,6252.241,0,0,0,0,0,0,0,0,0,0.0,0.0,-1
1800.399999999458,0,0,0,0, 192.168.1.111,74.125.155.202,0,0,0,0,0, 192.168.1.111,172.217.9.227,0,0,0,0,0, 192.168.1.111,172.217.10.110,0,0,0,0,0, 192.168.1.111,172.217.6.238,0,0,0,0,0, 192.168.1.111,172.217.3.110,0,0,0,0,0, 192.168.1.111,172.217.6.227,0,0,0,0,0, 192.168.1.111,209.85.231.140,0,0,0,0,0, 192.168.1.111,216.58.211.131,0,0,0,0,0, 192.168.1.111,172.217.9.243,0,0,0,0,0, 192.168.1.111,172.217.10.66,0,0,0,0,0, 192.168.1.111,172.217.11.35,0,0,0,0,0, 192.168.1.111,172.217.11.10,0,0,0,0,0, 192.168.1.111,172.217.22.163,0,0,0,0,0, 192.168.1.111,172.217.17.67,0,0,0,0,0, 192.168.1.111,172.217.9.230,0,0,0,0,0, 192.168.1.111,172.217.9.238,0,0,0,0,0, 192.168.1.111,172.217.11.3,0,0,0,0,0, 192.168.1.111,172.217.7.22,0,0,0,0,0, 192.168.1.111,23.206.161.22,0,0,0,0,0, 192.168.1.111,172.217.17.131,0,0,0,0,0, 192.168.1.111,216.58.217.68,0,0,0,0,0, 192.168.1.111,172.217.9.234,0,0,0,0,0, 192.168.1.111,0,0,0,0,0,0, 192.168.1.111,0,0,0,0,0,0, 192.168.1.111,0,0,0,0,0,0, 192.168.1.111,0.0.0.0,0,0,0,0,0,0,0,0,0,0,1526405743962,0.0,6252.241,0,0,0,0,0,0,0,0,0,0.0,0.0,-1
1800.499999999458,0,0,0,0, 192.168.1.111,74.125.155.202,0,0,0,0,0, 192.168.1.111,172.217.9.227,0,0,0,0,0, 192.168.1.111,172.217.10.110,0,0,0,0,0, 192.168.1.111,172.217.6.238,0,0,0,0,0, 192.168.1.111,172.217.3.110,0,0,0,0,0, 192.168.1.111,172.217.6.227,0,0,0,0,0, 192.168.1.111,209.85.231.140,0,0,0,0,0, 192.168.1.111,216.58.211.131,0,0,0,0,0, 192.168.1.111,172.217.9.243,0,0,0,0,0, 192.168.1.111,172.217.10.66,0,0,0,0,0, 192.168.1.111,172.217.11.35,0,0,0,0,0, 192.168.1.111,172.217.11.10,0,0,0,0,0, 192.168.1.111,172.217.22.163,0,0,0,0,0, 192.168.1.111,172.217.17.67,0,0,0,0,0, 192.168.1.111,172.217.9.230,0,0,0,0,0, 192.168.1.111,172.217.9.238,0,0,0,0,0, 192.168.1.111,172.217.11.3,0,0,0,0,0, 192.168.1.111,172.217.7.22,0,0,0,0,0, 192.168.1.111,23.206.161.22,0,0,0,0,0, 192.168.1.111,172.217.17.131,0,0,0,0,0, 192.168.1.111,216.58.217.68,0,0,0,0,0, 192.168.1.111,172.217.9.234,0,0,0,0,0, 192.168.1.111,0,0,0,0,0,0, 192.168.1.111,0,0,0,0,0,0, 192.168.1.111,0,0,0,0,0,0, 192.168.1.111,0.0.0.0,0,0,0,0,0,0,0,0,0,0,1526405743962,0.0,6252.241,0,0,0,0,0,0,0,0,0,0.0,0.0,-1
1800.599999999458,0,0,0,0, 192.168.1.111,74.125.155.202,0,0,0,0,0, 192.168.1.111,172.217.9.227,0,0,0,0,0, 192.168.1.111,172.217.10.110,0,0,0,0,0, 192.168.1.111,172.217.6.238,0,0,0,0,0, 192.168.1.111,172.217.3.110,0,0,0,0,0, 192.168.1.111,172.217.6.227,0,0,0,0,0, 192.168.1.111,209.85.231.140,0,0,0,0,0, 192.168.1.111,216.58.211.131,0,0,0,0,0, 192.168.1.111,172.217.9.243,0,0,0,0,0, 192.168.1.111,172.217.10.66,0,0,0,0,0, 192.168.1.111,172.217.11.35,0,0,0,0,0, 192.168.1.111,172.217.11.10,0,0,0,0,0, 192.168.1.111,172.217.22.163,0,0,0,0,0, 192.168.1.111,172.217.17.67,0,0,0,0,0, 192.168.1.111,172.217.9.230,0,0,0,0,0, 192.168.1.111,172.217.9.238,0,0,0,0,0, 192.168.1.111,172.217.11.3,0,0,0,0,0, 192.168.1.111,172.217.7.22,0,0,0,0,0, 192.168.1.111,23.206.161.22,0,0,0,0,0, 192.168.1.111,172.217.17.131,0,0,0,0,0, 192.168.1.111,216.58.217.68,0,0,0,0,0, 192.168.1.111,172.217.9.234,0,0,0,0,0, 192.168.1.111,0,0,0,0,0,0, 192.168.1.111,0,0,0,0,0,0, 192.168.1.111,0,0,0,0,0,0, 192.168.1.111,0.0.0.0,0,0,0,0,0,0,0,0,0,0,1526405743962,0.0,6252.241,0,0,0,0,0,0,0,0,0,0.0,0.0,-1
1800.6999999994578,0,0,0,0, 192.168.1.111,74.125.155.202,0,0,0,0,0, 192.168.1.111,172.217.9.227,0,0,0,0,0, 192.168.1.111,172.217.10.110,0,0,0,0,0, 192.168.1.111,172.217.6.238,0,0,0,0,0, 192.168.1.111,172.217.3.110,0,0,0,0,0, 192.168.1.111,172.217.6.227,0,0,0,0,0, 192.168.1.111,209.85.231.140,0,0,0,0,0, 192.168.1.111,216.58.211.131,0,0,0,0,0, 192.168.1.111,172.217.9.243,0,0,0,0,0, 192.168.1.111,172.217.10.66,0,0,0,0,0, 192.168.1.111,172.217.11.35,0,0,0,0,0, 192.168.1.111,172.217.11.10,0,0,0,0,0, 192.168.1.111,172.217.22.163,0,0,0,0,0, 192.168.1.111,172.217.17.67,0,0,0,0,0, 192.168.1.111,172.217.9.230,0,0,0,0,0, 192.168.1.111,172.217.9.238,0,0,0,0,0, 192.168.1.111,172.217.11.3,0,0,0,0,0, 192.168.1.111,172.217.7.22,0,0,0,0,0, 192.168.1.111,23.206.161.22,0,0,0,0,0, 192.168.1.111,172.217.17.131,0,0,0,0,0, 192.168.1.111,216.58.217.68,0,0,0,0,0, 192.168.1.111,172.217.9.234,0,0,0,0,0, 192.168.1.111,0,0,0,0,0,0, 192.168.1.111,0,0,0,0,0,0, 192.168.1.111,0,0,0,0,0,0, 192.168.1.111,0.0.0.0,0,0,0,0,0,0,0,0,0,0,1526405743962,0.0,6252.241,0,0,0,0,0,0,0,0,0,0.0,0.0,-1
1800.7999999994577,0,0,0,0, 192.168.1.111,74.125.155.202,0,0,0,0,0, 192.168.1.111,172.217.9.227,0,0,0,0,0, 192.168.1.111,172.217.10.110,0,0,0,0,0, 192.168.1.111,172.217.6.238,0,0,0,0,0, 192.168.1.111,172.217.3.110,0,0,0,0,0, 192.168.1.111,172.217.6.227,0,0,0,0,0, 192.168.1.111,209.85.231.140,0,0,0,0,0, 192.168.1.111,216.58.211.131,0,0,0,0,0, 192.168.1.111,172.217.9.243,0,0,0,0,0, 192.168.1.111,172.217.10.66,0,0,0,0,0, 192.168.1.111,172.217.11.35,0,0,0,0,0, 192.168.1.111,172.217.11.10,0,0,0,0,0, 192.168.1.111,172.217.22.163,0,0,0,0,0, 192.168.1.111,172.217.17.67,0,0,0,0,0, 192.168.1.111,172.217.9.230,0,0,0,0,0, 192.168.1.111,172.217.9.238,0,0,0,0,0, 192.168.1.111,172.217.11.3,0,0,0,0,0, 192.168.1.111,172.217.7.22,0,0,0,0,0, 192.168.1.111,23.206.161.22,0,0,0,0,0, 192.168.1.111,172.217.17.131,0,0,0,0,0, 192.168.1.111,216.58.217.68,0,0,0,0,0, 192.168.1.111,172.217.9.234,0,0,0,0,0, 192.168.1.111,0,0,0,0,0,0, 192.168.1.111,0,0,0,0,0,0, 192.168.1.111,0,0,0,0,0,0, 192.168.1.111,0.0.0.0,0,0,0,0,0,0,0,0,0,0,1526405743962,0.0,6252.241,0,0,0,0,0,0,0,0,0,0.0,0.0,-1
1800.8999999994576,0,0,0,0, 192.168.1.111,74.125.155.202,0,0,0,0,0, 192.168.1.111,172.217.9.227,0,0,0,0,0, 192.168.1.111,172.217.10.110,0,0,0,0,0, 192.168.1.111,172.217.6.238,0,0,0,0,0, 192.168.1.111,172.217.3.110,0,0,0,0,0, 192.168.1.111,172.217.6.227,0,0,0,0,0, 192.168.1.111,209.85.231.140,0,0,0,0,0, 192.168.1.111,216.58.211.131,0,0,0,0,0, 192.168.1.111,172.217.9.243,0,0,0,0,0, 192.168.1.111,172.217.10.66,0,0,0,0,0, 192.168.1.111,172.217.11.35,0,0,0,0,0, 192.168.1.111,172.217.11.10,0,0,0,0,0, 192.168.1.111,172.217.22.163,0,0,0,0,0, 192.168.1.111,172.217.17.67,0,0,0,0,0, 192.168.1.111,172.217.9.230,0,0,0,0,0, 192.168.1.111,172.217.9.238,0,0,0,0,0, 192.168.1.111,172.217.11.3,0,0,0,0,0, 192.168.1.111,172.217.7.22,0,0,0,0,0, 192.168.1.111,23.206.161.22,0,0,0,0,0, 192.168.1.111,172.217.17.131,0,0,0,0,0, 192.168.1.111,216.58.217.68,0,0,0,0,0, 192.168.1.111,172.217.9.234,0,0,0,0,0, 192.168.1.111,0,0,0,0,0,0, 192.168.1.111,0,0,0,0,0,0, 192.168.1.111,0,0,0,0,0,0, 192.168.1.111,0.0.0.0,0,0,0,0,0,0,0,0,0,0,1526405743962,0.0,6252.241,0,0,0,0,0,0,0,0,0,0.0,0.0,-1
0.0,1,0,79,0, 192.168.1.111,74.125.155.188,0,0,0,0,0, 192.168.1.111,173.194.184.41,0,0,0,0,0, 192.168.1.111,172.217.11.35,0,0,0,0,0, 192.168.1.111,172.217.11.3,0,0,0,0,0, 192.168.1.111,172.217.6.238,0,0,0,0,0, 192.168.1.111,172.217.10.238,0,0,0,0,0, 192.168.1.111,172.217.10.46,0,0,0,0,0, 192.168.1.111,216.58.219.206,0,0,0,0,0, 192.168.1.111,172.217.11.46,0,0,0,0,0, 192.168.1.111,172.217.10.2,0,0,0,0,0, 192.168.1.111,209.85.230.218,0,0,0,0,0, 192.168.1.111,216.58.212.163,0,0,0,0,0, 192.168.1.111,74.125.155.203,0,0,0,0,0, 192.168.1.111,173.194.7.25,0,0,0,0,0, 192.168.1.111,172.217.135.41,0,0,0,0,0, 192.168.1.111,172.217.9.234,0,0,0,0,0, 192.168.1.111,172.217.11.45,0,0,0,0,0, 192.168.1.111,172.217.20.67,0,0,0,0,0, 192.168.1.111,172.217.11.14,0,0,0,0,0, 192.168.1.111,172.217.17.35,0,0,0,0,0, 192.168.1.111,172.217.11.38,0,0,0,0,0, 192.168.1.111,172.217.11.33,0,0,0,0,0, 192.168.1.111,172.217.20.99,0,0,0,0,0, 192.168.1.111,216.58.212.227,0,0,0,0,0, 192.168.1.111,172.217.13.228,0,0,0,0,0, 192.168.1.111,0.0.0.0,0,1,0,79,0,0,0,0,0,0,1526508494082,0.0,2058.621,0,0,0,0,0,0,0,0,0,0.0,0.0,-1
0.1,7,6,4239,4422, 192.168.1.111,74.125.155.188,0,0,0,0,0, 192.168.1.111,173.194.184.41,0,0,0,0,0, 192.168.1.111,172.217.11.35,0,0,0,0,0, 192.168.1.111,172.217.11.3,0,0,0,0,0, 192.168.1.111,172.217.6.238,0,0,0,0,0, 192.168.1.111,172.217.10.238,0,0,0,0,0, 192.168.1.111,172.217.10.46,0,0,0,0,0, 192.168.1.111,216.58.219.206,0,0,0,0,0, 192.168.1.111,172.217.11.46,0,0,0,0,0, 192.168.1.111,172.217.10.2,0,0,0,0,0, 192.168.1.111,209.85.230.218,0,0,0,0,0, 192.168.1.111,216.58.212.163,0,0,0,0,0, 192.168.1.111,74.125.155.203,0,0,0,0,0, 192.168.1.111,173.194.7.25,0,0,0,0,0, 192.168.1.111,172.217.135.41,0,0,0,0,0, 192.168.1.111,172.217.9.234,0,0,0,0,0, 192.168.1.111,172.217.11.45,QUIC,7,5,4239,4327, 192.168.1.111,172.217.20.67,0,0,0,0,0, 192.168.1.111,172.217.11.14,0,0,0,0,0, 192.168.1.111,172.217.17.35,0,0,0,0,0, 192.168.1.111,172.217.11.38,0,0,0,0,0, 192.168.1.111,172.217.11.33,0,0,0,0,0, 192.168.1.111,172.217.20.99,0,0,0,0,0, 192.168.1.111,216.58.212.227,0,0,0,0,0, 192.168.1.111,172.217.13.228,0,0,0,0,0, 192.168.1.111,0.0.0.0,0,0,1,0,95,0,0,0,0,0,1526508494082,0.0,2058.621,0,0,0,0,0,0,0,0,0,0.0,0.0,-1
0.2,3,4,999,2409, 192.168.1.111,74.125.155.188,0,0,0,0,0, 192.168.1.111,173.194.184.41,0,0,0,0,0, 192.168.1.111,172.217.11.35,0,0,0,0,0, 192.168.1.111,172.217.11.3,0,0,0,0,0, 192.168.1.111,172.217.6.238,QUIC,1,1,839,1146, 192.168.1.111,172.217.10.238,0,0,0,0,0, 192.168.1.111,172.217.10.46,0,0,0,0,0, 192.168.1.111,216.58.219.206,0,0,0,0,0, 192.168.1.111,172.217.11.46,0,0,0,0,0, 192.168.1.111,172.217.10.2,0,0,0,0,0, 192.168.1.111,209.85.230.218,0,0,0,0,0, 192.168.1.111,216.58.212.163,0,0,0,0,0, 192.168.1.111,74.125.155.203,0,0,0,0,0, 192.168.1.111,173.194.7.25,0,0,0,0,0, 192.168.1.111,172.217.135.41,0,0,0,0,0, 192.168.1.111,172.217.9.234,0,0,0,0,0, 192.168.1.111,172.217.11.45,QUIC,2,3,160,1263, 192.168.1.111,172.217.20.67,0,0,0,0,0, 192.168.1.111,172.217.11.14,0,0,0,0,0, 192.168.1.111,172.217.17.35,0,0,0,0,0, 192.168.1.111,172.217.11.38,0,0,0,0,0, 192.168.1.111,172.217.11.33,0,0,0,0,0, 192.168.1.111,172.217.20.99,0,0,0,0,0, 192.168.1.111,216.58.212.227,0,0,0,0,0, 192.168.1.111,172.217.13.228,0,0,0,0,0, 192.168.1.111,0.0.0.0,0,0,0,0,0,0,0,0,0,0,1526508494082,0.0,2058.621,0,0,0,0,0,0,0,0,0,0.0,0.0,-1
0.3,4,2,2944,2784, 192.168.1.111,74.125.155.188,0,0,0,0,0, 192.168.1.111,173.194.184.41,0,0,0,0,0, 192.168.1.111,172.217.11.35,QUIC,3,2,2864,2784, 192.168.1.111,172.217.11.3,0,0,0,0,0, 192.168.1.111,172.217.6.238,QUIC,1,0,80,0, 192.168.1.111,172.217.10.238,0,0,0,0,0, 192.168.1.111,172.217.10.46,0,0,0,0,0, 192.168.1.111,216.58.219.206,0,0,0,0,0, 192.168.1.111,172.217.11.46,0,0,0,0,0, 192.168.1.111,172.217.10.2,0,0,0,0,0, 192.168.1.111,209.85.230.218,0,0,0,0,0, 192.168.1.111,216.58.212.163,0,0,0,0,0, 192.168.1.111,74.125.155.203,0,0,0,0,0, 192.168.1.111,173.194.7.25,0,0,0,0,0, 192.168.1.111,172.217.135.41,0,0,0,0,0, 192.168.1.111,172.217.9.234,0,0,0,0,0, 192.168.1.111,172.217.11.45,0,0,0,0,0, 192.168.1.111,172.217.20.67,0,0,0,0,0, 192.168.1.111,172.217.11.14,0,0,0,0,0, 192.168.1.111,172.217.17.35,0,0,0,0,0, 192.168.1.111,172.217.11.38,0,0,0,0,0, 192.168.1.111,172.217.11.33,0,0,0,0,0, 192.168.1.111,172.217.20.99,0,0,0,0,0, 192.168.1.111,216.58.212.227,0,0,0,0,0, 192.168.1.111,172.217.13.228,0,0,0,0,0, 192.168.1.111,0.0.0.0,0,0,0,0,0,0,0,0,0,0,1526508494082,0.0,2058.621,0,0,0,0,0,0,0,0,0,0.0,0.0,-1
0.4,3,4,241,2929, 192.168.1.111,74.125.155.188,0,0,0,0,0, 192.168.1.111,173.194.184.41,0,0,0,0,0, 192.168.1.111,172.217.11.35,QUIC,3,4,241,2929, 192.168.1.111,172.217.11.3,0,0,0,0,0, 192.168.1.111,172.217.6.238,0,0,0,0,0, 192.168.1.111,172.217.10.238,0,0,0,0,0, 192.168.1.111,172.217.10.46,0,0,0,0,0, 192.168.1.111,216.58.219.206,0,0,0,0,0, 192.168.1.111,172.217.11.46,0,0,0,0,0, 192.168.1.111,172.217.10.2,0,0,0,0,0, 192.168.1.111,209.85.230.218,0,0,0,0,0, 192.168.1.111,216.58.212.163,0,0,0,0,0, 192.168.1.111,74.125.155.203,0,0,0,0,0, 192.168.1.111,173.194.7.25,0,0,0,0,0, 192.168.1.111,172.217.135.41,0,0,0,0,0, 192.168.1.111,172.217.9.234,0,0,0,0,0, 192.168.1.111,172.217.11.45,0,0,0,0,0, 192.168.1.111,172.217.20.67,0,0,0,0,0, 192.168.1.111,172.217.11.14,0,0,0,0,0, 192.168.1.111,172.217.17.35,0,0,0,0,0, 192.168.1.111,172.217.11.38,0,0,0,0,0, 192.168.1.111,172.217.11.33,0,0,0,0,0, 192.168.1.111,172.217.20.99,0,0,0,0,0, 192.168.1.111,216.58.212.227,0,0,0,0,0, 192.168.1.111,172.217.13.228,0,0,0,0,0, 192.168.1.111,0.0.0.0,0,0,0,0,0,0,0,0,0,0,1526508494082,0.0,2058.621,0,0,0,0,0,0,0,0,0,0.0,0.0,-1
0.5,0,0,0,0, 192.168.1.111,74.125.155.188,0,0,0,0,0, 192.168.1.111,173.194.184.41,0,0,0,0,0, 192.168.1.111,172.217.11.35,0,0,0,0,0, 192.168.1.111,172.217.11.3,0,0,0,0,0, 192.168.1.111,172.217.6.238,0,0,0,0,0, 192.168.1.111,172.217.10.238,0,0,0,0,0, 192.168.1.111,172.217.10.46,0,0,0,0,0, 192.168.1.111,216.58.219.206,0,0,0,0,0, 192.168.1.111,172.217.11.46,0,0,0,0,0, 192.168.1.111,172.217.10.2,0,0,0,0,0, 192.168.1.111,209.85.230.218,0,0,0,0,0, 192.168.1.111,216.58.212.163,0,0,0,0,0, 192.168.1.111,74.125.155.203,0,0,0,0,0, 192.168.1.111,173.194.7.25,0,0,0,0,0, 192.168.1.111,172.217.135.41,0,0,0,0,0, 192.168.1.111,172.217.9.234,0,0,0,0,0, 192.168.1.111,172.217.11.45,0,0,0,0,0, 192.168.1.111,172.217.20.67,0,0,0,0,0, 192.168.1.111,172.217.11.14,0,0,0,0,0, 192.168.1.111,172.217.17.35,0,0,0,0,0, 192.168.1.111,172.217.11.38,0,0,0,0,0, 192.168.1.111,172.217.11.33,0,0,0,0,0, 192.168.1.111,172.217.20.99,0,0,0,0,0, 192.168.1.111,216.58.212.227,0,0,0,0,0, 192.168.1.111,172.217.13.228,0,0,0,0,0, 192.168.1.111,0.0.0.0,0,0,0,0,0,0,0,0,0,0,1526508494082,0.0,2058.621,0,0,0,0,0,0,0,0,0,0.0,0.0,-1
0.6,0,0,0,0, 192.168.1.111,74.125.155.188,0,0,0,0,0, 192.168.1.111,173.194.184.41,0,0,0,0,0, 192.168.1.111,172.217.11.35,0,0,0,0,0, 192.168.1.111,172.217.11.3,0,0,0,0,0, 192.168.1.111,172.217.6.238,0,0,0,0,0, 192.168.1.111,172.217.10.238,0,0,0,0,0, 192.168.1.111,172.217.10.46,0,0,0,0,0, 192.168.1.111,216.58.219.206,0,0,0,0,0, 192.168.1.111,172.217.11.46,0,0,0,0,0, 192.168.1.111,172.217.10.2,0,0,0,0,0, 192.168.1.111,209.85.230.218,0,0,0,0,0, 192.168.1.111,216.58.212.163,0,0,0,0,0, 192.168.1.111,74.125.155.203,0,0,0,0,0, 192.168.1.111,173.194.7.25,0,0,0,0,0, 192.168.1.111,172.217.135.41,0,0,0,0,0, 192.168.1.111,172.217.9.234,0,0,0,0,0, 192.168.1.111,172.217.11.45,0,0,0,0,0, 192.168.1.111,172.217.20.67,0,0,0,0,0, 192.168.1.111,172.217.11.14,0,0,0,0,0, 192.168.1.111,172.217.17.35,0,0,0,0,0, 192.168.1.111,172.217.11.38,0,0,0,0,0, 192.168.1.111,172.217.11.33,0,0,0,0,0, 192.168.1.111,172.217.20.99,0,0,0,0,0, 192.168.1.111,216.58.212.227,0,0,0,0,0, 192.168.1.111,172.217.13.228,0,0,0,0,0, 192.168.1.111,0.0.0.0,0,0,0,0,0,0,0,0,0,0,1526508494082,0.0,2058.621,0,0,0,0,0,0,0,0,0,0.0,0.0,-1
0.7,0,0,0,0, 192.168.1.111,74.125.155.188,0,0,0,0,0, 192.168.1.111,173.194.184.41,0,0,0,0,0, 192.168.1.111,172.217.11.35,0,0,0,0,0, 192.168.1.111,172.217.11.3,0,0,0,0,0, 192.168.1.111,172.217.6.238,0,0,0,0,0, 192.168.1.111,172.217.10.238,0,0,0,0,0, 192.168.1.111,172.217.10.46,0,0,0,0,0, 192.168.1.111,216.58.219.206,0,0,0,0,0, 192.168.1.111,172.217.11.46,0,0,0,0,0, 192.168.1.111,172.217.10.2,0,0,0,0,0, 192.168.1.111,209.85.230.218,0,0,0,0,0, 192.168.1.111,216.58.212.163,0,0,0,0,0, 192.168.1.111,74.125.155.203,0,0,0,0,0, 192.168.1.111,173.194.7.25,0,0,0,0,0, 192.168.1.111,172.217.135.41,0,0,0,0,0, 192.168.1.111,172.217.9.234,0,0,0,0,0, 192.168.1.111,172.217.11.45,0,0,0,0,0, 192.168.1.111,172.217.20.67,0,0,0,0,0, 192.168.1.111,172.217.11.14,0,0,0,0,0, 192.168.1.111,172.217.17.35,0,0,0,0,0, 192.168.1.111,172.217.11.38,0,0,0,0,0, 192.168.1.111,172.217.11.33,0,0,0,0,0, 192.168.1.111,172.217.20.99,0,0,0,0,0, 192.168.1.111,216.58.212.227,0,0,0,0,0, 192.168.1.111,172.217.13.228,0,0,0,0,0, 192.168.1.111,0.0.0.0,0,0,0,0,0,0,0,0,0,0,1526508494082,0.0,2058.621,0,0,0,0,0,0,0,0,0,0.0,0.0,-1
0.7999999999999999,23,27,15114,29880, 192.168.1.111,74.125.155.188,0,0,0,0,0, 192.168.1.111,173.194.184.41,0,0,0,0,0, 192.168.1.111,172.217.11.35,QUIC,2,2,2784,2784, 192.168.1.111,172.217.11.3,0,0,0,0,0, 192.168.1.111,172.217.6.238,0,0,0,0,0, 192.168.1.111,172.217.10.238,0,0,0,0,0, 192.168.1.111,172.217.10.46,0,0,0,0,0, 192.168.1.111,216.58.219.206,0,0,0,0,0, 192.168.1.111,172.217.11.46,0,0,0,0,0, 192.168.1.111,172.217.10.2,QUIC,2,2,1472,2784, 192.168.1.111,209.85.230.218,0,0,0,0,0, 192.168.1.111,216.58.212.163,0,0,0,0,0, 192.168.1.111,74.125.155.203,QUIC,3,5,1552,5648, 192.168.1.111,173.194.7.25,QUIC,4,6,2944,7040, 192.168.1.111,172.217.135.41,QUIC,4,5,2944,5648, 192.168.1.111,172.217.9.234,0,0,0,0,0, 192.168.1.111,172.217.11.45,0,0,0,0,0, 192.168.1.111,172.217.20.67,0,0,0,0,0, 192.168.1.111,172.217.11.14,0,0,0,0,0, 192.168.1.111,172.217.17.35,0,0,0,0,0, 192.168.1.111,172.217.11.38,QUIC,2,2,1472,2784, 192.168.1.111,172.217.11.33,QUIC,2,2,1472,2784, 192.168.1.111,172.217.20.99,0,0,0,0,0, 192.168.1.111,216.58.212.227,0,0,0,0,0, 192.168.1.111,172.217.13.228,0,0,0,0,0, 192.168.1.111,0.0.0.0,0,4,3,474,408,0,0,0,0,0,1526508494082,0.0,2058.621,0,0,0,0,0,0,0,0,0,0.0,0.0,-1
0.8999999999999999,20,26,7055,15088, 192.168.1.111,74.125.155.188,0,0,0,0,0, 192.168.1.111,173.194.184.41,0,0,0,0,0, 192.168.1.111,172.217.11.35,QUIC,2,3,161,1537, 192.168.1.111,172.217.11.3,0,0,0,0,0, 192.168.1.111,172.217.6.238,QUIC,1,2,239,1464, 192.168.1.111,172.217.10.238,0,0,0,0,0, 192.168.1.111,172.217.10.46,0,0,0,0,0, 192.168.1.111,216.58.219.206,0,0,0,0,0, 192.168.1.111,172.217.11.46,0,0,0,0,0, 192.168.1.111,172.217.10.2,QUIC,3,3,1553,1537, 192.168.1.111,209.85.230.218,0,0,0,0,0, 192.168.1.111,216.58.212.163,0,0,0,0,0, 192.168.1.111,74.125.155.203,QUIC,4,5,1636,3004, 192.168.1.111,173.194.7.25,QUIC,2,3,180,1540, 192.168.1.111,172.217.135.41,QUIC,2,4,180,2932, 192.168.1.111,172.217.9.234,0,0,0,0,0, 192.168.1.111,172.217.11.45,0,0,0,0,0, 192.168.1.111,172.217.20.67,0,0,0,0,0, 192.168.1.111,172.217.11.14,0,0,0,0,0, 192.168.1.111,172.217.17.35,0,0,0,0,0, 192.168.1.111,172.217.11.38,QUIC,3,3,1553,1537, 192.168.1.111,172.217.11.33,QUIC,3,3,1553,1537, 192.168.1.111,172.217.20.99,0,0,0,0,0, 192.168.1.111,216.58.212.227,0,0,0,0,0, 192.168.1.111,172.217.13.228,0,0,0,0,0, 192.168.1.111,0.0.0.0,0,0,0,0,0,0,0,0,0,0,1526508494082,0.0,2058.621,0,0,0,0,0,0,0,0,0,0.0,0.0,-1
1.0,8,14,640,14851, 192.168.1.111,74.125.155.188,0,0,0,0,0, 192.168.1.111,173.194.184.41,0,0,0,0,0, 192.168.1.111,172.217.11.35,0,0,0,0,0, 192.168.1.111,172.217.11.3,0,0,0,0,0, 192.168.1.111,172.217.6.238,QUIC,8,14,640,14851, 192.168.1.111,172.217.10.238,0,0,0,0,0, 192.168.1.111,172.217.10.46,0,0,0,0,0, 192.168.1.111,216.58.219.206,0,0,0,0,0, 192.168.1.111,172.217.11.46,0,0,0,0,0, 192.168.1.111,172.217.10.2,0,0,0,0,0, 192.168.1.111,209.85.230.218,0,0,0,0,0, 192.168.1.111,216.58.212.163,0,0,0,0,0, 192.168.1.111,74.125.155.203,0,0,0,0,0, 192.168.1.111,173.194.7.25,0,0,0,0,0, 192.168.1.111,172.217.135.41,0,0,0,0,0, 192.168.1.111,172.217.9.234,0,0,0,0,0, 192.168.1.111,172.217.11.45,0,0,0,0,0, 192.168.1.111,172.217.20.67,0,0,0,0,0, 192.168.1.111,172.217.11.14,0,0,0,0,0, 192.168.1.111,172.217.17.35,0,0,0,0,0, 192.168.1.111,172.217.11.38,0,0,0,0,0, 192.168.1.111,172.217.11.33,0,0,0,0,0, 192.168.1.111,172.217.20.99,0,0,0,0,0, 192.168.1.111,216.58.212.227,0,0,0,0,0, 192.168.1.111,172.217.13.228,0,0,0,0,0, 192.168.1.111,0.0.0.0,0,0,0,0,0,0,0,0,0,0,1526508494082,0.0,2058.621,0,0,0,0,0,0,0,0,0,0.0,0.0,-1
1.1,0,0,0,0, 192.168.1.111,74.125.155.188,0,0,0,0,0, 192.168.1.111,173.194.184.41,0,0,0,0,0, 192.168.1.111,172.217.11.35,0,0,0,0,0, 192.168.1.111,172.217.11.3,0,0,0,0,0, 192.168.1.111,172.217.6.238,0,0,0,0,0, 192.168.1.111,172.217.10.238,0,0,0,0,0, 192.168.1.111,172.217.10.46,0,0,0,0,0, 192.168.1.111,216.58.219.206,0,0,0,0,0, 192.168.1.111,172.217.11.46,0,0,0,0,0, 192.168.1.111,172.217.10.2,0,0,0,0,0, 192.168.1.111,209.85.230.218,0,0,0,0,0, 192.168.1.111,216.58.212.163,0,0,0,0,0, 192.168.1.111,74.125.155.203,0,0,0,0,0, 192.168.1.111,173.194.7.25,0,0,0,0,0, 192.168.1.111,172.217.135.41,0,0,0,0,0, 192.168.1.111,172.217.9.234,0,0,0,0,0, 192.168.1.111,172.217.11.45,0,0,0,0,0, 192.168.1.111,172.217.20.67,0,0,0,0,0, 192.168.1.111,172.217.11.14,0,0,0,0,0, 192.168.1.111,172.217.17.35,0,0,0,0,0, 192.168.1.111,172.217.11.38,0,0,0,0,0, 192.168.1.111,172.217.11.33,0,0,0,0,0, 192.168.1.111,172.217.20.99,0,0,0,0,0, 192.168.1.111,216.58.212.227,0,0,0,0,0, 192.168.1.111,172.217.13.228,0,0,0,0,0, 192.168.1.111,0.0.0.0,0,0,0,0,0,0,0,0,0,0,1526508494082,0.0,2058.621,0,0,0,0,0,0,0,0,0,0.0,0.0,-1
1.2,1,0,547,0, 192.168.1.111,74.125.155.188,0,0,0,0,0, 192.168.1.111,173.194.184.41,0,0,0,0,0, 192.168.1.111,172.217.11.35,0,0,0,0,0, 192.168.1.111,172.217.11.3,0,0,0,0,0, 192.168.1.111,172.217.6.238,0,0,0,0,0, 192.168.1.111,172.217.10.238,0,0,0,0,0, 192.168.1.111,172.217.10.46,0,0,0,0,0, 192.168.1.111,216.58.219.206,0,0,0,0,0, 192.168.1.111,172.217.11.46,0,0,0,0,0, 192.168.1.111,172.217.10.2,0,0,0,0,0, 192.168.1.111,209.85.230.218,0,0,0,0,0, 192.168.1.111,216.58.212.163,0,0,0,0,0, 192.168.1.111,74.125.155.203,0,0,0,0,0, 192.168.1.111,173.194.7.25,0,0,0,0,0, 192.168.1.111,172.217.135.41,0,0,0,0,0, 192.168.1.111,172.217.9.234,0,0,0,0,0, 192.168.1.111,172.217.11.45,0,0,0,0,0, 192.168.1.111,172.217.20.67,0,0,0,0,0, 192.168.1.111,172.217.11.14,0,0,0,0,0, 192.168.1.111,172.217.17.35,0,0,0,0,0, 192.168.1.111,172.217.11.38,QUIC,1,0,547,0, 192.168.1.111,172.217.11.33,0,0,0,0,0, 192.168.1.111,172.217.20.99,0,0,0,0,0, 192.168.1.111,216.58.212.227,0,0,0,0,0, 192.168.1.111,172.217.13.228,0,0,0,0,0, 192.168.1.111,0.0.0.0,0,0,0,0,0,0,0,0,0,0,1526508494082,0.0,2058.621,0,0,0,0,0,0,0,0,0,0.0,0.0,-1
1.3,1,0,1392,0, 192.168.1.111,74.125.155.188,0,0,0,0,0, 192.168.1.111,173.194.184.41,0,0,0,0,0, 192.168.1.111,172.217.11.35,0,0,0,0,0, 192.168.1.111,172.217.11.3,0,0,0,0,0, 192.168.1.111,172.217.6.238,0,0,0,0,0, 192.168.1.111,172.217.10.238,0,0,0,0,0, 192.168.1.111,172.217.10.46,0,0,0,0,0, 192.168.1.111,216.58.219.206,0,0,0,0,0, 192.168.1.111,172.217.11.46,0,0,0,0,0, 192.168.1.111,172.217.10.2,QUIC,1,0,1392,0, 192.168.1.111,209.85.230.218,0,0,0,0,0, 192.168.1.111,216.58.212.163,0,0,0,0,0, 192.168.1.111,74.125.155.203,0,0,0,0,0, 192.168.1.111,173.194.7.25,0,0,0,0,0, 192.168.1.111,172.217.135.41,0,0,0,0,0, 192.168.1.111,172.217.9.234,0,0,0,0,0, 192.168.1.111,172.217.11.45,0,0,0,0,0, 192.168.1.111,172.217.20.67,0,0,0,0,0, 192.168.1.111,172.217.11.14,0,0,0,0,0, 192.168.1.111,172.217.17.35,0,0,0,0,0, 192.168.1.111,172.217.11.38,0,0,0,0,0, 192.168.1.111,172.217.11.33,0,0,0,0,0, 192.168.1.111,172.217.20.99,0,0,0,0,0, 192.168.1.111,216.58.212.227,0,0,0,0,0, 192.168.1.111,172.217.13.228,0,0,0,0,0, 192.168.1.111,0.0.0.0,0,0,0,0,0,0,0,0,0,0,1526508494082,0.0,2058.621,0,0,0,0,0,0,0,0,0,0.0,0.0,-1
1.4,8,9,2886,7413, 192.168.1.111,74.125.155.188,0,0,0,0,0, 192.168.1.111,173.194.184.41,0,0,0,0,0, 192.168.1.111,172.217.11.35,0,0,0,0,0, 192.168.1.111,172.217.11.3,0,0,0,0,0, 192.168.1.111,172.217.6.238,0,0,0,0,0, 192.168.1.111,172.217.10.238,0,0,0,0,0, 192.168.1.111,172.217.10.46,0,0,0,0,0, 192.168.1.111,216.58.219.206,0,0,0,0,0, 192.168.1.111,172.217.11.46,0,0,0,0,0, 192.168.1.111,172.217.10.2,QUIC,6,6,2256,7033, 192.168.1.111,209.85.230.218,0,0,0,0,0, 192.168.1.111,216.58.212.163,0,0,0,0,0, 192.168.1.111,74.125.155.203,0,0,0,0,0, 192.168.1.111,173.194.7.25,0,0,0,0,0, 192.168.1.111,172.217.135.41,0,0,0,0,0, 192.168.1.111,172.217.9.234,0,0,0,0,0, 192.168.1.111,172.217.11.45,0,0,0,0,0, 192.168.1.111,172.217.20.67,0,0,0,0,0, 192.168.1.111,172.217.11.14,0,0,0,0,0, 192.168.1.111,172.217.17.35,0,0,0,0,0, 192.168.1.111,172.217.11.38,QUIC,2,3,630,380, 192.168.1.111,172.217.11.33,0,0,0,0,0, 192.168.1.111,172.217.20.99,0,0,0,0,0, 192.168.1.111,216.58.212.227,0,0,0,0,0, 192.168.1.111,172.217.13.228,0,0,0,0,0, 192.168.1.111,0.0.0.0,0,0,0,0,0,0,0,0,0,0,1526508494082,0.0,2058.621,0,0,0,0,0,0,0,0,0,0.0,0.0,-1
1.5000000000000002,0,0,0,0, 192.168.1.111,74.125.155.188,0,0,0,0,0, 192.168.1.111,173.194.184.41,0,0,0,0,0, 192.168.1.111,172.217.11.35,0,0,0,0,0, 192.168.1.111,172.217.11.3,0,0,0,0,0, 192.168.1.111,172.217.6.238,0,0,0,0,0, 192.168.1.111,172.217.10.238,0,0,0,0,0, 192.168.1.111,172.217.10.46,0,0,0,0,0, 192.168.1.111,216.58.219.206,0,0,0,0,0, 192.168.1.111,172.217.11.46,0,0,0,0,0, 192.168.1.111,172.217.10.2,0,0,0,0,0, 192.168.1.111,209.85.230.218,0,0,0,0,0, 192.168.1.111,216.58.212.163,0,0,0,0,0, 192.168.1.111,74.125.155.203,0,0,0,0,0, 192.168.1.111,173.194.7.25,0,0,0,0,0, 192.168.1.111,172.217.135.41,0,0,0,0,0, 192.168.1.111,172.217.9.234,0,0,0,0,0, 192.168.1.111,172.217.11.45,0,0,0,0,0, 192.168.1.111,172.217.20.67,0,0,0,0,0, 192.168.1.111,172.217.11.14,0,0,0,0,0, 192.168.1.111,172.217.17.35,0,0,0,0,0, 192.168.1.111,172.217.11.38,0,0,0,0,0, 192.168.1.111,172.217.11.33,0,0,0,0,0, 192.168.1.111,172.217.20.99,0,0,0,0,0, 192.168.1.111,216.58.212.227,0,0,0,0,0, 192.168.1.111,172.217.13.228,0,0,0,0,0, 192.168.1.111,0.0.0.0,0,0,0,0,0,0,0,0,0,0,1526508494082,0.0,2058.621,0,0,0,0,0,0,0,0,0,0.0,0.0,-1
1.6000000000000003,2,5,163,5208, 192.168.1.111,74.125.155.188,0,0,0,0,0, 192.168.1.111,173.194.184.41,0,0,0,0,0, 192.168.1.111,172.217.11.35,0,0,0,0,0, 192.168.1.111,172.217.11.3,0,0,0,0,0, 192.168.1.111,172.217.6.238,0,0,0,0,0, 192.168.1.111,172.217.10.238,0,0,0,0,0, 192.168.1.111,172.217.10.46,0,0,0,0,0, 192.168.1.111,216.58.219.206,0,0,0,0,0, 192.168.1.111,172.217.11.46,0,0,0,0,0, 192.168.1.111,172.217.10.2,QUIC,2,5,163,5208, 192.168.1.111,209.85.230.218,0,0,0,0,0, 192.168.1.111,216.58.212.163,0,0,0,0,0, 192.168.1.111,74.125.155.203,0,0,0,0,0, 192.168.1.111,173.194.7.25,0,0,0,0,0, 192.168.1.111,172.217.135.41,0,0,0,0,0, 192.168.1.111,172.217.9.234,0,0,0,0,0, 192.168.1.111,172.217.11.45,0,0,0,0,0, 192.168.1.111,172.217.20.67,0,0,0,0,0, 192.168.1.111,172.217.11.14,0,0,0,0,0, 192.168.1.111,172.217.17.35,0,0,0,0,0, 192.168.1.111,172.217.11.38,0,0,0,0,0, 192.168.1.111,172.217.11.33,0,0,0,0,0, 192.168.1.111,172.217.20.99,0,0,0,0,0, 192.168.1.111,216.58.212.227,0,0,0,0,0, 192.168.1.111,172.217.13.228,0,0,0,0,0, 192.168.1.111,0.0.0.0,0,0,0,0,0,0,0,0,0,0,1526508494082,0.0,2058.621,0,0,0,0,0,0,0,0,0,0.0,0.0,-1
1.7000000000000004,0,0,0,0, 192.168.1.111,74.125.155.188,0,0,0,0,0, 192.168.1.111,173.194.184.41,0,0,0,0,0, 192.168.1.111,172.217.11.35,0,0,0,0,0, 192.168.1.111,172.217.11.3,0,0,0,0,0, 192.168.1.111,172.217.6.238,0,0,0,0,0, 192.168.1.111,172.217.10.238,0,0,0,0,0, 192.168.1.111,172.217.10.46,0,0,0,0,0, 192.168.1.111,216.58.219.206,0,0,0,0,0, 192.168.1.111,172.217.11.46,0,0,0,0,0, 192.168.1.111,172.217.10.2,0,0,0,0,0, 192.168.1.111,209.85.230.218,0,0,0,0,0, 192.168.1.111,216.58.212.163,0,0,0,0,0, 192.168.1.111,74.125.155.203,0,0,0,0,0, 192.168.1.111,173.194.7.25,0,0,0,0,0, 192.168.1.111,172.217.135.41,0,0,0,0,0, 192.168.1.111,172.217.9.234,0,0,0,0,0, 192.168.1.111,172.217.11.45,0,0,0,0,0, 192.168.1.111,172.217.20.67,0,0,0,0,0, 192.168.1.111,172.217.11.14,0,0,0,0,0, 192.168.1.111,172.217.17.35,0,0,0,0,0, 192.168.1.111,172.217.11.38,0,0,0,0,0, 192.168.1.111,172.217.11.33,0,0,0,0,0, 192.168.1.111,172.217.20.99,0,0,0,0,0, 192.168.1.111,216.58.212.227,0,0,0,0,0, 192.168.1.111,172.217.13.228,0,0,0,0,0, 192.168.1.111,0.0.0.0,0,0,0,0,0,0,0,0,0,0,1526508494082,0.0,2058.621,0,0,0,0,0,0,0,0,0,0.0,0.0,-1
1.8000000000000005,0,0,0,0, 192.168.1.111,74.125.155.188,0,0,0,0,0, 192.168.1.111,173.194.184.41,0,0,0,0,0, 192.168.1.111,172.217.11.35,0,0,0,0,0, 192.168.1.111,172.217.11.3,0,0,0,0,0, 192.168.1.111,172.217.6.238,0,0,0,0,0, 192.168.1.111,172.217.10.238,0,0,0,0,0, 192.168.1.111,172.217.10.46,0,0,0,0,0, 192.168.1.111,216.58.219.206,0,0,0,0,0, 192.168.1.111,172.217.11.46,0,0,0,0,0, 192.168.1.111,172.217.10.2,0,0,0,0,0, 192.168.1.111,209.85.230.218,0,0,0,0,0, 192.168.1.111,216.58.212.163,0,0,0,0,0, 192.168.1.111,74.125.155.203,0,0,0,0,0, 192.168.1.111,173.194.7.25,0,0,0,0,0, 192.168.1.111,172.217.135.41,0,0,0,0,0, 192.168.1.111,172.217.9.234,0,0,0,0,0, 192.168.1.111,172.217.11.45,0,0,0,0,0, 192.168.1.111,172.217.20.67,0,0,0,0,0, 192.168.1.111,172.217.11.14,0,0,0,0,0, 192.168.1.111,172.217.17.35,0,0,0,0,0, 192.168.1.111,172.217.11.38,0,0,0,0,0, 192.168.1.111,172.217.11.33,0,0,0,0,0, 192.168.1.111,172.217.20.99,0,0,0,0,0, 192.168.1.111,216.58.212.227,0,0,0,0,0, 192.168.1.111,172.217.13.228,0,0,0,0,0, 192.168.1.111,0.0.0.0,0,0,0,0,0,0,0,0,0,0,1526508494082,0.0,2058.621,0,0,0,0,0,0,0,0,0,0.0,0.0,-1
1.9000000000000008,4,2,1399,198, 192.168.1.111,74.125.155.188,0,0,0,0,0, 192.168.1.111,173.194.184.41,0,0,0,0,0, 192.168.1.111,172.217.11.35,0,0,0,0,0, 192.168.1.111,172.217.11.3,0,0,0,0,0, 192.168.1.111,172.217.6.238,QUIC,3,1,1317,96, 192.168.1.111,172.217.10.238,0,0,0,0,0, 192.168.1.111,172.217.10.46,0,0,0,0,0, 192.168.1.111,216.58.219.206,0,0,0,0,0, 192.168.1.111,172.217.11.46,0,0,0,0,0, 192.168.1.111,172.217.10.2,0,0,0,0,0, 192.168.1.111,209.85.230.218,0,0,0,0,0, 192.168.1.111,216.58.212.163,0,0,0,0,0, 192.168.1.111,74.125.155.203,0,0,0,0,0, 192.168.1.111,173.194.7.25,0,0,0,0,0, 192.168.1.111,172.217.135.41,0,0,0,0,0, 192.168.1.111,172.217.9.234,0,0,0,0,0, 192.168.1.111,172.217.11.45,0,0,0,0,0, 192.168.1.111,172.217.20.67,0,0,0,0,0, 192.168.1.111,172.217.11.14,0,0,0,0,0, 192.168.1.111,172.217.17.35,0,0,0,0,0, 192.168.1.111,172.217.11.38,0,0,0,0,0, 192.168.1.111,172.217.11.33,0,0,0,0,0, 192.168.1.111,172.217.20.99,0,0,0,0,0, 192.168.1.111,216.58.212.227,0,0,0,0,0, 192.168.1.111,172.217.13.228,0,0,0,0,0, 192.168.1.111,0.0.0.0,0,1,0,82,0,0,0,0,0,0,1526508494082,0.0,2058.621,0,0,0,0,0,0,0,0,0,0.0,0.0,-1
4.300000000000001,2,0,1161,0, 192.168.1.111,74.125.155.188,0,0,0,0,0, 192.168.1.111,173.194.184.41,0,0,0,0,0, 192.168.1.111,172.217.11.35,0,0,0,0,0, 192.168.1.111,172.217.11.3,0,0,0,0,0, 192.168.1.111,172.217.6.238,QUIC,2,0,1161,0, 192.168.1.111,172.217.10.238,0,0,0,0,0, 192.168.1.111,172.217.10.46,0,0,0,0,0, 192.168.1.111,216.58.219.206,0,0,0,0,0, 192.168.1.111,172.217.11.46,0,0,0,0,0, 192.168.1.111,172.217.10.2,0,0,0,0,0, 192.168.1.111,209.85.230.218,0,0,0,0,0, 192.168.1.111,216.58.212.163,0,0,0,0,0, 192.168.1.111,74.125.155.203,0,0,0,0,0, 192.168.1.111,173.194.7.25,0,0,0,0,0, 192.168.1.111,172.217.135.41,0,0,0,0,0, 192.168.1.111,172.217.9.234,0,0,0,0,0, 192.168.1.111,172.217.11.45,0,0,0,0,0, 192.168.1.111,172.217.20.67,0,0,0,0,0, 192.168.1.111,172.217.11.14,0,0,0,0,0, 192.168.1.111,172.217.17.35,0,0,0,0,0, 192.168.1.111,172.217.11.38,0,0,0,0,0, 192.168.1.111,172.217.11.33,0,0,0,0,0, 192.168.1.111,172.217.20.99,0,0,0,0,0, 192.168.1.111,216.58.212.227,0,0,0,0,0, 192.168.1.111,172.217.13.228,0,0,0,0,0, 192.168.1.111,0.0.0.0,0,0,0,0,0,0,0,1,0,1526508497651,1526508494082,0.0302199694824218,2058.621,0,0,0,1,0,0,0,0,0,3.639780030517578,0.0017827467999209,true
1800.0999999994583,0,0,0,0, 192.168.1.111,74.125.155.188,0,0,0,0,0, 192.168.1.111,173.194.184.41,0,0,0,0,0, 192.168.1.111,172.217.11.35,0,0,0,0,0, 192.168.1.111,172.217.11.3,0,0,0,0,0, 192.168.1.111,172.217.6.238,0,0,0,0,0, 192.168.1.111,172.217.10.238,0,0,0,0,0, 192.168.1.111,172.217.10.46,0,0,0,0,0, 192.168.1.111,216.58.219.206,0,0,0,0,0, 192.168.1.111,172.217.11.46,0,0,0,0,0, 192.168.1.111,172.217.10.2,0,0,0,0,0, 192.168.1.111,209.85.230.218,0,0,0,0,0, 192.168.1.111,216.58.212.163,0,0,0,0,0, 192.168.1.111,74.125.155.203,0,0,0,0,0, 192.168.1.111,173.194.7.25,0,0,0,0,0, 192.168.1.111,172.217.135.41,0,0,0,0,0, 192.168.1.111,172.217.9.234,0,0,0,0,0, 192.168.1.111,172.217.11.45,0,0,0,0,0, 192.168.1.111,172.217.20.67,0,0,0,0,0, 192.168.1.111,172.217.11.14,0,0,0,0,0, 192.168.1.111,172.217.17.35,0,0,0,0,0, 192.168.1.111,172.217.11.38,0,0,0,0,0, 192.168.1.111,172.217.11.33,0,0,0,0,0, 192.168.1.111,172.217.20.99,0,0,0,0,0, 192.168.1.111,216.58.212.227,0,0,0,0,0, 192.168.1.111,172.217.13.228,0,0,0,0,0, 192.168.1.111,0.0.0.0,0,0,0,0,0,0,0,0,0,0,1526508494082,0.0,2058.621,0,0,0,0,0,0,0,0,0,0.0,0.0,-1
1800.1999999994582,0,0,0,0, 192.168.1.111,74.125.155.188,0,0,0,0,0, 192.168.1.111,173.194.184.41,0,0,0,0,0, 192.168.1.111,172.217.11.35,0,0,0,0,0, 192.168.1.111,172.217.11.3,0,0,0,0,0, 192.168.1.111,172.217.6.238,0,0,0,0,0, 192.168.1.111,172.217.10.238,0,0,0,0,0, 192.168.1.111,172.217.10.46,0,0,0,0,0, 192.168.1.111,216.58.219.206,0,0,0,0,0, 192.168.1.111,172.217.11.46,0,0,0,0,0, 192.168.1.111,172.217.10.2,0,0,0,0,0, 192.168.1.111,209.85.230.218,0,0,0,0,0, 192.168.1.111,216.58.212.163,0,0,0,0,0, 192.168.1.111,74.125.155.203,0,0,0,0,0, 192.168.1.111,173.194.7.25,0,0,0,0,0, 192.168.1.111,172.217.135.41,0,0,0,0,0, 192.168.1.111,172.217.9.234,0,0,0,0,0, 192.168.1.111,172.217.11.45,0,0,0,0,0, 192.168.1.111,172.217.20.67,0,0,0,0,0, 192.168.1.111,172.217.11.14,0,0,0,0,0, 192.168.1.111,172.217.17.35,0,0,0,0,0, 192.168.1.111,172.217.11.38,0,0,0,0,0, 192.168.1.111,172.217.11.33,0,0,0,0,0, 192.168.1.111,172.217.20.99,0,0,0,0,0, 192.168.1.111,216.58.212.227,0,0,0,0,0, 192.168.1.111,172.217.13.228,0,0,0,0,0, 192.168.1.111,0.0.0.0,0,0,0,0,0,0,0,0,0,0,1526508494082,0.0,2058.621,0,0,0,0,0,0,0,0,0,0.0,0.0,-1
1800.299999999458,0,0,0,0, 192.168.1.111,74.125.155.188,0,0,0,0,0, 192.168.1.111,173.194.184.41,0,0,0,0,0, 192.168.1.111,172.217.11.35,0,0,0,0,0, 192.168.1.111,172.217.11.3,0,0,0,0,0, 192.168.1.111,172.217.6.238,0,0,0,0,0, 192.168.1.111,172.217.10.238,0,0,0,0,0, 192.168.1.111,172.217.10.46,0,0,0,0,0, 192.168.1.111,216.58.219.206,0,0,0,0,0, 192.168.1.111,172.217.11.46,0,0,0,0,0, 192.168.1.111,172.217.10.2,0,0,0,0,0, 192.168.1.111,209.85.230.218,0,0,0,0,0, 192.168.1.111,216.58.212.163,0,0,0,0,0, 192.168.1.111,74.125.155.203,0,0,0,0,0, 192.168.1.111,173.194.7.25,0,0,0,0,0, 192.168.1.111,172.217.135.41,0,0,0,0,0, 192.168.1.111,172.217.9.234,0,0,0,0,0, 192.168.1.111,172.217.11.45,0,0,0,0,0, 192.168.1.111,172.217.20.67,0,0,0,0,0, 192.168.1.111,172.217.11.14,0,0,0,0,0, 192.168.1.111,172.217.17.35,0,0,0,0,0, 192.168.1.111,172.217.11.38,0,0,0,0,0, 192.168.1.111,172.217.11.33,0,0,0,0,0, 192.168.1.111,172.217.20.99,0,0,0,0,0, 192.168.1.111,216.58.212.227,0,0,0,0,0, 192.168.1.111,172.217.13.228,0,0,0,0,0, 192.168.1.111,0.0.0.0,0,0,0,0,0,0,0,0,0,0,1526508494082,0.0,2058.621,0,0,0,0,0,0,0,0,0,0.0,0.0,-1
1800.399999999458,0,0,0,0, 192.168.1.111,74.125.155.188,0,0,0,0,0, 192.168.1.111,173.194.184.41,0,0,0,0,0, 192.168.1.111,172.217.11.35,0,0,0,0,0, 192.168.1.111,172.217.11.3,0,0,0,0,0, 192.168.1.111,172.217.6.238,0,0,0,0,0, 192.168.1.111,172.217.10.238,0,0,0,0,0, 192.168.1.111,172.217.10.46,0,0,0,0,0, 192.168.1.111,216.58.219.206,0,0,0,0,0, 192.168.1.111,172.217.11.46,0,0,0,0,0, 192.168.1.111,172.217.10.2,0,0,0,0,0, 192.168.1.111,209.85.230.218,0,0,0,0,0, 192.168.1.111,216.58.212.163,0,0,0,0,0, 192.168.1.111,74.125.155.203,0,0,0,0,0, 192.168.1.111,173.194.7.25,0,0,0,0,0, 192.168.1.111,172.217.135.41,0,0,0,0,0, 192.168.1.111,172.217.9.234,0,0,0,0,0, 192.168.1.111,172.217.11.45,0,0,0,0,0, 192.168.1.111,172.217.20.67,0,0,0,0,0, 192.168.1.111,172.217.11.14,0,0,0,0,0, 192.168.1.111,172.217.17.35,0,0,0,0,0, 192.168.1.111,172.217.11.38,0,0,0,0,0, 192.168.1.111,172.217.11.33,0,0,0,0,0, 192.168.1.111,172.217.20.99,0,0,0,0,0, 192.168.1.111,216.58.212.227,0,0,0,0,0, 192.168.1.111,172.217.13.228,0,0,0,0,0, 192.168.1.111,0.0.0.0,0,0,0,0,0,0,0,0,0,0,1526508494082,0.0,2058.621,0,0,0,0,0,0,0,0,0,0.0,0.0,-1
1800.499999999458,0,0,0,0, 192.168.1.111,74.125.155.188,0,0,0,0,0, 192.168.1.111,173.194.184.41,0,0,0,0,0, 192.168.1.111,172.217.11.35,0,0,0,0,0, 192.168.1.111,172.217.11.3,0,0,0,0,0, 192.168.1.111,172.217.6.238,0,0,0,0,0, 192.168.1.111,172.217.10.238,0,0,0,0,0, 192.168.1.111,172.217.10.46,0,0,0,0,0, 192.168.1.111,216.58.219.206,0,0,0,0,0, 192.168.1.111,172.217.11.46,0,0,0,0,0, 192.168.1.111,172.217.10.2,0,0,0,0,0, 192.168.1.111,209.85.230.218,0,0,0,0,0, 192.168.1.111,216.58.212.163,0,0,0,0,0, 192.168.1.111,74.125.155.203,0,0,0,0,0, 192.168.1.111,173.194.7.25,0,0,0,0,0, 192.168.1.111,172.217.135.41,0,0,0,0,0, 192.168.1.111,172.217.9.234,0,0,0,0,0, 192.168.1.111,172.217.11.45,0,0,0,0,0, 192.168.1.111,172.217.20.67,0,0,0,0,0, 192.168.1.111,172.217.11.14,0,0,0,0,0, 192.168.1.111,172.217.17.35,0,0,0,0,0, 192.168.1.111,172.217.11.38,0,0,0,0,0, 192.168.1.111,172.217.11.33,0,0,0,0,0, 192.168.1.111,172.217.20.99,0,0,0,0,0, 192.168.1.111,216.58.212.227,0,0,0,0,0, 192.168.1.111,172.217.13.228,0,0,0,0,0, 192.168.1.111,0.0.0.0,0,0,0,0,0,0,0,0,0,0,1526508494082,0.0,2058.621,0,0,0,0,0,0,0,0,0,0.0,0.0,-1
1800.599999999458,0,0,0,0, 192.168.1.111,74.125.155.188,0,0,0,0,0, 192.168.1.111,173.194.184.41,0,0,0,0,0, 192.168.1.111,172.217.11.35,0,0,0,0,0, 192.168.1.111,172.217.11.3,0,0,0,0,0, 192.168.1.111,172.217.6.238,0,0,0,0,0, 192.168.1.111,172.217.10.238,0,0,0,0,0, 192.168.1.111,172.217.10.46,0,0,0,0,0, 192.168.1.111,216.58.219.206,0,0,0,0,0, 192.168.1.111,172.217.11.46,0,0,0,0,0, 192.168.1.111,172.217.10.2,0,0,0,0,0, 192.168.1.111,209.85.230.218,0,0,0,0,0, 192.168.1.111,216.58.212.163,0,0,0,0,0, 192.168.1.111,74.125.155.203,0,0,0,0,0, 192.168.1.111,173.194.7.25,0,0,0,0,0, 192.168.1.111,172.217.135.41,0,0,0,0,0, 192.168.1.111,172.217.9.234,0,0,0,0,0, 192.168.1.111,172.217.11.45,0,0,0,0,0, 192.168.1.111,172.217.20.67,0,0,0,0,0, 192.168.1.111,172.217.11.14,0,0,0,0,0, 192.168.1.111,172.217.17.35,0,0,0,0,0, 192.168.1.111,172.217.11.38,0,0,0,0,0, 192.168.1.111,172.217.11.33,0,0,0,0,0, 192.168.1.111,172.217.20.99,0,0,0,0,0, 192.168.1.111,216.58.212.227,0,0,0,0,0, 192.168.1.111,172.217.13.228,0,0,0,0,0, 192.168.1.111,0.0.0.0,0,0,0,0,0,0,0,0,0,0,1526508494082,0.0,2058.621,0,0,0,0,0,0,0,0,0,0.0,0.0,-1
1800.6999999994578,0,0,0,0, 192.168.1.111,74.125.155.188,0,0,0,0,0, 192.168.1.111,173.194.184.41,0,0,0,0,0, 192.168.1.111,172.217.11.35,0,0,0,0,0, 192.168.1.111,172.217.11.3,0,0,0,0,0, 192.168.1.111,172.217.6.238,0,0,0,0,0, 192.168.1.111,172.217.10.238,0,0,0,0,0, 192.168.1.111,172.217.10.46,0,0,0,0,0, 192.168.1.111,216.58.219.206,0,0,0,0,0, 192.168.1.111,172.217.11.46,0,0,0,0,0, 192.168.1.111,172.217.10.2,0,0,0,0,0, 192.168.1.111,209.85.230.218,0,0,0,0,0, 192.168.1.111,216.58.212.163,0,0,0,0,0, 192.168.1.111,74.125.155.203,0,0,0,0,0, 192.168.1.111,173.194.7.25,0,0,0,0,0, 192.168.1.111,172.217.135.41,0,0,0,0,0, 192.168.1.111,172.217.9.234,0,0,0,0,0, 192.168.1.111,172.217.11.45,0,0,0,0,0, 192.168.1.111,172.217.20.67,0,0,0,0,0, 192.168.1.111,172.217.11.14,0,0,0,0,0, 192.168.1.111,172.217.17.35,0,0,0,0,0, 192.168.1.111,172.217.11.38,0,0,0,0,0, 192.168.1.111,172.217.11.33,0,0,0,0,0, 192.168.1.111,172.217.20.99,0,0,0,0,0, 192.168.1.111,216.58.212.227,0,0,0,0,0, 192.168.1.111,172.217.13.228,0,0,0,0,0, 192.168.1.111,0.0.0.0,0,0,0,0,0,0,0,0,0,0,1526508494082,0.0,2058.621,0,0,0,0,0,0,0,0,0,0.0,0.0,-1
1800.7999999994577,0,0,0,0, 192.168.1.111,74.125.155.188,0,0,0,0,0, 192.168.1.111,173.194.184.41,0,0,0,0,0, 192.168.1.111,172.217.11.35,0,0,0,0,0, 192.168.1.111,172.217.11.3,0,0,0,0,0, 192.168.1.111,172.217.6.238,0,0,0,0,0, 192.168.1.111,172.217.10.238,0,0,0,0,0, 192.168.1.111,172.217.10.46,0,0,0,0,0, 192.168.1.111,216.58.219.206,0,0,0,0,0, 192.168.1.111,172.217.11.46,0,0,0,0,0, 192.168.1.111,172.217.10.2,0,0,0,0,0, 192.168.1.111,209.85.230.218,0,0,0,0,0, 192.168.1.111,216.58.212.163,0,0,0,0,0, 192.168.1.111,74.125.155.203,0,0,0,0,0, 192.168.1.111,173.194.7.25,0,0,0,0,0, 192.168.1.111,172.217.135.41,0,0,0,0,0, 192.168.1.111,172.217.9.234,0,0,0,0,0, 192.168.1.111,172.217.11.45,0,0,0,0,0, 192.168.1.111,172.217.20.67,0,0,0,0,0, 192.168.1.111,172.217.11.14,0,0,0,0,0, 192.168.1.111,172.217.17.35,0,0,0,0,0, 192.168.1.111,172.217.11.38,0,0,0,0,0, 192.168.1.111,172.217.11.33,0,0,0,0,0, 192.168.1.111,172.217.20.99,0,0,0,0,0, 192.168.1.111,216.58.212.227,0,0,0,0,0, 192.168.1.111,172.217.13.228,0,0,0,0,0, 192.168.1.111,0.0.0.0,0,0,0,0,0,0,0,0,0,0,1526508494082,0.0,2058.621,0,0,0,0,0,0,0,0,0,0.0,0.0,-1
1800.8999999994576,0,0,0,0, 192.168.1.111,74.125.155.188,0,0,0,0,0, 192.168.1.111,173.194.184.41,0,0,0,0,0, 192.168.1.111,172.217.11.35,0,0,0,0,0, 192.168.1.111,172.217.11.3,0,0,0,0,0, 192.168.1.111,172.217.6.238,0,0,0,0,0, 192.168.1.111,172.217.10.238,0,0,0,0,0, 192.168.1.111,172.217.10.46,0,0,0,0,0, 192.168.1.111,216.58.219.206,0,0,0,0,0, 192.168.1.111,172.217.11.46,0,0,0,0,0, 192.168.1.111,172.217.10.2,0,0,0,0,0, 192.168.1.111,209.85.230.218,0,0,0,0,0, 192.168.1.111,216.58.212.163,0,0,0,0,0, 192.168.1.111,74.125.155.203,0,0,0,0,0, 192.168.1.111,173.194.7.25,0,0,0,0,0, 192.168.1.111,172.217.135.41,0,0,0,0,0, 192.168.1.111,172.217.9.234,0,0,0,0,0, 192.168.1.111,172.217.11.45,0,0,0,0,0, 192.168.1.111,172.217.20.67,0,0,0,0,0, 192.168.1.111,172.217.11.14,0,0,0,0,0, 192.168.1.111,172.217.17.35,0,0,0,0,0, 192.168.1.111,172.217.11.38,0,0,0,0,0, 192.168.1.111,172.217.11.33,0,0,0,0,0, 192.168.1.111,172.217.20.99,0,0,0,0,0, 192.168.1.111,216.58.212.227,0,0,0,0,0, 192.168.1.111,172.217.13.228,0,0,0,0,0, 192.168.1.111,0.0.0.0,0,0,0,0,0,0,0,0,0,0,1526508494082,0.0,2058.621,0,0,0,0,0,0,0,0,0,0.0,0.0,-1
